# Run number 02 on Fri May  3 15:32:35 2019
# time	TA	TB	TC	TD	T1	T2	T3	T4	DP	P1	P2
    1.2	 22.3	 22.2	 20.0	 22.4	 21.4	 21.7	 21.3	 21.3	-0.000	 6.013	 6.054
    1.4	 22.3	 22.2	 20.0	 22.4	 21.4	 21.7	 21.3	 21.3	-0.001	 6.033	 6.033
    2.2	 22.3	 22.2	 20.0	 22.4	 21.4	 21.7	 21.3	 21.3	-0.000	 6.033	 6.054
    2.9	 22.3	 22.2	 20.0	 22.4	 21.3	 21.7	 21.3	 21.3	-0.001	 6.013	 6.033
    3.7	 22.4	 22.2	 20.0	 22.4	 21.3	 21.6	 21.3	 21.3	-0.000	 6.013	 6.054
    4.4	 22.4	 22.2	 20.0	 22.4	 21.3	 21.7	 21.3	 21.3	-0.000	 6.013	 6.033
    5.2	 22.4	 22.2	 20.0	 22.4	 21.3	 21.7	 21.3	 21.3	-0.000	 6.013	 6.033
    5.9	 22.4	 22.2	 20.0	 22.4	 21.3	 21.6	 21.3	 21.3	-0.001	 6.013	 6.033
    6.7	 22.3	 22.2	 20.0	 22.3	 21.3	 21.6	 21.3	 21.3	-0.000	 6.013	 6.033
    7.5	 22.4	 22.2	 20.0	 22.3	 21.3	 21.7	 21.3	 21.3	-0.000	 6.013	 6.054
    8.2	 22.3	 22.2	 20.0	 22.3	 21.3	 21.6	 21.3	 21.3	-0.000	 6.033	 6.054
    9.0	 22.3	 22.2	 20.0	 22.3	 21.3	 21.6	 21.3	 21.3	-0.000	 6.013	 6.054
    9.7	 22.4	 22.2	 20.0	 22.3	 21.4	 21.6	 21.3	 21.3	-0.001	 6.013	 6.033
   10.5	 22.4	 22.2	 20.0	 22.2	 21.3	 21.6	 21.3	 21.3	-0.000	 6.033	 6.033
   11.2	 22.4	 22.2	 20.0	 22.2	 21.3	 21.6	 21.3	 21.3	-0.000	 6.013	 6.054
   12.0	 22.4	 22.2	 20.0	 22.2	 21.3	 21.7	 21.3	 21.3	-0.000	 6.013	 6.054
   12.7	 22.4	 22.2	 20.0	 22.3	 21.3	 21.6	 21.3	 21.3	-0.001	 6.013	 6.033
   13.5	 22.4	 22.2	 20.0	 22.3	 21.3	 21.6	 21.3	 21.3	-0.000	 6.013	 6.054
   14.3	 22.4	 22.2	 20.0	 22.3	 21.3	 21.6	 21.3	 21.3	-0.001	 6.033	 6.033
   15.0	 22.3	 22.2	 20.0	 22.2	 21.3	 21.6	 21.3	 21.3	-0.000	 6.013	 6.033
   15.8	 22.4	 22.2	 20.0	 22.2	 21.3	 21.7	 21.3	 21.3	-0.000	 6.013	 6.054
   16.5	 22.3	 22.1	 20.0	 22.1	 21.4	 21.7	 21.4	 21.3	-0.000	 6.013	 6.033
   17.3	 22.3	 22.1	 20.0	 22.0	 21.4	 21.7	 21.3	 21.3	-0.000	 6.013	 6.033
   18.1	 22.3	 22.2	 20.0	 22.0	 21.3	 21.6	 21.3	 21.3	-0.001	 6.013	 6.054
   18.9	 22.4	 22.2	 20.0	 21.9	 21.3	 21.7	 21.3	 21.3	-0.000	 6.013	 6.054
   19.6	 22.4	 22.2	 20.0	 21.9	 21.4	 21.7	 21.3	 21.3	-0.001	 6.013	 6.054
   20.4	 22.4	 22.2	 20.0	 21.9	 21.3	 21.7	 21.3	 21.3	-0.000	 6.013	 6.054
   21.2	 22.4	 22.2	 20.0	 21.9	 21.3	 21.7	 21.3	 21.3	-0.001	 6.013	 6.054
   22.0	 22.4	 22.2	 20.0	 22.0	 21.4	 21.6	 21.3	 21.3	-0.001	 6.013	 6.033
   22.8	 22.4	 22.2	 20.0	 22.0	 21.4	 21.6	 21.3	 21.3	-0.001	 6.013	 6.033
   23.5	 22.4	 22.2	 20.0	 22.1	 21.3	 21.6	 21.3	 21.3	-0.000	 6.013	 6.033
   24.3	 22.4	 22.2	 20.0	 22.2	 21.3	 21.6	 21.3	 21.3	-0.001	 6.013	 6.033
   25.1	 22.4	 22.2	 20.0	 22.2	 21.3	 21.6	 21.3	 21.3	 0.149	 6.013	 6.033
   25.9	 22.4	 22.2	 20.0	 22.3	 21.3	 21.6	 21.3	 21.3	 0.140	 6.013	 6.033
   26.6	 22.4	 22.2	 20.0	 22.2	 21.3	 21.6	 21.3	 21.3	 0.139	 6.013	 6.054
   27.4	 22.4	 22.2	 20.0	 22.2	 21.3	 21.6	 21.3	 21.3	 0.139	 6.013	 6.033
   28.2	 22.4	 22.2	 20.0	 22.2	 21.3	 21.6	 21.3	 21.3	 0.137	 6.013	 6.033
   28.9	 22.4	 22.2	 20.0	 22.2	 21.3	 21.6	 21.3	 21.3	 0.135	 6.033	 6.054
   29.7	 22.4	 22.2	 20.0	 22.3	 21.3	 21.6	 21.3	 21.3	 0.134	 6.033	 6.054
   30.4	 22.4	 22.2	 20.0	 22.3	 21.3	 21.6	 21.3	 21.2	 0.134	 6.033	 6.054
   31.2	 22.4	 22.2	 20.0	 22.3	 21.3	 21.6	 21.3	 21.2	 0.139	 6.033	 6.033
   32.0	 22.4	 22.2	 20.0	 22.4	 21.3	 21.6	 21.3	 21.2	 0.137	 6.033	 6.033
   32.7	 22.4	 22.2	 20.0	 22.4	 21.3	 21.6	 21.3	 21.3	 0.136	 6.013	 6.054
   33.5	 22.4	 22.2	 20.0	 22.4	 21.3	 21.6	 21.3	 21.3	 0.142	 6.033	 6.054
   34.2	 22.4	 22.2	 20.0	 22.4	 21.3	 21.6	 21.3	 21.3	 0.139	 6.033	 6.054
   35.0	 22.4	 22.3	 20.0	 22.4	 21.3	 21.6	 21.3	 21.3	 0.136	 6.013	 6.033
   35.8	 22.4	 22.2	 20.0	 22.4	 21.3	 21.6	 21.3	 21.3	 0.136	 6.033	 6.033
   36.5	 22.4	 22.2	 20.0	 22.4	 21.3	 21.6	 21.3	 21.2	 0.135	 6.033	 6.033
   37.3	 22.4	 22.2	 20.0	 22.4	 21.3	 21.6	 21.3	 21.2	 0.134	 6.013	 6.054
   38.0	 22.4	 22.3	 20.0	 22.4	 21.3	 21.6	 21.3	 21.3	 0.133	 6.013	 6.033
   38.8	 22.4	 22.3	 20.0	 22.4	 21.3	 21.6	 21.3	 21.3	 0.136	 6.013	 6.054
   39.6	 22.4	 22.3	 20.0	 22.4	 21.3	 21.6	 21.3	 21.3	 0.137	 6.033	 6.033
   40.3	 22.4	 22.3	 20.0	 22.4	 21.3	 21.6	 21.3	 21.3	 0.137	 6.033	 6.033
   41.1	 22.4	 22.3	 20.0	 22.4	 21.3	 21.6	 21.3	 21.3	 0.139	 6.033	 6.033
   41.8	 22.4	 22.2	 20.0	 22.4	 21.3	 21.6	 21.3	 21.3	 0.136	 6.013	 6.033
   42.6	 22.4	 22.2	 20.0	 22.5	 21.3	 21.6	 21.3	 21.3	 0.140	 6.013	 6.033
   43.4	 22.4	 22.2	 20.0	 22.5	 21.3	 21.6	 21.3	 21.2	 0.136	 6.013	 6.033
   44.1	 22.4	 22.2	 20.0	 22.5	 21.3	 21.6	 21.3	 21.3	 0.140	 6.033	 6.033
   44.9	 22.4	 22.3	 20.0	 22.5	 21.3	 21.6	 21.3	 21.3	 0.136	 6.033	 6.033
   45.6	 22.4	 22.3	 20.0	 22.5	 21.3	 21.6	 21.3	 21.3	 0.141	 6.033	 6.054
   46.4	 22.4	 22.2	 20.0	 22.5	 21.3	 21.6	 21.3	 21.2	 0.138	 6.013	 6.033
   47.2	 22.4	 22.3	 20.0	 22.5	 21.3	 21.6	 21.3	 21.3	 0.138	 6.033	 6.033
   47.9	 22.4	 22.2	 20.0	 22.5	 21.3	 21.6	 21.3	 21.3	 0.131	 6.033	 6.033
   48.7	 22.4	 22.2	 20.0	 22.4	 21.3	 21.7	 21.3	 21.3	 0.141	 6.033	 6.033
   49.4	 22.4	 22.2	 20.0	 22.4	 21.3	 21.6	 21.3	 21.3	 0.137	 6.033	 6.033
   50.2	 22.4	 22.3	 20.0	 22.3	 21.3	 21.7	 21.4	 21.3	 0.137	 6.013	 6.033
   51.0	 22.4	 22.2	 20.0	 22.3	 21.3	 21.6	 21.3	 21.3	 0.135	 6.033	 6.054
   51.7	 22.4	 22.3	 20.0	 22.3	 21.3	 21.7	 21.4	 21.3	 0.137	 6.013	 6.033
   52.5	 22.4	 22.2	 20.0	 22.2	 21.3	 21.6	 21.3	 21.3	 0.136	 6.013	 6.054
   53.2	 22.4	 22.2	 20.0	 22.2	 21.3	 21.7	 21.3	 21.3	 0.134	 6.033	 6.033
   54.0	 22.4	 22.2	 20.0	 22.2	 21.3	 21.7	 21.3	 21.3	 0.136	 6.033	 6.054
   54.8	 22.4	 22.2	 20.0	 22.2	 21.3	 21.6	 21.3	 21.3	 0.145	 6.013	 6.054
   55.6	 22.4	 22.2	 20.0	 22.2	 21.3	 21.6	 21.3	 21.3	 0.139	 6.033	 6.033
   56.4	 22.4	 22.2	 20.0	 22.2	 21.3	 21.7	 21.3	 21.3	 0.139	 6.013	 6.033
   57.2	 22.4	 22.2	 20.0	 22.1	 21.3	 21.7	 21.3	 21.3	 0.141	 6.013	 6.054
   57.9	 22.4	 22.2	 20.0	 22.0	 21.3	 21.7	 21.4	 21.3	 0.138	 6.033	 6.054
   58.7	 22.4	 22.2	 20.0	 22.0	 21.3	 21.7	 21.4	 21.3	 0.135	 6.033	 6.054
   59.4	 22.4	 22.2	 20.0	 21.9	 21.3	 21.7	 21.4	 21.3	 0.133	 6.013	 6.033
   60.2	 22.4	 22.2	 20.0	 21.9	 21.4	 21.7	 21.4	 21.3	 0.142	 6.013	 6.054
   61.0	 22.4	 22.2	 20.0	 21.9	 21.4	 21.7	 21.4	 21.3	 0.141	 6.013	 6.033
   61.7	 22.4	 22.2	 20.0	 21.9	 21.4	 21.7	 21.4	 21.3	 0.136	 6.013	 6.054
   62.5	 22.4	 22.2	 20.0	 21.9	 21.4	 21.7	 21.4	 21.3	 0.137	 6.033	 6.054
   63.2	 22.4	 22.2	 20.0	 21.9	 21.4	 21.7	 21.4	 21.3	 0.139	 6.013	 6.054
   64.0	 22.4	 22.2	 20.0	 22.0	 21.4	 21.7	 21.4	 21.3	 0.135	 6.013	 6.033
   64.8	 22.4	 22.2	 20.0	 22.0	 21.4	 21.7	 21.4	 21.3	 0.130	 6.013	 6.054
   65.5	 22.4	 22.2	 20.0	 22.1	 21.4	 21.7	 21.4	 21.3	 0.140	 6.013	 6.033
   66.3	 22.4	 22.2	 20.0	 22.1	 21.3	 21.7	 21.4	 21.3	 0.139	 6.013	 6.033
   67.0	 22.4	 22.2	 20.0	 22.1	 21.3	 21.7	 21.4	 21.3	 0.139	 6.033	 6.033
   67.8	 22.4	 22.2	 20.0	 22.1	 21.3	 21.7	 21.4	 21.3	 0.140	 6.033	 6.054
   68.6	 22.4	 22.2	 20.0	 22.2	 21.3	 21.7	 21.4	 21.3	 0.137	 6.013	 6.054
   69.3	 22.4	 22.2	 20.0	 22.2	 21.3	 21.7	 21.4	 21.3	 0.136	 6.013	 6.054
   70.1	 22.4	 22.2	 20.0	 22.2	 21.3	 21.7	 21.4	 21.3	 0.141	 6.013	 6.033
   70.8	 22.4	 22.2	 20.0	 22.3	 21.3	 21.7	 21.4	 21.3	 0.136	 6.033	 6.054
   71.6	 22.4	 22.2	 20.0	 22.3	 21.3	 21.7	 21.4	 21.3	 0.141	 6.013	 6.054
   72.4	 22.4	 22.2	 20.0	 22.3	 21.4	 21.7	 21.4	 21.3	 0.139	 6.033	 6.033
   73.1	 22.4	 22.2	 20.0	 22.3	 21.4	 21.7	 21.4	 21.3	 0.134	 6.033	 6.033
   73.9	 22.4	 22.2	 20.0	 22.3	 21.4	 21.7	 21.4	 21.4	 0.136	 6.033	 6.054
   74.6	 22.4	 22.2	 20.0	 22.3	 21.4	 21.7	 21.4	 21.4	 0.137	 6.013	 6.054
   75.4	 22.4	 22.2	 20.0	 22.2	 21.4	 21.7	 21.4	 21.3	 0.139	 6.013	 6.033
   76.2	 22.4	 22.2	 20.0	 22.2	 21.4	 21.7	 21.4	 21.3	 0.138	 6.033	 6.033
   76.9	 22.4	 22.2	 20.0	 22.2	 21.4	 21.7	 21.4	 21.3	 0.136	 6.013	 6.033
   77.7	 22.4	 22.2	 20.0	 22.2	 21.4	 21.7	 21.4	 21.3	 0.142	 6.033	 6.054
   78.4	 22.4	 22.2	 20.0	 22.1	 21.4	 21.7	 21.4	 21.3	 0.136	 6.033	 6.054
   79.2	 22.4	 22.2	 20.0	 22.1	 21.4	 21.7	 21.4	 21.3	 0.139	 6.013	 6.033
   80.0	 22.4	 22.2	 20.0	 22.1	 21.3	 21.7	 21.4	 21.3	 0.138	 6.033	 6.033
   80.7	 22.4	 22.2	 20.0	 22.0	 21.3	 21.7	 21.4	 21.3	 0.132	 6.033	 6.054
   81.5	 22.5	 22.2	 20.0	 22.0	 21.4	 21.7	 21.4	 21.3	 0.134	 6.033	 6.033
   82.2	 22.5	 22.2	 20.0	 22.0	 21.4	 21.7	 21.4	 21.3	 0.136	 6.033	 6.033
   83.0	 22.4	 22.2	 20.0	 22.0	 21.3	 21.7	 21.4	 21.3	 0.143	 6.033	 6.054
   83.8	 22.4	 22.2	 20.0	 22.0	 21.3	 21.7	 21.4	 21.3	 0.135	 6.033	 6.054
   84.5	 22.4	 22.2	 20.0	 22.0	 21.3	 21.7	 21.4	 21.3	 0.131	 6.013	 6.054
   85.3	 22.5	 22.2	 20.0	 22.0	 21.3	 21.7	 21.4	 21.3	 0.137	 6.033	 6.033
   86.1	 22.5	 22.2	 20.0	 22.0	 21.3	 21.7	 21.4	 21.3	 0.136	 6.033	 6.054
   86.8	 22.5	 22.2	 20.0	 21.9	 21.3	 21.7	 21.4	 21.3	 0.140	 6.033	 6.033
   87.6	 22.5	 22.3	 20.0	 21.9	 21.3	 21.7	 21.4	 21.3	 0.140	 6.033	 6.033
   88.3	 22.5	 22.3	 20.0	 21.9	 21.3	 21.7	 21.3	 21.3	 0.141	 6.033	 6.033
   89.1	 22.5	 22.3	 20.0	 21.9	 21.3	 21.7	 21.3	 21.3	 0.136	 6.033	 6.054
   89.9	 22.5	 22.3	 20.0	 21.9	 21.3	 21.6	 21.3	 21.3	 0.140	 6.013	 6.033
   90.6	 22.5	 22.3	 20.0	 21.9	 21.3	 21.7	 21.3	 21.3	 0.131	 6.013	 6.054
   91.4	 22.5	 22.3	 20.0	 21.9	 21.3	 21.6	 21.3	 21.3	 0.136	 6.033	 6.054
   92.1	 22.5	 22.3	 20.0	 21.9	 21.3	 21.7	 21.3	 21.3	 0.136	 6.033	 6.054
   92.9	 22.5	 22.3	 20.0	 22.0	 21.3	 21.7	 21.3	 21.3	 0.145	 6.013	 6.054
   93.7	 22.5	 22.3	 20.0	 22.0	 21.3	 21.6	 21.3	 21.3	 0.138	 6.033	 6.054
   94.4	 22.4	 22.3	 20.0	 22.0	 21.3	 21.7	 21.3	 21.3	 0.129	 6.033	 6.054
   95.2	 22.4	 22.3	 20.0	 22.0	 21.3	 21.7	 21.4	 21.3	 0.138	 6.013	 6.033
   96.0	 22.4	 22.3	 20.0	 22.0	 21.3	 21.7	 21.3	 21.3	 0.136	 6.013	 6.033
   96.7	 22.4	 22.3	 20.0	 22.0	 21.3	 21.7	 21.3	 21.3	 0.136	 6.013	 6.033
   97.5	 22.4	 22.3	 20.0	 22.0	 21.3	 21.6	 21.3	 21.3	 0.137	 6.013	 6.033
   98.3	 22.4	 22.3	 20.0	 22.0	 21.3	 21.7	 21.3	 21.3	 0.134	 6.033	 6.054
   99.0	 22.4	 22.3	 20.0	 22.0	 21.3	 21.7	 21.3	 21.3	 0.138	 6.033	 6.054
   99.8	 22.4	 22.3	 20.0	 22.0	 21.3	 21.7	 21.4	 21.3	 0.128	 6.033	 6.033
  100.5	 22.4	 22.3	 20.0	 22.1	 21.3	 21.7	 21.4	 21.3	 0.003	 6.033	 6.033
  101.3	 22.4	 22.3	 20.0	 22.1	 21.3	 21.7	 21.3	 21.3	-0.006	 6.033	 6.054
  102.1	 22.4	 22.3	 20.0	 22.1	 21.3	 21.7	 21.4	 21.3	-0.018	 6.033	 6.054
  102.8	 22.4	 22.3	 20.0	 22.1	 21.3	 21.7	 21.3	 21.3	-0.015	 6.033	 6.054
  103.6	 22.4	 22.3	 20.0	 22.0	 21.3	 21.6	 21.3	 21.3	-0.010	 6.033	 6.054
  104.3	 22.4	 22.2	 20.0	 22.1	 21.3	 21.6	 21.3	 21.3	-0.005	 6.013	 6.054
  105.1	 22.4	 22.3	 20.0	 22.2	 21.3	 21.7	 21.3	 21.3	-0.002	 6.033	 6.054
  105.9	 22.4	 22.3	 20.0	 22.3	 21.3	 21.6	 21.3	 21.3	-0.001	 6.013	 6.033
  106.6	 22.4	 22.3	 20.0	 22.3	 21.3	 21.6	 21.3	 21.3	-0.000	 6.033	 6.054
  107.4	 22.4	 22.3	 20.0	 22.3	 21.3	 21.6	 21.3	 21.3	-0.000	 6.033	 6.033
  108.2	 22.4	 22.3	 20.0	 22.4	 21.3	 21.7	 21.3	 21.3	-0.000	 6.033	 6.054
  108.9	 22.4	 22.3	 20.0	 22.4	 21.3	 21.7	 21.3	 21.3	-0.000	 6.033	 6.033
  109.7	 22.4	 22.3	 20.0	 22.4	 21.3	 21.7	 21.4	 21.3	-0.000	 6.033	 6.054
  110.4	 22.5	 22.3	 20.0	 22.4	 21.3	 21.7	 21.4	 21.3	-0.001	 6.033	 6.033
  111.2	 22.4	 22.3	 20.0	 22.4	 21.4	 21.7	 21.4	 21.3	-0.001	 6.033	 6.054
  112.0	 22.4	 22.3	 20.0	 22.4	 21.4	 21.7	 21.4	 21.3	-0.001	 6.033	 6.054
  112.7	 22.4	 22.3	 20.0	 22.4	 21.4	 21.7	 21.4	 21.3	-0.001	 6.013	 6.054
  113.5	 22.4	 22.3	 20.0	 22.4	 21.4	 21.7	 21.4	 21.3	-0.001	 6.013	 6.054
  114.3	 22.4	 22.3	 20.0	 22.4	 21.4	 21.7	 21.4	 21.3	-0.000	 6.033	 6.054
  115.0	 22.4	 22.3	 20.0	 22.3	 21.4	 21.7	 21.4	 21.3	-0.000	 6.033	 6.054
  115.8	 22.4	 22.3	 20.0	 22.4	 21.3	 21.7	 21.4	 21.3	-0.000	 6.013	 6.054
  116.6	 22.4	 22.3	 20.0	 22.4	 21.3	 21.7	 21.4	 21.3	-0.000	 6.033	 6.033
  117.3	 22.4	 22.3	 20.0	 22.4	 21.4	 21.7	 21.4	 21.3	-0.001	 6.013	 6.054
  118.1	 22.4	 22.3	 20.0	 22.3	 21.3	 21.7	 21.4	 21.3	-0.001	 6.033	 6.054
  118.8	 22.4	 22.3	 20.0	 22.3	 21.4	 21.7	 21.4	 21.3	-0.000	 6.013	 6.054
  119.6	 22.4	 22.3	 20.0	 22.3	 21.4	 21.7	 21.4	 21.3	-0.000	 6.033	 6.054
  120.4	 22.4	 22.3	 20.0	 22.2	 21.4	 21.7	 21.4	 21.3	-0.001	 6.033	 6.054
  121.1	 22.4	 22.3	 20.0	 22.2	 21.4	 21.7	 21.4	 21.3	-0.000	 6.013	 6.033
  121.9	 22.4	 22.3	 20.0	 22.2	 21.4	 21.7	 21.4	 21.4	-0.001	 6.013	 6.033
  122.7	 22.4	 22.3	 20.0	 22.1	 21.4	 21.8	 21.4	 21.4	-0.000	 6.013	 6.054
  123.4	 22.4	 22.3	 20.0	 22.1	 21.4	 21.7	 21.4	 21.4	-0.000	 6.013	 6.054
  124.2	 22.4	 22.3	 20.0	 22.2	 21.4	 21.8	 21.4	 21.4	-0.000	 6.033	 6.033
  125.0	 22.4	 22.2	 20.0	 22.2	 21.4	 21.7	 21.4	 21.4	-0.000	 6.013	 6.054
  125.7	 22.4	 22.3	 20.0	 22.3	 21.4	 21.8	 21.4	 21.4	-0.000	 6.013	 6.054
  126.5	 22.4	 22.2	 20.0	 22.2	 21.4	 21.8	 21.4	 21.4	-0.000	 6.033	 6.054
  127.3	 22.4	 22.3	 20.0	 22.2	 21.4	 21.8	 21.4	 21.4	-0.001	 6.033	 6.054
  128.0	 22.4	 22.3	 20.0	 22.2	 21.4	 21.8	 21.4	 21.3	-0.000	 6.013	 6.033
  128.8	 22.4	 22.3	 20.0	 22.2	 21.4	 21.7	 21.4	 21.4	-0.001	 6.013	 6.054
  129.6	 22.4	 22.3	 20.0	 22.1	 21.4	 21.7	 21.4	 21.4	-0.001	 6.033	 6.054
  130.3	 22.4	 22.3	 20.0	 22.0	 21.4	 21.7	 21.4	 21.4	-0.001	 6.013	 6.054
  131.1	 22.4	 22.3	 20.0	 22.0	 21.4	 21.7	 21.4	 21.3	-0.001	 6.013	 6.054
  131.8	 22.4	 22.3	 20.0	 22.0	 21.4	 21.7	 21.4	 21.4	-0.000	 6.013	 6.054
  132.6	 22.4	 22.3	 20.0	 22.0	 21.4	 21.7	 21.4	 21.3	-0.001	 6.033	 6.054
  133.4	 22.4	 22.2	 20.0	 22.0	 21.4	 21.7	 21.4	 21.4	-0.000	 6.013	 6.054
  134.1	 22.4	 22.3	 20.0	 22.0	 21.4	 21.7	 21.4	 21.4	-0.000	 6.033	 6.054
  134.9	 22.4	 22.2	 20.0	 22.0	 21.4	 21.8	 21.4	 21.4	-0.000	 6.013	 6.054
  135.7	 22.4	 22.2	 20.0	 22.0	 21.4	 21.8	 21.4	 21.4	-0.000	 6.013	 6.054
  136.4	 22.4	 22.2	 20.0	 22.0	 21.4	 21.8	 21.4	 21.4	-0.000	 6.033	 6.054
  137.2	 22.4	 22.2	 20.0	 22.0	 21.4	 21.8	 21.4	 21.4	-0.000	 6.033	 6.033
  138.0	 22.4	 22.2	 20.0	 22.0	 21.4	 21.7	 21.4	 21.4	-0.000	 6.013	 6.054
  138.7	 22.4	 22.2	 20.0	 22.0	 21.4	 21.7	 21.4	 21.4	-0.000	 6.013	 6.054
  139.5	 22.4	 22.2	 20.0	 22.0	 21.4	 21.7	 21.4	 21.4	-0.001	 6.033	 6.054
  140.3	 22.4	 22.2	 20.0	 22.0	 21.4	 21.7	 21.4	 21.4	-0.000	 6.033	 6.033
  141.0	 22.4	 22.2	 20.0	 22.0	 21.4	 21.7	 21.4	 21.4	-0.000	 6.033	 6.054
  141.8	 22.4	 22.2	 20.0	 22.0	 21.4	 21.7	 21.4	 21.4	-0.000	 6.033	 6.054
  142.6	 22.4	 22.3	 20.0	 22.0	 21.4	 21.7	 21.4	 21.4	-0.000	 6.033	 6.033
  143.3	 22.4	 22.2	 20.0	 22.1	 21.4	 21.7	 21.4	 21.4	-0.000	 6.013	 6.054
  144.1	 22.4	 22.2	 20.0	 22.2	 21.4	 21.7	 21.4	 21.4	-0.000	 6.033	 6.033
  144.9	 22.4	 22.3	 20.0	 22.2	 21.4	 21.7	 21.4	 21.3	-0.001	 6.033	 6.054
  145.6	 22.4	 22.3	 20.0	 22.2	 21.4	 21.7	 21.4	 21.3	-0.000	 6.013	 6.054
  146.4	 22.4	 22.2	 20.0	 22.2	 21.4	 21.7	 21.4	 21.3	-0.001	 6.013	 6.054
  147.2	 22.4	 22.3	 20.0	 22.2	 21.4	 21.7	 21.4	 21.3	-0.000	 6.013	 6.054
  147.9	 22.4	 22.3	 20.0	 22.2	 21.4	 21.7	 21.4	 21.3	-0.000	 6.033	 6.033
  148.7	 22.4	 22.3	 20.0	 22.2	 21.4	 21.7	 21.4	 21.3	-0.001	 6.013	 6.054
  149.5	 22.4	 22.3	 20.0	 22.2	 21.4	 21.7	 21.4	 21.3	-0.000	 6.033	 6.033
  150.2	 22.4	 22.3	 20.0	 22.2	 21.4	 21.7	 21.4	 21.3	-0.000	 6.033	 6.054
  151.0	 22.4	 22.3	 20.0	 22.2	 21.3	 21.7	 21.4	 21.4	-0.000	 6.033	 6.054
  151.7	 22.4	 22.3	 20.0	 22.2	 21.4	 21.7	 21.4	 21.3	-0.001	 6.033	 6.054
  152.5	 22.4	 22.3	 20.0	 22.1	 21.3	 21.7	 21.4	 21.3	-0.000	 6.033	 6.054
  153.3	 22.4	 22.3	 20.0	 22.1	 21.3	 21.7	 21.4	 21.3	-0.000	 6.013	 6.033
  154.0	 22.4	 22.3	 20.0	 22.1	 21.3	 21.7	 21.4	 21.4	-0.000	 6.013	 6.054
  154.8	 22.4	 22.3	 20.0	 22.0	 21.4	 21.7	 21.4	 21.3	-0.001	 6.013	 6.054
  155.6	 22.4	 22.3	 20.0	 22.0	 21.3	 21.7	 21.4	 21.3	-0.000	 6.033	 6.054
  156.4	 22.4	 22.3	 20.0	 22.0	 21.3	 21.7	 21.4	 21.3	-0.001	 6.013	 6.054
  157.1	 22.4	 22.3	 20.0	 21.9	 21.3	 21.7	 21.4	 21.3	-0.000	 6.033	 6.054
  157.9	 22.4	 22.3	 20.0	 21.9	 21.3	 21.7	 21.4	 21.3	-0.001	 6.013	 6.033
  158.7	 22.4	 22.3	 20.0	 21.9	 21.3	 21.7	 21.4	 21.3	-0.001	 6.033	 6.054
  159.4	 22.4	 22.3	 20.0	 22.0	 21.3	 21.7	 21.4	 21.3	-0.000	 6.033	 6.033
  160.2	 22.4	 22.3	 20.0	 22.0	 21.3	 21.7	 21.4	 21.3	-0.000	 6.013	 6.054
  161.0	 22.4	 22.3	 20.0	 22.0	 21.4	 21.7	 21.4	 21.4	-0.001	 6.013	 6.054
  161.7	 22.4	 22.3	 20.0	 22.0	 21.3	 21.7	 21.4	 21.3	-0.000	 6.033	 6.054
  162.5	 22.4	 22.3	 20.0	 22.0	 21.3	 21.7	 21.4	 21.3	-0.000	 6.013	 6.033
  163.3	 22.4	 22.3	 20.0	 22.1	 21.4	 21.7	 21.4	 21.3	-0.000	 6.033	 6.054
  164.0	 22.4	 22.3	 20.0	 22.1	 21.3	 21.7	 21.4	 21.3	-0.000	 6.033	 6.054
  164.8	 22.4	 22.3	 20.0	 22.1	 21.3	 21.7	 21.4	 21.3	-0.001	 6.033	 6.033
  165.6	 22.4	 22.3	 20.0	 22.1	 21.3	 21.7	 21.4	 21.3	-0.000	 6.013	 6.033
  166.3	 22.4	 22.3	 20.0	 22.1	 21.3	 21.7	 21.4	 21.3	-0.000	 6.013	 6.054
  167.1	 22.4	 22.3	 20.0	 22.2	 21.3	 21.7	 21.4	 21.4	-0.000	 6.013	 6.054
  167.9	 22.4	 22.3	 20.0	 22.2	 21.3	 21.7	 21.4	 21.3	-0.000	 6.013	 6.054
  168.6	 22.4	 22.3	 20.0	 22.2	 21.3	 21.7	 21.4	 21.3	-0.000	 6.013	 6.054
  169.4	 22.4	 22.3	 20.0	 22.2	 21.4	 21.7	 21.4	 21.3	-0.000	 6.033	 6.054
  170.2	 22.4	 22.3	 20.0	 22.2	 21.3	 21.7	 21.4	 21.3	-0.000	 6.013	 6.054
  170.9	 22.4	 22.3	 20.0	 22.3	 21.3	 21.7	 21.4	 21.3	-0.000	 6.013	 6.033
  171.7	 22.4	 22.2	 20.0	 22.3	 21.3	 21.7	 21.4	 21.3	-0.000	 6.013	 6.054
  172.5	 22.4	 22.3	 20.0	 22.3	 21.3	 21.7	 21.4	 21.3	-0.000	 6.033	 6.054
  173.2	 22.4	 22.3	 20.0	 22.3	 21.4	 21.7	 21.4	 21.3	-0.000	 6.013	 6.054
  174.0	 22.4	 22.3	 20.0	 22.3	 21.4	 21.7	 21.4	 21.4	-0.000	 6.013	 6.054
  174.8	 22.4	 22.3	 20.0	 22.3	 21.4	 21.8	 21.4	 21.4	-0.000	 6.033	 6.033
  175.5	 22.4	 22.3	 20.0	 22.2	 21.4	 21.8	 21.4	 21.4	-0.000	 6.013	 6.033
  176.3	 22.4	 22.3	 20.0	 22.2	 21.4	 21.8	 21.4	 21.4	-0.000	 6.033	 6.033
  177.1	 22.4	 22.3	 20.0	 22.2	 21.4	 21.8	 21.4	 21.4	-0.000	 6.033	 6.054
  177.8	 22.4	 22.3	 20.0	 22.2	 21.4	 21.8	 21.4	 21.4	-0.000	 6.033	 6.033
  178.6	 22.4	 22.3	 20.0	 22.3	 21.4	 21.7	 21.4	 21.4	-0.000	 6.033	 6.054
  179.4	 22.4	 22.3	 20.0	 22.3	 21.4	 21.7	 21.4	 21.4	-0.000	 6.033	 6.054
  180.2	 22.4	 22.3	 20.0	 22.3	 21.4	 21.7	 21.4	 21.4	-0.000	 6.013	 6.054
  180.9	 22.4	 22.2	 20.0	 22.2	 21.4	 21.7	 21.4	 21.4	-0.001	 6.013	 6.054
  181.7	 22.4	 22.2	 20.0	 22.1	 21.4	 21.8	 21.4	 21.4	-0.000	 6.033	 6.033
  182.5	 22.4	 22.2	 20.0	 22.1	 21.4	 21.7	 21.4	 21.4	-0.000	 6.013	 6.033
  183.2	 22.4	 22.2	 20.0	 22.1	 21.4	 21.8	 21.4	 21.4	-0.000	 6.033	 6.054
  184.0	 22.4	 22.2	 20.0	 22.1	 21.4	 21.8	 21.4	 21.4	-0.000	 6.013	 6.054
  184.8	 22.4	 22.2	 20.0	 22.1	 21.4	 21.7	 21.4	 21.4	-0.000	 6.013	 6.054
  185.5	 22.4	 22.2	 20.0	 22.1	 21.4	 21.7	 21.4	 21.4	-0.000	 6.013	 6.033
  186.3	 22.4	 22.2	 20.0	 22.1	 21.4	 21.7	 21.4	 21.4	-0.000	 6.013	 6.054
  187.1	 22.4	 22.2	 20.0	 22.1	 21.4	 21.7	 21.4	 21.4	-0.000	 6.033	 6.054
  187.8	 22.3	 22.2	 20.0	 22.1	 21.4	 21.7	 21.4	 21.4	-0.001	 6.013	 6.054
  188.6	 22.4	 22.2	 20.0	 22.1	 21.3	 21.7	 21.4	 21.4	-0.000	 6.033	 6.054
  189.4	 22.4	 22.2	 20.0	 22.1	 21.4	 21.7	 21.4	 21.3	-0.000	 6.013	 6.054
  190.1	 22.4	 22.3	 20.0	 22.1	 21.4	 21.8	 21.4	 21.4	-0.000	 6.033	 6.054
  190.9	 22.4	 22.2	 20.0	 22.1	 21.4	 21.8	 21.4	 21.4	-0.000	 6.033	 6.054
  191.7	 22.4	 22.3	 20.0	 22.0	 21.4	 21.8	 21.4	 21.4	-0.000	 6.013	 6.054
  192.4	 22.4	 22.2	 20.0	 22.0	 21.4	 21.8	 21.4	 21.4	-0.000	 6.013	 6.054
  193.2	 22.4	 22.2	 20.0	 22.0	 21.4	 21.8	 21.4	 21.4	-0.000	 6.013	 6.054
  194.0	 22.4	 22.2	 20.0	 22.0	 21.4	 21.8	 21.5	 21.4	-0.000	 6.013	 6.054
  194.8	 22.4	 22.2	 20.0	 22.0	 21.4	 21.8	 21.4	 21.4	-0.000	 6.013	 6.054
  195.5	 22.3	 22.2	 20.0	 22.0	 21.4	 21.8	 21.4	 21.4	-0.000	 6.013	 6.054
  196.3	 22.4	 22.2	 20.0	 22.0	 21.4	 21.8	 21.5	 21.4	-0.000	 6.033	 6.054
  197.1	 22.4	 22.2	 20.0	 22.0	 21.4	 21.8	 21.5	 21.4	-0.000	 6.013	 6.054
  197.8	 22.4	 22.2	 20.0	 22.0	 21.4	 21.8	 21.5	 21.4	-0.001	 6.013	 6.054
  198.6	 22.4	 22.2	 20.0	 21.9	 21.4	 21.8	 21.5	 21.4	-0.000	 6.013	 6.054
  199.4	 22.4	 22.3	 20.0	 21.9	 21.4	 21.8	 21.5	 21.4	-0.000	 6.013	 6.054
  200.1	 22.4	 22.3	 20.0	 21.9	 21.4	 21.8	 21.5	 21.4	-0.000	 6.013	 6.054
  200.9	 22.4	 22.3	 20.0	 21.9	 21.4	 21.8	 21.4	 21.4	-0.000	 6.033	 6.054
  201.7	 22.4	 22.3	 20.0	 21.9	 21.4	 21.8	 21.5	 21.4	-0.000	 6.013	 6.054
  202.5	 22.4	 22.3	 20.0	 21.9	 21.4	 21.8	 21.5	 21.4	-0.000	 6.013	 6.054
  203.2	 22.4	 22.3	 20.0	 22.0	 21.4	 21.8	 21.4	 21.4	-0.000	 6.013	 6.054
  204.0	 22.4	 22.3	 20.0	 22.0	 21.4	 21.8	 21.4	 21.4	-0.000	 6.013	 6.054
  204.8	 22.4	 22.3	 20.0	 22.0	 21.4	 21.8	 21.4	 21.4	-0.000	 6.033	 6.033
  205.5	 22.4	 22.3	 20.0	 22.0	 21.4	 21.8	 21.4	 21.4	-0.000	 6.033	 6.054
  206.3	 22.4	 22.3	 20.0	 22.0	 21.4	 21.7	 21.4	 21.4	-0.000	 6.013	 6.033
  207.1	 22.4	 22.3	 20.0	 21.9	 21.4	 21.7	 21.4	 21.3	-0.000	 6.013	 6.054
  207.9	 22.4	 22.3	 20.0	 21.9	 21.3	 21.7	 21.4	 21.3	-0.000	 6.013	 6.054
  208.6	 22.4	 22.3	 20.0	 21.9	 21.3	 21.7	 21.4	 21.4	-0.000	 6.013	 6.054
  209.4	 22.4	 22.3	 20.0	 21.9	 21.3	 21.7	 21.4	 21.4	-0.000	 6.033	 6.054
  210.2	 22.4	 22.3	 20.0	 21.9	 21.4	 21.7	 21.4	 21.4	-0.001	 6.013	 6.054
  210.9	 22.4	 22.3	 20.0	 22.0	 21.4	 21.7	 21.4	 21.4	-0.000	 6.033	 6.054
  211.7	 22.4	 22.3	 20.0	 22.0	 21.4	 21.8	 21.4	 21.4	-0.000	 6.013	 6.054
  212.5	 22.4	 22.3	 20.0	 22.1	 21.4	 21.7	 21.4	 21.4	-0.000	 6.013	 6.054
  213.3	 22.4	 22.3	 20.0	 22.1	 21.4	 21.7	 21.4	 21.4	-0.000	 6.013	 6.054
  214.0	 22.4	 22.3	 20.0	 22.1	 21.3	 21.7	 21.4	 21.4	-0.000	 6.013	 6.033
  214.8	 22.4	 22.3	 20.0	 22.1	 21.3	 21.7	 21.4	 21.3	-0.000	 6.013	 6.054
  215.6	 22.4	 22.3	 20.0	 22.2	 21.3	 21.7	 21.4	 21.3	-0.000	 6.013	 6.054
  216.3	 22.4	 22.3	 20.0	 22.2	 21.3	 21.7	 21.4	 21.4	-0.000	 6.033	 6.054
  217.1	 22.4	 22.3	 20.0	 22.3	 21.3	 21.7	 21.4	 21.3	-0.000	 6.033	 6.054
  217.9	 22.4	 22.3	 20.0	 22.3	 21.3	 21.7	 21.4	 21.3	-0.000	 6.013	 6.054
  218.6	 22.4	 22.3	 20.0	 22.3	 21.4	 21.7	 21.4	 21.4	-0.000	 6.013	 6.054
  219.4	 22.4	 22.3	 20.0	 22.4	 21.3	 21.7	 21.4	 21.4	-0.000	 6.013	 6.033
  220.2	 22.4	 22.3	 20.0	 22.4	 21.3	 21.7	 21.4	 21.4	-0.000	 6.013	 6.054
  221.0	 22.4	 22.3	 20.0	 22.4	 21.4	 21.7	 21.4	 21.4	-0.000	 6.013	 6.054
  221.7	 22.4	 22.3	 20.0	 22.4	 21.3	 21.7	 21.4	 21.3	-0.000	 6.033	 6.054
  222.5	 22.4	 22.3	 20.0	 22.4	 21.3	 21.7	 21.4	 21.4	-0.000	 6.013	 6.054
  223.3	 22.4	 22.3	 20.0	 22.4	 21.3	 21.7	 21.4	 21.4	-0.000	 6.013	 6.033
  224.0	 22.4	 22.3	 20.0	 22.4	 21.3	 21.7	 21.4	 21.4	-0.000	 6.013	 6.033
  224.8	 22.4	 22.3	 20.0	 22.3	 21.3	 21.7	 21.4	 21.4	-0.000	 6.013	 6.054
  225.6	 22.4	 22.3	 20.0	 22.2	 21.3	 21.7	 21.4	 21.4	-0.000	 6.013	 6.054
  226.4	 22.4	 22.3	 20.0	 22.2	 21.3	 21.7	 21.4	 21.4	-0.000	 6.013	 6.033
  227.1	 22.4	 22.3	 20.0	 22.1	 21.3	 21.7	 21.4	 21.4	-0.000	 6.033	 6.033
  227.9	 22.4	 22.3	 20.0	 22.1	 21.3	 21.7	 21.4	 21.4	-0.000	 6.013	 6.054
  228.7	 22.4	 22.3	 20.0	 22.1	 21.4	 21.7	 21.4	 21.4	-0.000	 6.013	 6.054
  229.4	 22.4	 22.3	 20.0	 22.1	 21.4	 21.7	 21.4	 21.4	-0.000	 6.013	 6.054
  230.2	 22.4	 22.3	 20.0	 22.0	 21.3	 21.7	 21.4	 21.4	-0.000	 6.013	 6.054
  231.1	 22.4	 22.3	 20.0	 22.0	 21.3	 21.7	 21.4	 21.4	-0.000	 6.013	 6.033
  231.8	 22.4	 22.3	 20.0	 22.0	 21.3	 21.7	 21.4	 21.4	-0.001	 6.013	 6.054
  232.6	 22.4	 22.3	 20.0	 22.1	 21.4	 21.8	 21.4	 21.4	-0.000	 6.013	 6.054
  233.4	 22.4	 22.3	 20.0	 22.1	 21.4	 21.8	 21.4	 21.4	-0.000	 6.033	 6.033
  234.2	 22.4	 22.3	 20.0	 22.1	 21.4	 21.8	 21.4	 21.4	-0.000	 6.013	 6.054
  234.9	 22.4	 22.3	 20.0	 22.1	 21.4	 21.8	 21.4	 21.4	-0.000	 6.013	 6.054
  235.7	 22.4	 22.3	 20.0	 22.1	 21.4	 21.8	 21.4	 21.4	-0.000	 6.013	 6.033
  236.5	 22.4	 22.3	 20.0	 22.1	 21.4	 21.8	 21.4	 21.4	-0.000	 6.033	 6.054
  237.3	 22.4	 22.3	 20.0	 22.1	 21.4	 21.8	 21.4	 21.4	-0.000	 6.013	 6.033
  238.1	 22.4	 22.3	 20.0	 22.1	 21.4	 21.8	 21.4	 21.4	-0.000	 6.013	 6.054
  238.8	 22.4	 22.3	 20.0	 22.1	 21.4	 21.8	 21.4	 21.4	-0.000	 6.013	 6.054
  239.6	 22.4	 22.3	 20.0	 22.1	 21.4	 21.8	 21.4	 21.4	-0.000	 6.013	 6.054
  240.4	 22.4	 22.3	 20.0	 22.1	 21.4	 21.8	 21.5	 21.4	-0.000	 6.013	 6.054
  241.2	 22.4	 22.3	 20.0	 22.1	 21.4	 21.8	 21.5	 21.4	-0.000	 6.013	 6.054
  241.9	 22.4	 22.3	 20.0	 22.1	 21.4	 21.8	 21.5	 21.4	-0.000	 6.013	 6.054
  242.7	 22.4	 22.3	 20.0	 22.1	 21.4	 21.8	 21.5	 21.4	-0.000	 6.013	 6.033
  243.5	 22.4	 22.3	 20.0	 22.2	 21.4	 21.8	 21.5	 21.4	-0.000	 6.033	 6.033
  244.2	 22.4	 22.3	 20.0	 22.2	 21.4	 21.8	 21.5	 21.4	-0.000	 6.013	 6.054
  245.0	 22.4	 22.3	 20.0	 22.2	 21.4	 21.8	 21.5	 21.4	-0.000	 6.013	 6.054
  245.8	 22.4	 22.3	 20.0	 22.2	 21.4	 21.8	 21.4	 21.4	-0.000	 6.033	 6.054
  246.5	 22.4	 22.3	 20.0	 22.2	 21.4	 21.8	 21.5	 21.4	-0.000	 6.013	 6.033
  247.3	 22.4	 22.3	 20.0	 22.2	 21.4	 21.8	 21.5	 21.4	-0.000	 6.013	 6.054
  248.1	 22.4	 22.3	 20.0	 22.2	 21.4	 21.8	 21.5	 21.4	-0.000	 6.013	 6.033
  248.9	 22.4	 22.3	 20.0	 22.2	 21.4	 21.8	 21.5	 21.4	-0.000	 6.013	 6.054
  249.6	 22.4	 22.3	 20.0	 22.2	 21.4	 21.8	 21.5	 21.4	-0.000	 6.013	 6.054
  250.4	 22.4	 22.3	 20.0	 22.2	 21.4	 21.8	 21.5	 21.4	-0.000	 6.013	 6.054
  251.2	 22.4	 22.3	 20.0	 22.2	 21.4	 21.8	 21.5	 21.4	-0.000	 6.033	 6.054
  252.0	 22.4	 22.3	 20.0	 22.2	 21.4	 21.8	 21.4	 21.4	-0.000	 6.013	 6.054
  252.7	 22.4	 22.3	 20.0	 22.1	 21.4	 21.8	 21.5	 21.4	-0.000	 6.013	 6.054
  253.5	 22.4	 22.3	 20.0	 22.1	 21.4	 21.8	 21.5	 21.4	-0.000	 6.033	 6.033
  254.3	 22.4	 22.3	 20.0	 22.1	 21.4	 21.8	 21.5	 21.4	-0.000	 6.033	 6.054
  255.0	 22.4	 22.3	 20.0	 22.1	 21.4	 21.8	 21.5	 21.4	-0.000	 6.013	 6.054
  255.8	 22.4	 22.3	 20.0	 22.1	 21.4	 21.8	 21.5	 21.4	-0.000	 6.013	 6.054
  256.6	 22.4	 22.3	 20.0	 22.1	 21.4	 21.9	 21.5	 21.5	-0.000	 6.013	 6.054
  257.4	 22.4	 22.3	 20.0	 22.0	 21.4	 21.8	 21.5	 21.4	-0.000	 6.013	 6.054
  258.1	 22.4	 22.3	 20.0	 22.0	 21.4	 21.8	 21.5	 21.4	-0.000	 6.033	 6.054
  258.9	 22.4	 22.3	 20.0	 22.0	 21.4	 21.8	 21.5	 21.4	-0.000	 6.013	 6.054
  259.7	 22.4	 22.3	 20.0	 22.1	 21.4	 21.8	 21.5	 21.4	-0.001	 6.013	 6.033
  260.4	 22.4	 22.3	 20.0	 22.1	 21.4	 21.8	 21.5	 21.4	-0.000	 6.013	 6.054
  261.2	 22.4	 22.3	 20.0	 22.2	 21.4	 21.8	 21.4	 21.4	-0.000	 6.013	 6.054
  262.0	 22.4	 22.3	 20.0	 22.2	 21.4	 21.8	 21.5	 21.4	-0.000	 6.013	 6.054
  262.8	 22.4	 22.3	 20.0	 22.3	 21.4	 21.8	 21.5	 21.4	-0.001	 6.013	 6.033
  263.5	 22.4	 22.3	 20.0	 22.2	 21.4	 21.8	 21.4	 21.4	-0.001	 6.013	 6.054
  264.3	 22.4	 22.3	 20.0	 22.2	 21.4	 21.8	 21.5	 21.4	-0.001	 6.013	 6.033
  265.1	 22.4	 22.3	 20.0	 22.1	 21.4	 21.8	 21.5	 21.4	-0.000	 6.013	 6.033
  265.9	 22.4	 22.3	 20.0	 22.1	 21.4	 21.8	 21.5	 21.4	-0.000	 6.013	 6.033
  266.6	 22.4	 22.3	 20.0	 22.1	 21.4	 21.8	 21.5	 21.4	-0.000	 6.013	 6.033
  267.4	 22.4	 22.3	 20.0	 22.1	 21.4	 21.8	 21.4	 21.4	-0.001	 6.013	 6.054
  268.2	 22.4	 22.3	 20.0	 22.1	 21.4	 21.8	 21.4	 21.4	-0.000	 6.013	 6.054
  268.9	 22.4	 22.3	 20.0	 22.1	 21.4	 21.8	 21.4	 21.4	-0.000	 6.013	 6.054
  269.7	 22.4	 22.3	 20.0	 22.1	 21.4	 21.8	 21.4	 21.4	-0.000	 6.013	 6.054
  270.5	 22.4	 22.3	 20.0	 22.1	 21.4	 21.8	 21.4	 21.4	-0.000	 6.013	 6.054
  271.3	 22.4	 22.3	 20.0	 22.1	 21.4	 21.8	 21.4	 21.4	-0.000	 6.013	 6.054
  272.0	 22.4	 22.3	 20.0	 22.1	 21.4	 21.8	 21.5	 21.4	-0.000	 6.013	 6.033
  272.8	 22.4	 22.3	 20.0	 22.1	 21.4	 21.8	 21.4	 21.4	-0.000	 6.013	 6.054
  273.6	 22.4	 22.3	 20.0	 22.1	 21.4	 21.8	 21.4	 21.4	-0.000	 6.013	 6.054
  274.4	 22.4	 22.3	 20.0	 22.2	 21.4	 21.8	 21.4	 21.4	-0.000	 6.033	 6.054
  275.1	 22.4	 22.3	 20.0	 22.2	 21.4	 21.8	 21.4	 21.4	-0.000	 6.013	 6.054
  275.9	 22.4	 22.3	 20.0	 22.3	 21.4	 21.8	 21.4	 21.4	-0.000	 6.013	 6.033
  276.7	 22.4	 22.3	 20.0	 22.3	 21.4	 21.8	 21.4	 21.4	-0.000	 6.013	 6.054
  277.4	 22.4	 22.3	 20.0	 22.3	 21.4	 21.7	 21.4	 21.4	-0.000	 6.013	 6.033
  278.2	 22.5	 22.3	 20.0	 22.4	 21.4	 21.8	 21.4	 21.4	-0.000	 6.013	 6.033
  279.0	 22.5	 22.3	 20.0	 22.4	 21.4	 21.8	 21.4	 21.4	-0.000	 6.033	 6.054
  279.8	 22.5	 22.3	 20.0	 22.4	 21.4	 21.7	 21.4	 21.4	-0.000	 6.013	 6.054
  280.5	 22.4	 22.3	 20.0	 22.4	 21.4	 21.7	 21.4	 21.4	-0.000	 6.013	 6.033
  281.3	 22.4	 22.3	 20.0	 22.4	 21.3	 21.8	 21.4	 21.4	-0.000	 6.013	 6.054
  282.1	 22.4	 22.3	 20.0	 22.4	 21.3	 21.8	 21.4	 21.4	-0.000	 6.013	 6.033
  282.9	 22.4	 22.3	 20.0	 22.5	 21.4	 21.8	 21.4	 21.4	-0.000	 6.013	 6.054
  283.6	 22.5	 22.3	 20.0	 22.5	 21.3	 21.8	 21.4	 21.4	-0.000	 6.013	 6.033
  284.4	 22.4	 22.3	 20.0	 22.5	 21.3	 21.7	 21.4	 21.4	-0.000	 6.013	 6.054
  285.2	 22.5	 22.3	 20.0	 22.4	 21.3	 21.7	 21.4	 21.4	-0.000	 6.013	 6.054
  286.0	 22.5	 22.3	 20.0	 22.4	 21.4	 21.7	 21.4	 21.4	-0.000	 6.013	 6.054
  286.7	 22.5	 22.3	 20.0	 22.5	 21.3	 21.7	 21.4	 21.4	-0.000	 6.013	 6.033
  287.5	 22.5	 22.3	 20.0	 22.5	 21.3	 21.7	 21.4	 21.4	-0.000	 6.013	 6.054
  288.3	 22.5	 22.3	 20.0	 22.5	 21.3	 21.7	 21.4	 21.4	-0.000	 6.013	 6.054
  289.1	 22.5	 22.3	 20.0	 22.4	 21.3	 21.7	 21.4	 21.4	-0.000	 6.013	 6.033
  289.8	 22.4	 22.3	 20.0	 22.3	 21.4	 21.8	 21.4	 21.4	-0.000	 6.013	 6.033
  290.6	 22.4	 22.3	 20.0	 22.3	 21.4	 21.8	 21.4	 21.4	-0.000	 6.013	 6.033
  291.4	 22.4	 22.3	 20.0	 22.3	 21.4	 21.8	 21.5	 21.4	-0.000	 6.013	 6.033
  292.2	 22.5	 22.3	 20.0	 22.4	 21.4	 21.8	 21.5	 21.4	-0.000	 6.013	 6.054
  293.0	 22.4	 22.3	 20.0	 22.4	 21.4	 21.8	 21.5	 21.4	-0.000	 6.013	 6.054
  293.7	 22.4	 22.3	 20.0	 22.3	 21.4	 21.8	 21.5	 21.4	-0.000	 6.013	 6.033
  294.5	 22.4	 22.3	 20.0	 22.2	 21.4	 21.8	 21.5	 21.4	-0.000	 6.013	 6.033
  295.3	 22.4	 22.3	 20.0	 22.2	 21.4	 21.8	 21.5	 21.4	-0.000	 6.013	 6.033
  296.1	 22.4	 22.3	 20.0	 22.2	 21.4	 21.8	 21.5	 21.4	-0.000	 6.013	 6.054
  296.8	 22.4	 22.3	 20.0	 22.2	 21.4	 21.8	 21.5	 21.4	-0.000	 6.013	 6.054
  297.6	 22.4	 22.3	 20.0	 22.2	 21.4	 21.8	 21.5	 21.4	-0.000	 6.013	 6.054
  298.4	 22.4	 22.3	 20.0	 22.2	 21.4	 21.8	 21.5	 21.4	-0.000	 6.013	 6.054
  299.2	 22.4	 22.3	 20.0	 22.2	 21.4	 21.8	 21.5	 21.4	-0.000	 6.013	 6.054
  299.9	 22.4	 22.3	 20.0	 22.2	 21.4	 21.8	 21.5	 21.4	-0.000	 6.013	 6.054
  300.7	 22.4	 22.3	 20.0	 22.2	 21.4	 21.8	 21.5	 21.4	-0.000	 6.013	 6.054
  301.5	 22.4	 22.2	 20.0	 22.2	 21.4	 21.8	 21.5	 21.4	-0.000	 6.013	 6.054
  302.3	 22.4	 22.3	 20.0	 22.2	 21.4	 21.8	 21.5	 21.5	-0.000	 6.013	 6.033
  303.1	 22.4	 22.3	 20.0	 22.3	 21.4	 21.8	 21.5	 21.4	-0.000	 6.013	 6.033
  303.9	 22.4	 22.2	 20.0	 22.2	 21.4	 21.8	 21.5	 21.4	-0.000	 6.013	 6.033
  304.6	 22.4	 22.2	 20.0	 22.2	 21.4	 21.8	 21.5	 21.4	-0.000	 6.013	 6.033
  305.4	 22.4	 22.2	 20.0	 22.2	 21.4	 21.8	 21.5	 21.4	-0.000	 6.013	 6.054
  306.2	 22.4	 22.2	 20.0	 22.2	 21.4	 21.8	 21.5	 21.4	-0.000	 6.013	 6.054
  307.0	 22.4	 22.2	 20.0	 22.2	 21.4	 21.8	 21.5	 21.4	-0.000	 6.013	 6.054
  307.8	 22.4	 22.3	 20.0	 22.2	 21.4	 21.8	 21.5	 21.5	-0.000	 6.013	 6.033
  308.5	 22.4	 22.3	 20.0	 22.2	 21.4	 21.8	 21.5	 21.5	-0.000	 6.013	 6.054
  309.3	 22.4	 22.3	 20.0	 22.3	 21.4	 21.8	 21.5	 21.4	-0.000	 6.013	 6.033
  310.1	 22.4	 22.3	 20.0	 22.3	 21.4	 21.8	 21.5	 21.4	-0.000	 6.013	 6.054
  310.9	 22.4	 22.3	 20.0	 22.3	 21.4	 21.8	 21.5	 21.4	-0.000	 6.013	 6.033
  311.7	 22.4	 22.3	 20.0	 22.3	 21.4	 21.8	 21.5	 21.4	-0.000	 6.013	 6.054
  312.5	 22.4	 22.3	 20.0	 22.3	 21.4	 21.8	 21.5	 21.4	-0.000	 6.013	 6.054
  313.2	 22.4	 22.3	 20.0	 22.3	 21.4	 21.8	 21.5	 21.4	-0.000	 6.013	 6.054
  314.0	 22.4	 22.3	 20.0	 22.3	 21.4	 21.8	 21.5	 21.5	-0.000	 6.033	 6.054
  314.8	 22.4	 22.3	 20.0	 22.2	 21.5	 21.8	 21.5	 21.5	-0.000	 6.013	 6.033
  315.6	 22.4	 22.3	 20.0	 22.2	 21.5	 21.8	 21.5	 21.5	-0.000	 6.013	 6.054
  316.4	 22.4	 22.3	 20.0	 22.2	 21.4	 21.9	 21.5	 21.5	-0.000	 6.013	 6.033
  317.2	 22.4	 22.3	 20.0	 22.2	 21.5	 21.9	 21.6	 21.5	-0.000	 6.013	 6.054
  318.0	 22.4	 22.3	 20.0	 22.3	 21.4	 21.8	 21.5	 21.5	-0.000	 6.013	 6.054
  318.7	 22.4	 22.3	 20.0	 22.2	 21.4	 21.9	 21.5	 21.5	-0.000	 6.013	 6.054
  319.5	 22.4	 22.3	 20.0	 22.2	 21.4	 21.8	 21.5	 21.4	-0.000	 6.013	 6.033
  320.3	 22.4	 22.3	 20.0	 22.2	 21.4	 21.8	 21.5	 21.4	-0.000	 6.013	 6.054
  321.1	 22.4	 22.3	 20.0	 22.2	 21.4	 21.8	 21.5	 21.4	-0.000	 6.013	 6.054
  321.9	 22.4	 22.3	 20.0	 22.2	 21.4	 21.8	 21.5	 21.4	-0.000	 6.013	 6.054
  322.7	 22.4	 22.3	 20.0	 22.2	 21.4	 21.8	 21.5	 21.4	-0.000	 6.013	 6.054
  323.5	 22.4	 22.3	 20.0	 22.2	 21.4	 21.8	 21.5	 21.4	-0.000	 6.013	 6.054
  324.2	 22.4	 22.3	 20.0	 22.1	 21.4	 21.8	 21.5	 21.4	-0.000	 6.013	 6.054
  325.0	 22.4	 22.3	 20.0	 22.2	 21.4	 21.8	 21.5	 21.4	-0.000	 6.033	 6.033
  325.8	 22.4	 22.3	 20.0	 22.1	 21.4	 21.8	 21.5	 21.4	-0.000	 6.013	 6.033
  326.6	 22.4	 22.3	 20.0	 22.1	 21.4	 21.8	 21.5	 21.4	-0.000	 6.033	 6.033
  327.4	 22.4	 22.3	 20.0	 22.1	 21.4	 21.8	 21.5	 21.4	-0.000	 6.013	 6.033
  328.2	 22.4	 22.3	 20.0	 22.1	 21.4	 21.8	 21.5	 21.4	-0.000	 6.013	 6.033
  329.0	 22.4	 22.3	 20.0	 22.0	 21.4	 21.8	 21.4	 21.4	-0.000	 6.013	 6.033
  329.8	 22.4	 22.3	 20.0	 22.0	 21.4	 21.8	 21.4	 21.4	-0.000	 6.013	 6.054
  330.5	 22.4	 22.3	 20.0	 21.9	 21.4	 21.8	 21.5	 21.4	-0.000	 6.013	 6.054
  331.5	 22.4	 22.3	 20.0	 22.0	 21.4	 21.8	 21.4	 21.4	-0.000	 6.013	 6.033
  332.4	 22.4	 22.3	 20.0	 21.9	 21.4	 21.8	 21.5	 21.4	-0.000	 6.013	 6.033
  333.3	 22.4	 22.3	 20.0	 21.9	 21.4	 21.8	 21.5	 21.4	-0.000	 6.013	 6.054
  334.2	 22.4	 22.3	 20.0	 21.9	 21.4	 21.8	 21.5	 21.4	-0.000	 6.013	 6.033
  335.2	 22.4	 22.3	 20.0	 21.9	 21.4	 21.8	 21.5	 21.4	-0.000	 6.013	 6.033
  336.1	 22.4	 22.3	 20.0	 21.9	 21.4	 21.8	 21.5	 21.4	-0.000	 6.013	 6.054
  337.0	 22.4	 22.3	 20.0	 21.9	 21.4	 21.8	 21.5	 21.4	-0.000	 6.013	 6.054
  337.9	 22.4	 22.3	 20.0	 21.9	 21.4	 21.8	 21.5	 21.5	-0.000	 6.013	 6.033
  338.8	 22.4	 22.3	 20.0	 21.9	 21.4	 21.8	 21.5	 21.4	-0.000	 6.013	 6.054
  339.7	 22.4	 22.3	 20.0	 22.0	 21.4	 21.8	 21.5	 21.4	-0.000	 6.013	 6.033
  340.7	 22.4	 22.3	 20.0	 22.0	 21.4	 21.8	 21.5	 21.4	-0.000	 6.013	 6.054
  341.6	 22.4	 22.3	 20.0	 21.9	 21.4	 21.8	 21.4	 21.4	-0.000	 6.013	 6.033
  342.5	 22.4	 22.3	 20.0	 22.0	 21.4	 21.8	 21.5	 21.4	-0.000	 6.013	 6.054
  343.4	 22.4	 22.3	 20.0	 22.0	 21.4	 21.8	 21.5	 21.4	-0.000	 6.013	 6.033
  344.3	 22.5	 22.3	 20.0	 22.0	 21.4	 21.8	 21.4	 21.4	-0.000	 6.013	 6.054
  345.2	 22.4	 22.3	 20.0	 22.0	 21.4	 21.8	 21.5	 21.4	-0.000	 6.013	 6.054
  346.1	 22.5	 22.3	 20.0	 22.0	 21.4	 21.8	 21.4	 21.4	-0.000	 6.013	 6.033
  347.0	 22.4	 22.3	 20.0	 21.9	 21.4	 21.8	 21.4	 21.4	-0.000	 6.013	 6.054
  347.9	 22.4	 22.3	 20.0	 21.9	 21.4	 21.8	 21.5	 21.4	-0.000	 6.013	 6.054
  348.8	 22.4	 22.3	 20.0	 21.9	 21.4	 21.8	 21.5	 21.4	-0.000	 6.013	 6.033
  349.7	 22.4	 22.3	 20.0	 21.9	 21.4	 21.8	 21.5	 21.4	-0.000	 6.013	 6.054
  350.6	 22.4	 22.3	 20.0	 21.9	 21.4	 21.8	 21.5	 21.4	-0.000	 6.013	 6.054
  351.5	 22.4	 22.3	 20.0	 21.9	 21.4	 21.8	 21.5	 21.4	-0.000	 6.013	 6.054
  352.4	 22.5	 22.3	 20.0	 21.9	 21.4	 21.8	 21.5	 21.4	-0.000	 6.013	 6.033
  353.4	 22.4	 22.3	 20.0	 21.9	 21.4	 21.8	 21.5	 21.4	-0.000	 6.013	 6.033
  354.3	 22.4	 22.3	 20.0	 21.9	 21.4	 21.8	 21.5	 21.4	-0.000	 6.013	 6.054
  355.2	 22.4	 22.3	 20.0	 22.0	 21.4	 21.8	 21.5	 21.4	-0.000	 6.013	 6.054
  356.1	 22.4	 22.3	 20.0	 22.0	 21.4	 21.8	 21.5	 21.5	-0.000	 6.013	 6.054
  357.0	 22.5	 22.3	 20.0	 22.0	 21.4	 21.8	 21.5	 21.5	-0.000	 6.013	 6.054
  357.9	 22.5	 22.3	 20.0	 22.0	 21.4	 21.8	 21.5	 21.5	-0.000	 6.013	 6.033
  358.8	 22.5	 22.3	 20.0	 22.0	 21.4	 21.8	 21.5	 21.5	-0.000	 6.013	 6.033
  359.7	 22.5	 22.3	 20.0	 22.0	 21.5	 21.9	 21.5	 21.5	-0.000	 6.013	 6.054
  360.6	 22.4	 22.3	 20.0	 22.0	 21.4	 21.8	 21.5	 21.5	-0.000	 6.013	 6.054
  361.5	 22.4	 22.3	 20.0	 22.1	 21.4	 21.8	 21.5	 21.5	-0.000	 6.013	 6.054
  362.4	 22.4	 22.3	 20.0	 22.1	 21.4	 21.9	 21.5	 21.5	-0.000	 6.013	 6.033
  363.3	 22.4	 22.3	 20.0	 22.0	 21.4	 21.8	 21.5	 21.5	-0.000	 6.013	 6.033
  364.2	 22.4	 22.3	 20.0	 22.0	 21.4	 21.9	 21.5	 21.5	-0.000	 6.013	 6.033
  365.1	 22.4	 22.3	 20.0	 22.1	 21.4	 21.9	 21.5	 21.5	-0.000	 6.013	 6.054
  366.0	 22.4	 22.3	 20.0	 22.1	 21.4	 21.8	 21.5	 21.5	-0.000	 6.013	 6.054
  366.9	 22.4	 22.3	 20.0	 22.1	 21.4	 21.8	 21.5	 21.5	-0.000	 6.013	 6.054
  367.8	 22.4	 22.3	 20.0	 22.2	 21.4	 21.9	 21.5	 21.5	-0.000	 6.013	 6.054
  368.8	 22.4	 22.3	 20.0	 22.3	 21.4	 21.8	 21.5	 21.5	-0.000	 6.013	 6.054
  369.7	 22.4	 22.3	 20.0	 22.3	 21.4	 21.8	 21.5	 21.5	-0.000	 6.013	 6.033
  370.6	 22.4	 22.3	 20.0	 22.4	 21.4	 21.8	 21.5	 21.5	-0.000	 6.013	 6.054
  371.5	 22.4	 22.3	 20.0	 22.4	 21.4	 21.8	 21.5	 21.5	-0.000	 6.013	 6.054
  372.4	 22.4	 22.3	 20.0	 22.4	 21.4	 21.8	 21.5	 21.5	-0.000	 6.013	 6.033
  373.3	 22.4	 22.3	 20.0	 22.5	 21.4	 21.8	 21.5	 21.5	-0.000	 6.013	 6.054
  374.2	 22.4	 22.3	 20.0	 22.4	 21.4	 21.9	 21.5	 21.5	-0.001	 6.013	 6.054
  375.1	 22.4	 22.3	 20.0	 22.4	 21.4	 21.9	 21.5	 21.5	-0.000	 6.013	 6.033
  376.0	 22.4	 22.3	 20.0	 22.2	 21.4	 21.9	 21.6	 21.5	-0.000	 6.013	 6.054
  376.9	 22.4	 22.3	 20.0	 22.1	 21.5	 21.9	 21.6	 21.5	-0.000	 6.013	 6.033
  377.8	 22.4	 22.3	 20.0	 22.0	 21.5	 21.9	 21.6	 21.5	-0.000	 6.013	 6.033
  378.7	 22.4	 22.3	 20.0	 22.0	 21.5	 21.9	 21.6	 21.5	-0.000	 6.013	 6.033
  379.6	 22.4	 22.3	 20.0	 22.0	 21.4	 21.9	 21.5	 21.5	-0.000	 6.013	 6.033
  380.5	 22.4	 22.3	 20.0	 22.0	 21.4	 21.9	 21.5	 21.5	-0.000	 6.013	 6.054
  381.5	 22.5	 22.3	 20.0	 22.1	 21.4	 21.9	 21.5	 21.5	-0.000	 6.013	 6.054
  382.4	 22.5	 22.3	 20.0	 22.2	 21.4	 21.9	 21.5	 21.5	-0.000	 6.013	 6.054
  383.3	 22.5	 22.3	 20.0	 22.2	 21.4	 21.9	 21.5	 21.5	-0.000	 6.013	 6.054
  384.2	 22.5	 22.3	 20.0	 22.3	 21.4	 21.9	 21.5	 21.5	-0.000	 6.013	 6.033
  385.1	 22.5	 22.3	 20.0	 22.3	 21.4	 21.9	 21.5	 21.5	-0.000	 6.013	 6.054
  386.0	 22.4	 22.3	 20.0	 22.4	 21.4	 21.8	 21.5	 21.5	-0.000	 6.013	 6.033
  386.9	 22.4	 22.3	 20.0	 22.4	 21.4	 21.8	 21.5	 21.5	-0.001	 6.013	 6.054
  387.8	 22.4	 22.3	 20.0	 22.5	 21.4	 21.8	 21.5	 21.5	-0.000	 6.013	 6.033
  388.7	 22.5	 22.3	 20.0	 22.5	 21.4	 21.8	 21.5	 21.4	-0.000	 6.013	 6.033
  389.6	 22.5	 22.3	 20.0	 22.5	 21.4	 21.8	 21.5	 21.5	-0.000	 6.013	 6.054
  390.5	 22.4	 22.3	 20.0	 22.5	 21.4	 21.8	 21.5	 21.5	-0.000	 6.013	 6.054
  391.5	 22.5	 22.3	 20.0	 22.5	 21.4	 21.8	 21.5	 21.5	-0.000	 6.013	 6.054
  392.4	 22.5	 22.3	 20.0	 22.6	 21.4	 21.8	 21.5	 21.4	-0.000	 6.013	 6.033
  393.4	 22.4	 22.3	 20.0	 22.6	 21.4	 21.8	 21.5	 21.5	-0.000	 6.013	 6.054
  394.3	 22.4	 22.3	 20.0	 22.6	 21.4	 21.8	 21.5	 21.4	-0.000	 6.013	 6.033
  395.2	 22.4	 22.3	 20.0	 22.6	 21.4	 21.8	 21.5	 21.4	-0.000	 6.013	 6.054
  396.2	 22.5	 22.3	 20.0	 22.6	 21.4	 21.8	 21.5	 21.4	-0.000	 6.013	 6.054
  397.1	 22.5	 22.3	 20.0	 22.6	 21.4	 21.8	 21.5	 21.5	-0.000	 6.013	 6.054
  398.0	 22.5	 22.3	 20.0	 22.6	 21.4	 21.8	 21.5	 21.5	-0.000	 6.033	 6.033
  398.9	 22.5	 22.3	 20.0	 22.6	 21.4	 21.9	 21.5	 21.5	-0.000	 6.013	 6.054
  399.9	 22.5	 22.3	 20.0	 22.6	 21.4	 21.8	 21.5	 21.5	-0.000	 6.013	 6.054
  400.8	 22.5	 22.3	 20.0	 22.6	 21.4	 21.8	 21.5	 21.5	-0.000	 6.013	 6.054
  401.7	 22.5	 22.4	 20.0	 22.6	 21.4	 21.9	 21.5	 21.5	 0.011	 6.013	 6.054
  402.7	 22.5	 22.3	 20.0	 22.6	 21.4	 21.9	 21.5	 21.5	 0.127	 6.013	 6.054
  403.6	 22.5	 22.3	 20.0	 22.6	 21.4	 21.9	 21.5	 21.5	 0.126	 6.013	 6.033
  404.5	 22.6	 22.4	 20.0	 22.7	 21.4	 21.8	 21.5	 21.5	 0.128	 6.013	 6.054
  405.5	 22.7	 22.3	 20.0	 22.7	 21.4	 21.8	 21.5	 21.4	 0.128	 6.013	 6.054
  406.4	 22.7	 22.3	 20.0	 22.7	 21.4	 21.8	 21.5	 21.5	 0.129	 6.033	 6.054
  407.3	 22.7	 22.3	 20.0	 22.7	 21.4	 21.8	 21.5	 21.4	 0.123	 6.033	 6.054
  408.3	 22.7	 22.3	 20.0	 22.8	 21.4	 21.8	 21.5	 21.4	 0.130	 6.033	 6.054
  409.2	 22.6	 22.4	 20.0	 22.7	 21.4	 21.8	 21.5	 21.4	 0.130	 6.033	 6.054
  410.1	 22.6	 22.3	 20.0	 22.7	 21.4	 21.8	 21.5	 21.5	 0.128	 6.033	 6.033
  411.1	 22.6	 22.4	 20.0	 22.6	 21.4	 21.8	 21.5	 21.5	 0.129	 6.033	 6.033
  412.0	 22.6	 22.4	 20.0	 22.4	 21.4	 21.8	 21.5	 21.5	 0.128	 6.033	 6.054
  412.9	 22.6	 22.4	 20.0	 22.3	 21.4	 21.9	 21.5	 21.5	 0.132	 6.033	 6.054
  413.9	 22.6	 22.4	 20.0	 22.3	 21.4	 21.8	 21.5	 21.5	 0.125	 6.033	 6.054
  414.8	 22.6	 22.4	 20.0	 22.1	 21.4	 21.8	 21.5	 21.5	 0.128	 6.033	 6.054
  415.7	 22.6	 22.5	 20.0	 22.0	 21.4	 21.8	 21.5	 21.5	 0.126	 6.033	 6.054
  416.6	 22.6	 22.4	 20.0	 22.0	 21.4	 21.8	 21.5	 21.5	 0.124	 6.033	 6.054
  417.6	 22.5	 22.4	 20.0	 21.9	 21.4	 21.9	 21.5	 21.5	 0.128	 6.013	 6.054
  418.5	 22.5	 22.4	 20.0	 21.9	 21.4	 21.8	 21.5	 21.5	 0.130	 6.033	 6.033
  419.4	 22.5	 22.4	 20.0	 21.9	 21.4	 21.9	 21.5	 21.5	 0.127	 6.033	 6.033
  420.4	 22.5	 22.4	 20.0	 21.9	 21.4	 21.9	 21.5	 21.5	 0.123	 6.033	 6.054
  421.3	 22.5	 22.4	 20.0	 21.9	 21.4	 21.9	 21.6	 21.5	 0.128	 6.013	 6.054
  422.3	 22.5	 22.4	 20.0	 21.9	 21.5	 21.9	 21.6	 21.5	 0.128	 6.033	 6.033
  423.2	 22.5	 22.4	 20.0	 21.9	 21.5	 21.9	 21.6	 21.6	 0.129	 6.033	 6.054
  424.2	 22.5	 22.4	 20.0	 21.9	 21.5	 21.9	 21.6	 21.5	 0.127	 6.013	 6.054
  425.1	 22.5	 22.4	 20.0	 22.0	 21.5	 21.9	 21.6	 21.5	 0.129	 6.033	 6.054
  426.1	 22.5	 22.4	 20.0	 22.0	 21.5	 21.9	 21.6	 21.5	 0.127	 6.033	 6.054
  427.1	 22.5	 22.4	 20.0	 22.0	 21.5	 21.9	 21.6	 21.5	 0.132	 6.033	 6.054
  428.0	 22.5	 22.4	 20.0	 22.1	 21.5	 21.9	 21.6	 21.5	 0.125	 6.033	 6.054
  429.0	 22.5	 22.4	 20.0	 22.2	 21.5	 21.9	 21.6	 21.5	 0.126	 6.033	 6.054
  429.9	 22.5	 22.4	 20.0	 22.2	 21.4	 21.9	 21.5	 21.5	 0.127	 6.013	 6.054
  430.9	 22.5	 22.4	 20.0	 22.3	 21.4	 21.9	 21.5	 21.5	 0.125	 6.033	 6.054
  431.8	 22.5	 22.4	 20.0	 22.4	 21.4	 21.9	 21.5	 21.5	 0.131	 6.033	 6.054
  432.8	 22.5	 22.3	 20.0	 22.4	 21.5	 21.9	 21.6	 21.5	 0.132	 6.033	 6.054
  433.7	 22.5	 22.4	 20.0	 22.5	 21.5	 21.9	 21.6	 21.6	 0.128	 6.033	 6.054
  434.7	 22.5	 22.4	 20.0	 22.5	 21.5	 21.9	 21.6	 21.6	 0.129	 6.033	 6.033
  435.7	 22.5	 22.4	 20.0	 22.5	 21.5	 21.9	 21.6	 21.6	 0.129	 6.033	 6.054
  436.6	 22.5	 22.4	 20.0	 22.5	 21.5	 21.9	 21.6	 21.6	 0.128	 6.033	 6.054
  437.6	 22.5	 22.4	 20.0	 22.5	 21.4	 21.9	 21.6	 21.5	 0.132	 6.033	 6.054
  438.5	 22.5	 22.3	 20.0	 22.6	 21.4	 21.9	 21.5	 21.5	 0.128	 6.033	 6.054
  439.5	 22.5	 22.4	 20.0	 22.6	 21.4	 21.9	 21.6	 21.5	 0.130	 6.033	 6.033
  440.4	 22.5	 22.4	 20.0	 22.7	 21.5	 21.9	 21.6	 21.5	 0.125	 6.033	 6.054
  441.4	 22.5	 22.4	 20.0	 22.7	 21.5	 21.9	 21.6	 21.6	 0.123	 6.013	 6.054
  442.4	 22.5	 22.4	 20.0	 22.5	 21.5	 21.9	 21.6	 21.5	 0.128	 6.033	 6.054
  443.3	 22.5	 22.3	 20.0	 22.3	 21.5	 21.9	 21.6	 21.6	 0.129	 6.033	 6.033
  444.3	 22.5	 22.3	 20.0	 22.3	 21.5	 21.9	 21.6	 21.5	 0.129	 6.033	 6.054
  445.2	 22.5	 22.3	 20.0	 22.3	 21.5	 21.9	 21.6	 21.5	 0.126	 6.033	 6.054
  446.2	 22.5	 22.3	 20.0	 22.3	 21.5	 21.9	 21.6	 21.6	 0.128	 6.033	 6.033
  447.1	 22.4	 22.3	 20.0	 22.3	 21.5	 21.9	 21.6	 21.6	 0.130	 6.033	 6.054
  448.1	 22.5	 22.3	 20.0	 22.4	 21.5	 21.9	 21.6	 21.6	 0.127	 6.033	 6.054
  449.0	 22.5	 22.3	 20.0	 22.4	 21.5	 22.0	 21.6	 21.6	 0.127	 6.033	 6.054
  450.0	 22.5	 22.3	 20.0	 22.5	 21.5	 21.9	 21.6	 21.6	 0.127	 6.033	 6.054
  450.8	 22.5	 22.4	 20.0	 22.5	 21.5	 21.9	 21.6	 21.6	 0.128	 6.033	 6.033
  451.5	 22.5	 22.3	 20.0	 22.5	 21.5	 21.9	 21.6	 21.6	 0.122	 6.033	 6.033
  452.2	 22.5	 22.3	 20.0	 22.4	 21.4	 21.9	 21.6	 21.5	 0.125	 6.033	 6.054
  453.0	 22.5	 22.4	 20.0	 22.4	 21.5	 21.9	 21.6	 21.5	 0.125	 6.033	 6.054
  453.7	 22.5	 22.4	 20.0	 22.3	 21.5	 21.9	 21.6	 21.5	 0.127	 6.033	 6.054
  454.5	 22.5	 22.4	 20.0	 22.1	 21.5	 21.9	 21.6	 21.6	 0.125	 6.033	 6.054
  455.2	 22.5	 22.4	 20.0	 22.1	 21.5	 21.9	 21.6	 21.5	 0.130	 6.033	 6.054
  456.0	 22.5	 22.4	 20.0	 22.0	 21.5	 21.9	 21.6	 21.6	 0.122	 6.033	 6.033
  456.7	 22.5	 22.4	 20.0	 22.0	 21.5	 21.9	 21.6	 21.6	 0.124	 6.033	 6.054
  457.4	 22.5	 22.4	 20.0	 22.0	 21.5	 21.9	 21.6	 21.6	 0.122	 6.033	 6.054
  458.2	 22.5	 22.4	 20.0	 22.0	 21.5	 21.9	 21.6	 21.6	 0.127	 6.033	 6.033
  458.9	 22.5	 22.4	 20.0	 22.0	 21.5	 21.9	 21.6	 21.6	 0.127	 6.013	 6.033
  459.7	 22.5	 22.4	 20.0	 22.0	 21.5	 21.9	 21.6	 21.6	 0.130	 6.013	 6.054
  460.4	 22.5	 22.4	 20.0	 22.1	 21.5	 21.9	 21.6	 21.5	 0.127	 6.033	 6.054
  461.2	 22.5	 22.4	 20.0	 22.1	 21.4	 21.9	 21.6	 21.5	 0.133	 6.033	 6.033
  461.9	 22.5	 22.4	 20.0	 22.1	 21.4	 21.9	 21.5	 21.5	 0.126	 6.033	 6.054
  462.6	 22.5	 22.4	 20.0	 22.1	 21.4	 21.9	 21.6	 21.5	 0.123	 6.033	 6.054
  463.4	 22.5	 22.4	 20.0	 22.0	 21.5	 21.9	 21.6	 21.5	 0.127	 6.033	 6.054
  464.1	 22.5	 22.4	 20.0	 22.0	 21.5	 21.9	 21.6	 21.5	 0.128	 6.033	 6.054
  464.9	 22.5	 22.4	 20.0	 21.9	 21.5	 21.9	 21.6	 21.6	 0.127	 6.033	 6.054
  465.6	 22.5	 22.4	 20.0	 21.9	 21.5	 21.9	 21.6	 21.5	 0.128	 6.033	 6.054
  466.4	 22.5	 22.4	 20.0	 21.9	 21.5	 21.9	 21.6	 21.5	 0.125	 6.013	 6.054
  467.1	 22.5	 22.4	 20.0	 21.9	 21.5	 21.9	 21.6	 21.5	 0.123	 6.033	 6.054
  467.9	 22.5	 22.4	 20.0	 21.9	 21.5	 21.9	 21.6	 21.5	 0.127	 6.033	 6.033
  468.6	 22.5	 22.4	 20.0	 21.9	 21.5	 21.9	 21.6	 21.6	 0.130	 6.033	 6.054
  469.4	 22.5	 22.4	 20.0	 21.9	 21.5	 21.9	 21.6	 21.6	 0.133	 6.013	 6.054
  470.1	 22.5	 22.4	 20.0	 22.0	 21.5	 21.9	 21.6	 21.6	 0.127	 6.033	 6.054
  470.9	 22.5	 22.4	 20.0	 22.0	 21.5	 21.9	 21.6	 21.6	 0.128	 6.033	 6.054
  471.7	 22.5	 22.4	 20.0	 22.1	 21.5	 21.9	 21.6	 21.6	 0.127	 6.033	 6.054
  472.4	 22.5	 22.4	 20.0	 22.1	 21.5	 21.9	 21.6	 21.5	 0.126	 6.033	 6.033
  473.1	 22.5	 22.4	 20.0	 22.2	 21.5	 21.9	 21.6	 21.6	 0.126	 6.033	 6.054
  473.9	 22.5	 22.4	 20.0	 22.2	 21.5	 21.9	 21.6	 21.6	 0.125	 6.033	 6.033
  474.6	 22.5	 22.4	 20.0	 22.2	 21.5	 21.9	 21.6	 21.6	 0.129	 6.033	 6.033
  475.4	 22.5	 22.4	 20.0	 22.2	 21.5	 22.0	 21.6	 21.6	 0.125	 6.033	 6.054
  476.1	 22.5	 22.4	 20.0	 22.1	 21.5	 22.0	 21.7	 21.6	 0.132	 6.033	 6.054
  476.9	 22.5	 22.4	 20.0	 22.0	 21.5	 22.0	 21.7	 21.6	 0.131	 6.033	 6.054
  477.6	 22.5	 22.4	 20.0	 22.0	 21.6	 22.0	 21.7	 21.6	 0.130	 6.033	 6.054
  478.3	 22.5	 22.4	 20.0	 22.0	 21.5	 22.0	 21.7	 21.6	 0.128	 6.033	 6.054
  479.1	 22.5	 22.4	 20.0	 21.9	 21.6	 22.0	 21.7	 21.6	 0.129	 6.033	 6.054
  479.8	 22.5	 22.4	 20.0	 21.9	 21.5	 22.0	 21.7	 21.7	 0.127	 6.033	 6.054
  480.6	 22.5	 22.4	 20.0	 21.9	 21.5	 22.0	 21.7	 21.6	 0.127	 6.033	 6.054
  481.4	 22.5	 22.4	 20.0	 21.9	 21.5	 22.0	 21.7	 21.6	 0.123	 6.033	 6.054
  482.2	 22.5	 22.4	 20.0	 22.0	 21.5	 22.0	 21.7	 21.6	 0.123	 6.033	 6.033
  482.9	 22.5	 22.4	 20.0	 21.9	 21.5	 22.0	 21.7	 21.6	 0.130	 6.033	 6.054
  483.7	 22.5	 22.4	 20.0	 21.9	 21.5	 22.0	 21.7	 21.6	 0.128	 6.033	 6.033
  484.5	 22.5	 22.4	 20.0	 21.9	 21.5	 22.0	 21.7	 21.6	 0.127	 6.013	 6.054
  485.2	 22.5	 22.4	 20.0	 21.9	 21.5	 22.0	 21.7	 21.6	 0.127	 6.033	 6.054
  486.0	 22.5	 22.4	 20.0	 21.9	 21.5	 22.0	 21.6	 21.6	 0.127	 6.033	 6.054
  486.7	 22.5	 22.4	 20.0	 21.9	 21.5	 22.0	 21.6	 21.6	 0.128	 6.033	 6.054
  487.5	 22.5	 22.4	 20.0	 21.9	 21.5	 22.0	 21.6	 21.6	 0.124	 6.033	 6.054
  488.3	 22.5	 22.4	 20.0	 21.9	 21.5	 22.0	 21.6	 21.6	 0.126	 6.033	 6.054
  489.0	 22.5	 22.4	 20.0	 22.0	 21.5	 22.0	 21.6	 21.6	 0.128	 6.033	 6.054
  489.8	 22.5	 22.4	 20.0	 22.0	 21.5	 22.0	 21.7	 21.6	 0.124	 6.033	 6.033
  490.6	 22.5	 22.4	 20.0	 22.1	 21.5	 22.0	 21.7	 21.6	 0.131	 6.033	 6.054
  491.3	 22.5	 22.4	 20.0	 22.1	 21.5	 22.0	 21.7	 21.6	 0.117	 6.033	 6.054
  492.1	 22.5	 22.3	 20.0	 22.2	 21.5	 22.0	 21.7	 21.6	 0.129	 6.033	 6.054
  492.9	 22.5	 22.4	 20.0	 22.2	 21.5	 22.0	 21.7	 21.6	 0.128	 6.033	 6.054
  493.6	 22.5	 22.4	 20.0	 22.2	 21.5	 22.0	 21.6	 21.6	 0.128	 6.033	 6.054
  494.4	 22.5	 22.3	 20.0	 22.3	 21.5	 22.0	 21.6	 21.6	 0.126	 6.033	 6.054
  495.2	 22.5	 22.4	 20.0	 22.3	 21.5	 22.0	 21.6	 21.6	 0.052	 6.033	 6.054
  495.9	 22.5	 22.4	 20.0	 22.4	 21.5	 22.0	 21.6	 21.6	 0.000	 6.033	 6.033
  496.7	 22.5	 22.4	 20.0	 22.4	 21.5	 21.9	 21.6	 21.5	-0.011	 6.033	 6.033
  497.5	 22.5	 22.4	 20.0	 22.4	 21.5	 21.9	 21.6	 21.6	-0.018	 6.033	 6.054
  498.2	 22.5	 22.4	 20.0	 22.5	 21.5	 21.9	 21.6	 21.6	-0.013	 6.033	 6.033
  499.0	 22.5	 22.4	 20.0	 22.5	 21.5	 22.0	 21.6	 21.6	-0.008	 6.033	 6.033
  499.7	 22.5	 22.3	 20.0	 22.5	 21.5	 22.0	 21.6	 21.6	-0.004	 6.033	 6.054
  500.5	 22.5	 22.3	 20.0	 22.5	 21.5	 22.0	 21.6	 21.6	-0.002	 6.033	 6.054
  501.3	 22.5	 22.3	 20.0	 22.5	 21.4	 21.9	 21.6	 21.6	-0.001	 6.033	 6.033
  502.0	 22.5	 22.3	 20.0	 22.5	 21.5	 21.9	 21.6	 21.6	-0.000	 6.033	 6.054
  502.8	 22.5	 22.4	 20.0	 22.5	 21.5	 21.9	 21.6	 21.6	-0.000	 6.033	 6.054
  503.6	 22.5	 22.4	 20.0	 22.6	 21.5	 21.9	 21.6	 21.5	-0.000	 6.033	 6.054
  504.4	 22.5	 22.4	 20.0	 22.6	 21.5	 22.0	 21.6	 21.6	-0.000	 6.033	 6.054
  505.2	 22.5	 22.4	 20.0	 22.6	 21.5	 22.0	 21.6	 21.6	-0.001	 6.013	 6.054
  505.9	 22.5	 22.4	 20.0	 22.6	 21.5	 22.0	 21.7	 21.6	-0.001	 6.033	 6.054
  506.7	 22.5	 22.3	 20.0	 22.6	 21.5	 22.0	 21.6	 21.6	-0.000	 6.013	 6.033
  507.5	 22.5	 22.4	 20.0	 22.6	 21.5	 22.0	 21.6	 21.6	-0.000	 6.013	 6.054
  508.3	 22.5	 22.3	 20.0	 22.5	 21.5	 21.9	 21.6	 21.6	-0.001	 6.013	 6.054
  509.1	 22.5	 22.3	 20.0	 22.5	 21.5	 22.0	 21.6	 21.6	-0.000	 6.033	 6.054
  509.9	 22.5	 22.3	 20.0	 22.5	 21.5	 21.9	 21.6	 21.6	-0.000	 6.013	 6.054
  510.7	 22.5	 22.4	 20.0	 22.5	 21.5	 22.0	 21.6	 21.6	-0.000	 6.033	 6.054
  511.5	 22.5	 22.3	 20.0	 22.4	 21.5	 22.0	 21.6	 21.6	-0.000	 6.033	 6.033
  512.2	 22.5	 22.3	 20.0	 22.4	 21.5	 22.0	 21.6	 21.6	-0.000	 6.033	 6.054
  513.0	 22.5	 22.4	 20.0	 22.4	 21.5	 21.9	 21.6	 21.6	-0.000	 6.033	 6.054
  513.8	 22.5	 22.4	 20.0	 22.4	 21.5	 22.0	 21.6	 21.6	-0.000	 6.033	 6.054
  514.5	 22.5	 22.4	 20.0	 22.3	 21.5	 22.0	 21.6	 21.6	-0.000	 6.013	 6.054
  515.3	 22.6	 22.4	 20.0	 22.4	 21.5	 22.0	 21.6	 21.6	-0.000	 6.033	 6.054
  516.1	 22.5	 22.4	 20.0	 22.3	 21.5	 22.0	 21.6	 21.6	-0.000	 6.013	 6.054
  516.8	 22.5	 22.4	 20.0	 22.3	 21.5	 22.0	 21.7	 21.6	-0.000	 6.013	 6.054
  517.6	 22.5	 22.4	 20.0	 22.3	 21.5	 22.0	 21.7	 21.6	-0.001	 6.033	 6.054
  518.4	 22.5	 22.4	 20.0	 22.3	 21.6	 22.0	 21.7	 21.6	-0.000	 6.033	 6.054
  519.1	 22.5	 22.4	 20.0	 22.3	 21.6	 22.0	 21.7	 21.6	-0.000	 6.033	 6.054
  520.0	 22.5	 22.4	 20.0	 22.3	 21.5	 22.0	 21.7	 21.6	-0.000	 6.013	 6.054
  520.8	 22.5	 22.4	 20.0	 22.3	 21.5	 22.0	 21.6	 21.6	-0.000	 6.013	 6.054
  521.5	 22.5	 22.4	 20.0	 22.3	 21.5	 22.0	 21.6	 21.6	 0.112	 6.033	 6.054
  522.3	 22.5	 22.4	 20.0	 22.4	 21.5	 22.0	 21.6	 21.6	 0.103	 6.033	 6.054
  523.1	 22.5	 22.4	 20.0	 22.4	 21.5	 22.0	 21.6	 21.6	 0.104	 6.033	 6.054
  523.8	 22.5	 22.4	 20.0	 22.4	 21.6	 22.0	 21.7	 21.6	 0.104	 6.033	 6.054
  524.6	 22.6	 22.4	 20.0	 22.4	 21.5	 22.0	 21.6	 21.6	 0.102	 6.033	 6.054
  525.4	 22.5	 22.4	 20.0	 22.5	 21.5	 22.0	 21.6	 21.6	 0.102	 6.033	 6.054
  526.1	 22.6	 22.4	 20.0	 22.5	 21.5	 22.0	 21.6	 21.6	 0.102	 6.033	 6.054
  526.9	 22.6	 22.3	 20.0	 22.5	 21.5	 22.0	 21.6	 21.6	 0.104	 6.033	 6.054
  527.7	 22.5	 22.4	 20.0	 22.5	 21.5	 22.0	 21.6	 21.6	 0.104	 6.013	 6.054
  528.4	 22.5	 22.4	 20.0	 22.5	 21.5	 22.0	 21.6	 21.6	 0.104	 6.013	 6.054
  529.2	 22.5	 22.4	 20.0	 22.6	 21.5	 22.0	 21.6	 21.6	 0.101	 6.033	 6.054
  530.0	 22.5	 22.4	 20.0	 22.5	 21.5	 22.0	 21.6	 21.6	 0.100	 6.033	 6.054
  530.7	 22.6	 22.4	 20.0	 22.6	 21.5	 22.0	 21.6	 21.6	 0.101	 6.033	 6.054
  531.5	 22.5	 22.4	 20.0	 22.6	 21.5	 22.0	 21.6	 21.6	 0.100	 6.033	 6.054
  532.3	 22.5	 22.4	 20.0	 22.5	 21.5	 22.0	 21.6	 21.6	 0.095	 6.033	 6.054
  533.0	 22.5	 22.4	 20.0	 22.5	 21.5	 22.0	 21.6	 21.6	 0.100	 6.033	 6.054
  533.8	 22.6	 22.4	 20.0	 22.5	 21.5	 22.0	 21.6	 21.6	 0.099	 6.013	 6.054
  534.6	 22.6	 22.4	 20.0	 22.5	 21.5	 22.0	 21.6	 21.6	 0.102	 6.033	 6.054
  535.3	 22.6	 22.4	 20.0	 22.4	 21.5	 22.0	 21.6	 21.6	 0.104	 6.033	 6.054
  536.1	 22.6	 22.4	 20.0	 22.4	 21.5	 22.0	 21.6	 21.5	 0.101	 6.033	 6.054
  536.9	 22.6	 22.4	 20.0	 22.4	 21.5	 22.0	 21.6	 21.6	 0.104	 6.033	 6.054
  537.6	 22.6	 22.4	 20.0	 22.4	 21.5	 22.0	 21.6	 21.6	 0.103	 6.013	 6.054
  538.4	 22.6	 22.4	 20.0	 22.4	 21.5	 22.0	 21.6	 21.6	 0.101	 6.033	 6.033
  539.2	 22.6	 22.4	 20.0	 22.3	 21.5	 22.0	 21.6	 21.6	 0.103	 6.033	 6.033
  539.9	 22.6	 22.4	 20.0	 22.1	 21.5	 22.0	 21.7	 21.6	 0.101	 6.033	 6.054
  540.7	 22.6	 22.4	 20.0	 22.0	 21.5	 22.0	 21.7	 21.6	 0.101	 6.033	 6.054
  541.5	 22.6	 22.4	 20.0	 22.0	 21.5	 22.0	 21.6	 21.6	 0.102	 6.033	 6.054
  542.2	 22.5	 22.4	 20.0	 21.9	 21.6	 22.0	 21.7	 21.6	 0.103	 6.033	 6.033
  543.0	 22.6	 22.4	 20.0	 21.8	 21.5	 22.0	 21.7	 21.6	 0.104	 6.033	 6.054
  543.8	 22.5	 22.3	 20.0	 21.9	 21.5	 22.0	 21.7	 21.6	 0.103	 6.033	 6.054
  544.6	 22.5	 22.3	 20.0	 21.9	 21.6	 22.0	 21.7	 21.6	 0.104	 6.033	 6.054
  545.3	 22.6	 22.3	 20.0	 21.9	 21.5	 22.0	 21.7	 21.6	 0.104	 6.033	 6.054
  546.1	 22.5	 22.4	 20.0	 21.9	 21.5	 22.0	 21.7	 21.6	 0.101	 6.033	 6.054
  546.9	 22.5	 22.3	 20.0	 21.9	 21.5	 22.0	 21.7	 21.6	 0.104	 6.033	 6.054
  547.6	 22.5	 22.4	 20.0	 22.0	 21.5	 22.0	 21.7	 21.6	 0.100	 6.033	 6.054
  548.4	 22.6	 22.4	 20.0	 22.1	 21.5	 22.0	 21.7	 21.6	 0.100	 6.033	 6.033
  549.2	 22.5	 22.4	 20.0	 22.1	 21.5	 22.0	 21.7	 21.6	 0.104	 6.013	 6.054
  549.9	 22.5	 22.3	 20.0	 22.2	 21.6	 22.0	 21.7	 21.6	 0.101	 6.033	 6.033
  550.7	 22.5	 22.4	 20.0	 22.2	 21.6	 22.0	 21.7	 21.6	 0.101	 6.013	 6.054
  551.5	 22.5	 22.4	 20.0	 22.2	 21.6	 22.0	 21.7	 21.6	 0.104	 6.033	 6.054
  552.2	 22.5	 22.4	 20.0	 22.1	 21.6	 22.1	 21.7	 21.7	 0.103	 6.013	 6.054
  553.0	 22.5	 22.4	 20.0	 22.2	 21.6	 22.1	 21.7	 21.7	 0.105	 6.033	 6.054
  553.8	 22.5	 22.4	 20.0	 22.1	 21.6	 22.1	 21.7	 21.7	 0.102	 6.033	 6.054
  554.5	 22.5	 22.4	 20.0	 22.1	 21.6	 22.1	 21.7	 21.7	 0.102	 6.033	 6.054
  555.3	 22.5	 22.4	 20.0	 22.1	 21.6	 22.1	 21.7	 21.7	 0.107	 6.033	 6.054
  556.1	 22.5	 22.4	 20.0	 22.0	 21.6	 22.1	 21.7	 21.7	 0.103	 6.013	 6.054
  556.8	 22.5	 22.3	 20.0	 22.0	 21.6	 22.1	 21.7	 21.7	 0.102	 6.033	 6.033
  557.6	 22.5	 22.4	 20.0	 21.9	 21.6	 22.1	 21.8	 21.7	 0.101	 6.033	 6.054
  558.4	 22.5	 22.4	 20.0	 21.9	 21.6	 22.1	 21.7	 21.7	 0.104	 6.033	 6.054
  559.1	 22.5	 22.4	 20.0	 21.9	 21.6	 22.1	 21.7	 21.7	 0.103	 6.033	 6.054
  559.9	 22.5	 22.4	 20.0	 21.8	 21.6	 22.1	 21.7	 21.7	 0.104	 6.033	 6.054
  560.6	 22.5	 22.4	 20.0	 21.8	 21.6	 22.1	 21.7	 21.7	 0.099	 6.033	 6.054
  561.4	 22.5	 22.4	 20.0	 21.8	 21.6	 22.1	 21.7	 21.7	 0.099	 6.033	 6.054
  562.1	 22.5	 22.3	 20.0	 21.7	 21.6	 22.1	 21.7	 21.7	 0.102	 6.033	 6.054
  562.9	 22.5	 22.3	 20.0	 21.7	 21.6	 22.1	 21.7	 21.7	 0.103	 6.033	 6.054
  563.6	 22.5	 22.3	 20.0	 21.8	 21.6	 22.1	 21.7	 21.7	 0.101	 6.033	 6.054
  564.4	 22.5	 22.4	 20.0	 21.8	 21.5	 22.0	 21.7	 21.6	 0.101	 6.033	 6.054
  565.1	 22.5	 22.3	 20.0	 21.8	 21.6	 22.0	 21.7	 21.6	 0.101	 6.033	 6.054
  565.9	 22.5	 22.4	 20.0	 21.8	 21.6	 22.0	 21.7	 21.6	 0.100	 6.033	 6.054
  566.6	 22.5	 22.4	 20.0	 21.9	 21.6	 22.0	 21.7	 21.6	 0.102	 6.033	 6.054
  567.4	 22.5	 22.4	 20.0	 21.9	 21.6	 22.0	 21.7	 21.6	 0.102	 6.033	 6.054
  568.1	 22.5	 22.4	 20.0	 21.9	 21.6	 22.1	 21.7	 21.7	 0.101	 6.033	 6.054
  568.9	 22.5	 22.4	 20.0	 22.0	 21.6	 22.0	 21.7	 21.6	 0.100	 6.033	 6.054
  569.6	 22.5	 22.4	 20.0	 22.0	 21.6	 22.1	 21.7	 21.7	 0.097	 6.033	 6.054
  570.4	 22.5	 22.4	 20.0	 22.0	 21.6	 22.0	 21.7	 21.6	 0.096	 6.013	 6.054
  571.2	 22.5	 22.4	 20.0	 22.0	 21.6	 22.0	 21.7	 21.6	 0.087	 6.033	 6.054
  571.9	 22.5	 22.4	 20.0	 22.0	 21.6	 22.0	 21.7	 21.7	 0.091	 6.033	 6.054
  572.7	 22.5	 22.4	 20.0	 22.1	 21.6	 22.0	 21.7	 21.6	 0.102	 6.033	 6.054
  573.5	 22.5	 22.4	 20.0	 22.1	 21.6	 22.1	 21.7	 21.7	 0.098	 6.033	 6.054
  574.3	 22.6	 22.4	 20.0	 22.2	 21.6	 22.1	 21.7	 21.7	 0.098	 6.033	 6.054
  575.0	 22.5	 22.4	 20.0	 22.2	 21.6	 22.1	 21.7	 21.7	 0.094	 6.033	 6.054
  575.8	 22.5	 22.4	 20.0	 22.2	 21.6	 22.1	 21.7	 21.6	 0.092	 6.033	 6.054
  576.6	 22.5	 22.4	 20.0	 22.2	 21.5	 22.0	 21.7	 21.7	 0.092	 6.033	 6.054
  577.4	 22.5	 22.4	 20.0	 22.3	 21.5	 22.0	 21.7	 21.6	 0.089	 6.033	 6.054
  578.1	 22.5	 22.4	 20.0	 22.3	 21.5	 22.0	 21.7	 21.7	 0.098	 6.033	 6.054
  578.9	 22.5	 22.4	 20.0	 22.3	 21.6	 22.1	 21.7	 21.7	 0.087	 6.033	 6.054
  579.7	 22.5	 22.4	 20.0	 22.3	 21.6	 22.1	 21.7	 21.7	 0.097	 6.033	 6.054
  580.5	 22.5	 22.4	 20.0	 22.3	 21.6	 22.1	 21.7	 21.7	 0.091	 6.033	 6.054
  581.2	 22.6	 22.4	 20.0	 22.3	 21.6	 22.1	 21.7	 21.7	 0.089	 6.033	 6.054
  582.0	 22.6	 22.4	 20.0	 22.3	 21.6	 22.1	 21.7	 21.7	 0.091	 6.033	 6.054
  582.8	 22.6	 22.4	 20.0	 22.3	 21.6	 22.1	 21.7	 21.7	 0.094	 6.033	 6.054
  583.6	 22.6	 22.4	 20.0	 22.3	 21.6	 22.1	 21.7	 21.7	 0.098	 6.033	 6.054
  584.4	 22.6	 22.4	 20.0	 22.3	 21.6	 22.1	 21.7	 21.7	 0.088	 6.033	 6.054
  585.1	 22.6	 22.4	 20.0	 22.3	 21.6	 22.1	 21.8	 21.7	 0.095	 6.033	 6.054
  585.9	 22.6	 22.4	 20.0	 22.3	 21.6	 22.1	 21.8	 21.7	 0.093	 6.033	 6.054
  586.7	 22.6	 22.4	 20.0	 22.3	 21.6	 22.1	 21.8	 21.7	 0.085	 6.033	 6.054
  587.5	 22.6	 22.4	 20.0	 22.4	 21.6	 22.1	 21.8	 21.7	 0.092	 6.033	 6.054
  588.2	 22.6	 22.4	 20.0	 22.3	 21.6	 22.1	 21.8	 21.8	 0.094	 6.033	 6.033
  589.0	 22.6	 22.4	 20.0	 22.3	 21.6	 22.1	 21.7	 21.7	 0.092	 6.033	 6.054
  589.8	 22.6	 22.4	 20.0	 22.3	 21.6	 22.1	 21.7	 21.7	 0.093	 6.033	 6.054
  590.6	 22.6	 22.4	 20.0	 22.3	 21.6	 22.1	 21.7	 21.7	 0.090	 6.033	 6.054
  591.3	 22.6	 22.4	 20.0	 22.3	 21.6	 22.1	 21.7	 21.7	 0.088	 6.033	 6.054
  592.1	 22.6	 22.4	 20.0	 22.1	 21.6	 22.1	 21.7	 21.7	 0.091	 6.033	 6.054
  592.9	 22.6	 22.4	 20.0	 22.1	 21.6	 22.1	 21.7	 21.7	 0.095	 6.033	 6.054
  593.7	 22.6	 22.4	 20.0	 22.1	 21.6	 22.1	 21.7	 21.7	 0.087	 6.033	 6.054
  594.4	 22.6	 22.4	 20.0	 22.1	 21.6	 22.1	 21.7	 21.7	 0.094	 6.033	 6.054
  595.2	 22.6	 22.4	 20.0	 22.0	 21.6	 22.1	 21.7	 21.7	 0.096	 6.033	 6.054
  596.0	 22.6	 22.4	 20.0	 22.0	 21.6	 22.1	 21.7	 21.7	 0.091	 6.033	 6.054
  596.8	 22.6	 22.4	 20.0	 22.0	 21.6	 22.1	 21.7	 21.7	 0.088	 6.033	 6.054
  597.5	 22.6	 22.4	 20.0	 22.0	 21.6	 22.1	 21.7	 21.7	 0.095	 6.033	 6.054
  598.3	 22.6	 22.4	 20.0	 22.1	 21.6	 22.1	 21.7	 21.7	 0.089	 6.033	 6.054
  599.1	 22.6	 22.4	 20.0	 22.1	 21.6	 22.1	 21.7	 21.7	 0.089	 6.033	 6.054
  599.8	 22.6	 22.4	 20.0	 22.1	 21.6	 22.1	 21.7	 21.7	 0.089	 6.033	 6.054
  600.7	 22.5	 22.4	 20.0	 22.1	 21.6	 22.1	 21.7	 21.7	 0.090	 6.033	 6.054
  601.4	 22.6	 22.4	 20.0	 22.1	 21.6	 22.0	 21.7	 21.7	 0.094	 6.033	 6.054
  602.2	 22.6	 22.4	 20.0	 22.1	 21.6	 22.0	 21.7	 21.7	 0.090	 6.033	 6.054
  602.9	 22.6	 22.4	 20.0	 22.1	 21.5	 22.0	 21.7	 21.7	 0.095	 6.033	 6.054
  603.7	 22.6	 22.4	 20.0	 22.1	 21.6	 22.0	 21.7	 21.7	 0.091	 6.033	 6.054
  604.4	 22.6	 22.4	 20.0	 22.1	 21.6	 22.1	 21.7	 21.7	 0.088	 6.033	 6.054
  605.2	 22.6	 22.4	 20.0	 22.2	 21.6	 22.1	 21.7	 21.7	 0.091	 6.033	 6.054
  605.9	 22.6	 22.4	 20.0	 22.2	 21.6	 22.1	 21.7	 21.7	 0.089	 6.033	 6.054
  606.7	 22.6	 22.4	 20.0	 22.2	 21.5	 22.1	 21.7	 21.7	 0.094	 6.033	 6.054
  607.5	 22.6	 22.4	 20.0	 22.2	 21.6	 22.1	 21.7	 21.7	 0.086	 6.033	 6.054
  608.2	 22.6	 22.4	 20.0	 22.2	 21.5	 22.1	 21.7	 21.7	 0.091	 6.033	 6.054
  609.0	 22.6	 22.4	 20.0	 22.2	 21.6	 22.1	 21.7	 21.7	 0.095	 6.033	 6.054
  609.7	 22.5	 22.4	 20.0	 22.2	 21.6	 22.1	 21.7	 21.7	 0.089	 6.033	 6.054
  610.5	 22.5	 22.4	 20.0	 22.2	 21.6	 22.1	 21.7	 21.7	 0.088	 6.033	 6.054
  611.3	 22.5	 22.4	 20.0	 22.2	 21.6	 22.1	 21.8	 21.7	 0.090	 6.033	 6.054
  612.1	 22.5	 22.4	 20.0	 22.2	 21.6	 22.1	 21.8	 21.7	 0.090	 6.033	 6.054
  612.8	 22.5	 22.4	 20.0	 22.2	 21.6	 22.1	 21.8	 21.7	 0.088	 6.033	 6.054
  613.6	 22.5	 22.4	 20.0	 22.2	 21.6	 22.1	 21.7	 21.7	 0.086	 6.033	 6.054
  614.4	 22.5	 22.4	 20.0	 22.1	 21.6	 22.1	 21.8	 21.7	 0.090	 6.033	 6.054
  615.2	 22.5	 22.4	 20.0	 22.1	 21.6	 22.1	 21.7	 21.7	 0.088	 6.033	 6.054
  615.9	 22.6	 22.4	 20.0	 22.1	 21.6	 22.1	 21.7	 21.7	 0.091	 6.033	 6.054
  616.7	 22.6	 22.4	 20.0	 22.0	 21.6	 22.1	 21.8	 21.7	 0.096	 6.033	 6.054
  617.5	 22.6	 22.4	 20.0	 21.9	 21.6	 22.1	 21.7	 21.7	 0.096	 6.033	 6.054
  618.2	 22.5	 22.4	 20.0	 21.9	 21.6	 22.1	 21.7	 21.7	 0.099	 6.033	 6.054
  619.0	 22.5	 22.4	 20.0	 21.9	 21.6	 22.1	 21.7	 21.7	 0.101	 6.033	 6.054
  619.8	 22.5	 22.4	 20.0	 21.9	 21.6	 22.1	 21.7	 21.7	 0.102	 6.033	 6.054
  620.5	 22.5	 22.4	 20.0	 21.9	 21.6	 22.1	 21.8	 21.7	 0.101	 6.033	 6.054
  621.3	 22.5	 22.4	 20.0	 21.9	 21.7	 22.2	 21.8	 21.8	 0.102	 6.033	 6.054
  622.1	 22.5	 22.4	 20.0	 21.9	 21.7	 22.2	 21.8	 21.8	 0.101	 6.033	 6.033
  622.8	 22.5	 22.4	 20.0	 21.9	 21.7	 22.2	 21.8	 21.8	 0.104	 6.033	 6.054
  623.6	 22.5	 22.4	 20.0	 22.0	 21.7	 22.2	 21.8	 21.8	 0.104	 6.033	 6.054
  624.4	 22.5	 22.4	 20.0	 22.0	 21.7	 22.2	 21.8	 21.8	 0.101	 6.033	 6.054
  625.1	 22.5	 22.4	 20.0	 22.1	 21.6	 22.1	 21.8	 21.7	 0.102	 6.033	 6.054
  625.9	 22.6	 22.4	 20.0	 22.1	 21.6	 22.1	 21.8	 21.7	 0.102	 6.033	 6.054
  626.7	 22.6	 22.4	 20.0	 22.2	 21.6	 22.1	 21.7	 21.7	 0.105	 6.033	 6.033
  627.4	 22.6	 22.4	 20.0	 22.1	 21.6	 22.1	 21.7	 21.7	 0.104	 6.033	 6.054
  628.2	 22.6	 22.4	 20.0	 22.2	 21.6	 22.1	 21.7	 21.7	 0.099	 6.033	 6.054
  629.0	 22.5	 22.4	 20.0	 22.2	 21.6	 22.1	 21.7	 21.7	 0.102	 6.033	 6.054
  629.7	 22.6	 22.4	 20.0	 22.2	 21.6	 22.1	 21.7	 21.7	 0.101	 6.033	 6.054
  630.5	 22.5	 22.4	 20.0	 22.1	 21.6	 22.1	 21.7	 21.7	 0.104	 6.033	 6.054
  631.3	 22.6	 22.4	 20.0	 22.1	 21.6	 22.1	 21.7	 21.7	 0.106	 6.013	 6.054
  632.1	 22.6	 22.4	 20.0	 22.1	 21.6	 22.1	 21.7	 21.7	 0.102	 6.033	 6.054
  632.8	 22.6	 22.4	 20.0	 22.1	 21.6	 22.1	 21.7	 21.7	 0.099	 6.033	 6.033
  633.6	 22.6	 22.4	 20.0	 22.1	 21.6	 22.1	 21.7	 21.7	 0.101	 6.033	 6.054
  634.4	 22.6	 22.4	 20.0	 22.0	 21.6	 22.1	 21.8	 21.7	 0.103	 6.033	 6.054
  635.1	 22.6	 22.4	 20.0	 22.0	 21.6	 22.1	 21.7	 21.7	 0.104	 6.033	 6.054
  635.9	 22.6	 22.4	 20.0	 22.0	 21.6	 22.1	 21.7	 21.7	 0.102	 6.033	 6.054
  636.7	 22.6	 22.4	 20.0	 22.0	 21.6	 22.1	 21.7	 21.7	 0.103	 6.033	 6.054
  637.4	 22.6	 22.4	 20.0	 21.9	 21.6	 22.1	 21.7	 21.7	 0.103	 6.033	 6.054
  638.2	 22.6	 22.4	 20.0	 22.0	 21.6	 22.1	 21.7	 21.7	 0.105	 6.033	 6.054
  639.0	 22.6	 22.4	 20.0	 22.0	 21.6	 22.1	 21.7	 21.7	 0.105	 6.033	 6.054
  639.7	 22.5	 22.4	 20.0	 22.1	 21.6	 22.1	 21.7	 21.7	 0.104	 6.033	 6.054
  640.5	 22.6	 22.4	 20.0	 22.1	 21.6	 22.2	 21.8	 21.7	 0.104	 6.033	 6.054
  641.3	 22.5	 22.4	 20.0	 22.0	 21.6	 22.1	 21.8	 21.7	 0.104	 6.033	 6.054
  642.0	 22.6	 22.4	 20.0	 22.0	 21.6	 22.1	 21.8	 21.7	 0.101	 6.033	 6.054
  642.8	 22.6	 22.4	 20.0	 22.0	 21.6	 22.1	 21.7	 21.7	 0.104	 6.033	 6.054
  643.6	 22.6	 22.4	 20.0	 22.1	 21.6	 22.2	 21.8	 21.7	 0.101	 6.033	 6.054
  644.3	 22.5	 22.4	 20.0	 22.1	 21.6	 22.2	 21.8	 21.8	 0.103	 6.033	 6.054
  645.1	 22.5	 22.4	 20.0	 22.1	 21.6	 22.2	 21.8	 21.7	 0.101	 6.033	 6.054
  645.8	 22.6	 22.4	 20.0	 22.1	 21.6	 22.2	 21.8	 21.8	 0.102	 6.033	 6.054
  646.6	 22.6	 22.4	 20.0	 22.1	 21.7	 22.2	 21.8	 21.8	 0.102	 6.033	 6.054
  647.4	 22.6	 22.4	 20.0	 22.1	 21.7	 22.2	 21.8	 21.8	 0.104	 6.033	 6.054
  648.1	 22.6	 22.4	 20.0	 22.1	 21.7	 22.2	 21.8	 21.7	 0.104	 6.033	 6.054
  648.9	 22.6	 22.4	 20.0	 22.1	 21.6	 22.2	 21.8	 21.8	 0.102	 6.033	 6.054
  649.7	 22.6	 22.4	 20.0	 22.2	 21.6	 22.2	 21.8	 21.8	 0.102	 6.033	 6.054
  650.4	 22.6	 22.4	 20.0	 22.2	 21.6	 22.2	 21.8	 21.8	 0.100	 6.033	 6.054
  651.2	 22.6	 22.4	 20.0	 22.1	 21.6	 22.2	 21.8	 21.7	 0.102	 6.033	 6.054
  651.9	 22.6	 22.4	 20.0	 22.1	 21.6	 22.2	 21.8	 21.8	 0.105	 6.033	 6.054
  652.7	 22.6	 22.4	 20.0	 22.1	 21.7	 22.2	 21.8	 21.8	 0.103	 6.033	 6.054
  653.4	 22.6	 22.4	 20.0	 22.1	 21.7	 22.2	 21.8	 21.8	 0.102	 6.033	 6.054
  654.2	 22.6	 22.4	 20.0	 22.0	 21.7	 22.2	 21.8	 21.8	 0.096	 6.033	 6.054
  654.9	 22.6	 22.4	 20.0	 22.0	 21.7	 22.2	 21.8	 21.8	 0.103	 6.033	 6.054
  655.7	 22.6	 22.4	 20.0	 22.0	 21.7	 22.2	 21.8	 21.8	 0.102	 6.033	 6.054
  656.5	 22.6	 22.4	 20.0	 22.0	 21.7	 22.2	 21.8	 21.8	 0.098	 6.033	 6.054
  657.2	 22.6	 22.4	 20.0	 22.0	 21.7	 22.2	 21.8	 21.8	 0.102	 6.033	 6.054
  658.0	 22.6	 22.4	 20.0	 22.0	 21.7	 22.2	 21.8	 21.8	 0.101	 6.033	 6.054
  658.7	 22.6	 22.4	 20.0	 22.1	 21.7	 22.2	 21.8	 21.8	 0.104	 6.033	 6.054
  659.5	 22.6	 22.4	 20.0	 22.2	 21.7	 22.2	 21.8	 21.8	 0.103	 6.033	 6.054
  660.2	 22.6	 22.4	 20.0	 22.2	 21.6	 22.2	 21.8	 21.8	 0.099	 6.033	 6.054
  661.0	 22.6	 22.4	 20.0	 22.1	 21.7	 22.2	 21.8	 21.8	 0.102	 6.033	 6.054
  661.7	 22.6	 22.4	 20.0	 22.1	 21.6	 22.2	 21.8	 21.8	 0.100	 6.033	 6.054
  662.5	 22.6	 22.4	 20.0	 22.0	 21.6	 22.2	 21.8	 21.8	 0.038	 6.033	 6.054
  663.2	 22.6	 22.5	 20.0	 22.1	 21.6	 22.2	 21.8	 21.8	-0.000	 6.033	 6.054
  664.0	 22.6	 22.4	 20.0	 22.2	 21.7	 22.2	 21.8	 21.8	-0.012	 6.033	 6.054
  664.8	 22.6	 22.5	 20.0	 22.2	 21.6	 22.2	 21.8	 21.8	-0.018	 6.033	 6.054
  665.5	 22.6	 22.5	 20.0	 22.1	 21.7	 22.2	 21.8	 21.8	-0.013	 6.033	 6.054
  666.3	 22.6	 22.4	 20.0	 22.2	 21.7	 22.2	 21.8	 21.8	-0.008	 6.033	 6.054
  667.0	 22.6	 22.4	 20.0	 22.3	 21.7	 22.2	 21.8	 21.8	-0.004	 6.033	 6.054
  667.8	 22.6	 22.4	 20.0	 22.3	 21.7	 22.2	 21.8	 21.8	-0.002	 6.033	 6.054
  668.5	 22.6	 22.4	 20.0	 22.3	 21.7	 22.2	 21.8	 21.8	-0.001	 6.033	 6.054
  669.3	 22.6	 22.4	 20.0	 22.3	 21.7	 22.2	 21.8	 21.8	-0.000	 6.033	 6.054
  670.0	 22.5	 22.4	 20.0	 22.4	 21.7	 22.2	 21.8	 21.8	-0.000	 6.033	 6.054
  670.8	 22.5	 22.4	 20.0	 22.4	 21.7	 22.2	 21.8	 21.8	-0.000	 6.033	 6.054
  671.5	 22.5	 22.4	 20.0	 22.4	 21.7	 22.2	 21.8	 21.8	-0.000	 6.033	 6.054
  672.3	 22.5	 22.4	 20.0	 22.4	 21.7	 22.2	 21.8	 21.8	-0.000	 6.033	 6.054
  673.1	 22.5	 22.4	 20.0	 22.4	 21.7	 22.2	 21.8	 21.8	-0.001	 6.033	 6.054
  673.8	 22.5	 22.4	 20.0	 22.4	 21.7	 22.2	 21.8	 21.8	-0.000	 6.033	 6.054
  674.6	 22.5	 22.4	 20.0	 22.4	 21.7	 22.2	 21.8	 21.8	-0.001	 6.033	 6.054
  675.3	 22.6	 22.4	 20.0	 22.4	 21.7	 22.2	 21.8	 21.8	-0.001	 6.033	 6.054
  676.1	 22.6	 22.4	 20.0	 22.5	 21.7	 22.2	 21.8	 21.8	-0.000	 6.033	 6.054
  676.8	 22.6	 22.4	 20.0	 22.5	 21.7	 22.2	 21.8	 21.8	-0.000	 6.033	 6.054
  677.6	 22.6	 22.4	 20.0	 22.4	 21.7	 22.2	 21.8	 21.8	-0.000	 6.033	 6.054
  678.3	 22.6	 22.4	 20.0	 22.3	 21.7	 22.2	 21.9	 21.8	-0.000	 6.033	 6.054
  679.1	 22.6	 22.4	 20.0	 22.2	 21.7	 22.2	 21.9	 21.8	-0.000	 6.033	 6.054
  679.9	 22.6	 22.4	 20.0	 22.2	 21.7	 22.2	 21.9	 21.8	-0.001	 6.033	 6.054
  680.6	 22.6	 22.4	 20.0	 22.1	 21.7	 22.2	 21.9	 21.8	-0.001	 6.033	 6.054
  681.4	 22.6	 22.4	 20.0	 22.1	 21.7	 22.2	 21.8	 21.8	-0.000	 6.033	 6.054
  682.1	 22.6	 22.4	 20.0	 22.1	 21.7	 22.2	 21.8	 21.8	-0.001	 6.033	 6.054
  682.9	 22.6	 22.4	 20.0	 22.1	 21.6	 22.2	 21.8	 21.8	-0.001	 6.033	 6.054
  683.6	 22.6	 22.4	 20.0	 22.1	 21.6	 22.2	 21.8	 21.8	-0.001	 6.033	 6.054
  684.4	 22.6	 22.4	 20.0	 22.1	 21.6	 22.1	 21.8	 21.7	-0.000	 6.033	 6.054
  685.1	 22.6	 22.4	 20.0	 22.1	 21.7	 22.2	 21.8	 21.8	-0.000	 6.033	 6.054
  685.9	 22.6	 22.4	 20.0	 22.1	 21.7	 22.2	 21.8	 21.8	-0.000	 6.033	 6.054
  686.6	 22.6	 22.4	 20.0	 22.0	 21.7	 22.2	 21.9	 21.8	-0.000	 6.033	 6.054
  687.4	 22.6	 22.4	 20.0	 22.0	 21.7	 22.2	 21.8	 21.8	-0.001	 6.033	 6.054
  688.2	 22.6	 22.4	 20.0	 21.9	 21.7	 22.3	 21.9	 21.9	-0.001	 6.033	 6.054
  688.9	 22.6	 22.4	 20.0	 21.8	 21.7	 22.2	 21.8	 21.8	-0.000	 6.033	 6.054
  689.7	 22.6	 22.4	 20.0	 21.8	 21.7	 22.2	 21.8	 21.8	-0.001	 6.033	 6.054
  690.4	 22.6	 22.4	 20.0	 21.7	 21.6	 22.2	 21.8	 21.8	-0.000	 6.033	 6.054
  691.3	 22.6	 22.4	 20.0	 21.7	 21.6	 22.2	 21.8	 21.7	-0.000	 6.033	 6.054
  692.0	 22.6	 22.4	 20.0	 21.7	 21.6	 22.1	 21.8	 21.8	-0.000	 6.033	 6.054
  692.8	 22.6	 22.4	 20.0	 21.7	 21.7	 22.2	 21.8	 21.8	-0.000	 6.033	 6.054
  693.5	 22.6	 22.4	 20.0	 21.7	 21.7	 22.2	 21.8	 21.8	-0.000	 6.033	 6.054
  694.3	 22.6	 22.5	 20.0	 21.7	 21.7	 22.2	 21.8	 21.8	-0.000	 6.033	 6.054
  695.0	 22.6	 22.4	 20.0	 21.8	 21.7	 22.2	 21.8	 21.8	-0.000	 6.033	 6.054
  695.8	 22.6	 22.5	 20.0	 21.7	 21.7	 22.2	 21.8	 21.8	-0.000	 6.033	 6.054
  696.6	 22.6	 22.4	 20.0	 21.8	 21.7	 22.2	 21.8	 21.8	-0.000	 6.033	 6.054
  697.3	 22.6	 22.5	 20.0	 21.8	 21.6	 22.2	 21.8	 21.8	-0.000	 6.033	 6.054
  698.1	 22.6	 22.4	 20.0	 21.8	 21.7	 22.2	 21.8	 21.8	-0.000	 6.033	 6.054
  698.8	 22.6	 22.4	 20.0	 21.8	 21.7	 22.2	 21.8	 21.8	-0.000	 6.033	 6.054
  699.6	 22.6	 22.5	 20.0	 21.9	 21.7	 22.2	 21.8	 21.8	-0.000	 6.033	 6.054
  700.3	 22.6	 22.5	 20.0	 21.9	 21.7	 22.2	 21.8	 21.8	-0.000	 6.033	 6.054
  701.1	 22.6	 22.4	 20.0	 22.0	 21.7	 22.2	 21.8	 21.8	-0.000	 6.033	 6.054
  701.8	 22.6	 22.4	 20.0	 22.0	 21.7	 22.2	 21.8	 21.8	-0.000	 6.033	 6.054
  702.6	 22.6	 22.4	 20.0	 21.9	 21.7	 22.2	 21.8	 21.8	-0.000	 6.033	 6.054
  703.4	 22.6	 22.4	 20.0	 21.9	 21.7	 22.2	 21.8	 21.8	-0.001	 6.033	 6.054
  704.1	 22.6	 22.5	 20.0	 21.9	 21.7	 22.2	 21.8	 21.8	-0.001	 6.033	 6.054
  704.9	 22.6	 22.5	 20.0	 21.9	 21.6	 22.1	 21.8	 21.8	-0.000	 6.033	 6.054
  705.6	 22.6	 22.5	 20.0	 21.9	 21.6	 22.2	 21.8	 21.7	-0.000	 6.033	 6.054
  706.4	 22.6	 22.5	 20.0	 21.9	 21.6	 22.1	 21.7	 21.7	-0.000	 6.033	 6.054
  707.1	 22.6	 22.4	 20.0	 21.9	 21.6	 22.1	 21.7	 21.7	-0.000	 6.033	 6.054
  707.9	 22.6	 22.4	 20.0	 21.9	 21.6	 22.1	 21.8	 21.7	-0.001	 6.033	 6.054
  708.6	 22.6	 22.4	 20.0	 21.8	 21.6	 22.1	 21.7	 21.7	-0.000	 6.033	 6.054
  709.4	 22.6	 22.4	 20.0	 21.8	 21.6	 22.2	 21.8	 21.7	-0.000	 6.033	 6.054
  710.1	 22.6	 22.4	 20.0	 21.8	 21.7	 22.2	 21.8	 21.8	-0.000	 6.033	 6.054
  710.9	 22.6	 22.4	 20.0	 21.8	 21.7	 22.2	 21.8	 21.8	-0.000	 6.033	 6.054
  711.7	 22.6	 22.4	 20.0	 21.9	 21.6	 22.2	 21.8	 21.8	-0.000	 6.033	 6.054
  712.4	 22.6	 22.5	 20.0	 21.9	 21.7	 22.2	 21.8	 21.8	-0.000	 6.033	 6.054
  713.2	 22.6	 22.5	 20.0	 21.9	 21.7	 22.2	 21.8	 21.8	-0.000	 6.033	 6.054
  713.9	 22.6	 22.4	 20.0	 22.0	 21.7	 22.2	 21.8	 21.8	-0.000	 6.033	 6.054
  714.7	 22.6	 22.4	 20.0	 22.0	 21.7	 22.2	 21.8	 21.8	-0.001	 6.033	 6.054
  715.4	 22.6	 22.4	 20.0	 22.0	 21.7	 22.2	 21.8	 21.8	-0.000	 6.033	 6.054
  716.2	 22.6	 22.4	 20.0	 22.0	 21.7	 22.2	 21.8	 21.8	-0.000	 6.033	 6.054
  716.9	 22.6	 22.4	 20.0	 22.0	 21.7	 22.2	 21.8	 21.8	-0.000	 6.033	 6.054
  717.7	 22.6	 22.4	 20.0	 22.0	 21.7	 22.2	 21.8	 21.8	-0.001	 6.033	 6.054
  718.5	 22.6	 22.5	 20.0	 21.9	 21.7	 22.2	 21.8	 21.8	-0.000	 6.033	 6.054
  719.2	 22.6	 22.5	 20.0	 21.9	 21.7	 22.2	 21.8	 21.8	-0.000	 6.033	 6.054
  720.0	 22.6	 22.4	 20.0	 21.9	 21.7	 22.2	 21.8	 21.8	-0.000	 6.013	 6.054
  720.7	 22.6	 22.5	 20.0	 21.9	 21.7	 22.2	 21.8	 21.8	-0.000	 6.013	 6.054
  721.5	 22.6	 22.5	 20.0	 21.9	 21.7	 22.2	 21.9	 21.8	-0.000	 6.033	 6.054
  722.2	 22.6	 22.4	 20.0	 21.9	 21.7	 22.2	 21.9	 21.8	-0.000	 6.033	 6.054
  723.0	 22.6	 22.5	 20.0	 21.9	 21.7	 22.2	 21.8	 21.8	-0.000	 6.033	 6.054
  723.7	 22.6	 22.5	 20.0	 21.9	 21.7	 22.2	 21.8	 21.8	-0.000	 6.033	 6.054
  724.5	 22.6	 22.4	 20.0	 21.9	 21.7	 22.2	 21.8	 21.8	-0.000	 6.033	 6.054
  725.2	 22.6	 22.4	 20.0	 21.9	 21.7	 22.2	 21.8	 21.8	-0.000	 6.033	 6.054
  726.0	 22.6	 22.4	 20.0	 21.9	 21.7	 22.2	 21.8	 21.8	-0.000	 6.033	 6.054
  726.8	 22.6	 22.4	 20.0	 21.9	 21.7	 22.2	 21.9	 21.8	-0.000	 6.033	 6.054
  727.5	 22.6	 22.4	 20.0	 21.9	 21.7	 22.2	 21.8	 21.8	-0.000	 6.033	 6.054
  728.3	 22.6	 22.4	 20.0	 21.9	 21.7	 22.2	 21.9	 21.8	-0.000	 6.033	 6.054
  729.0	 22.6	 22.4	 20.0	 21.9	 21.7	 22.2	 21.9	 21.8	-0.000	 6.033	 6.054
  729.8	 22.6	 22.4	 20.0	 21.9	 21.7	 22.2	 21.9	 21.8	-0.001	 6.033	 6.054
  730.5	 22.6	 22.4	 20.0	 22.0	 21.7	 22.2	 21.8	 21.8	-0.000	 6.033	 6.054
  731.3	 22.6	 22.4	 20.0	 22.0	 21.7	 22.2	 21.9	 21.8	-0.000	 6.033	 6.054
  732.0	 22.6	 22.4	 20.0	 22.0	 21.7	 22.3	 21.8	 21.8	-0.001	 6.033	 6.054
  732.7	 22.6	 22.4	 20.0	 22.0	 21.7	 22.2	 21.9	 21.8	-0.000	 6.033	 6.054
  733.5	 22.6	 22.4	 20.0	 22.1	 21.7	 22.2	 21.9	 21.8	-0.000	 6.033	 6.054
  734.2	 22.6	 22.4	 20.0	 22.1	 21.7	 22.3	 21.9	 21.8	-0.000	 6.033	 6.054
  735.0	 22.6	 22.4	 20.0	 22.1	 21.7	 22.2	 21.9	 21.8	-0.000	 6.033	 6.054
  735.7	 22.6	 22.4	 20.0	 22.1	 21.7	 22.3	 21.9	 21.8	-0.000	 6.033	 6.054
  736.5	 22.6	 22.4	 20.0	 22.1	 21.7	 22.3	 21.9	 21.9	-0.000	 6.033	 6.054
  737.2	 22.6	 22.4	 20.0	 22.1	 21.8	 22.3	 21.9	 21.9	-0.000	 6.033	 6.054
  738.0	 22.6	 22.4	 20.0	 22.1	 21.8	 22.3	 21.9	 21.9	-0.000	 6.033	 6.054
  738.7	 22.6	 22.4	 20.0	 22.1	 21.8	 22.3	 21.9	 21.9	-0.000	 6.033	 6.054
  739.4	 22.6	 22.4	 20.0	 22.1	 21.7	 22.3	 21.9	 21.9	-0.000	 6.033	 6.054
  740.2	 22.6	 22.4	 20.0	 22.2	 21.7	 22.3	 21.9	 21.8	-0.000	 6.033	 6.054
  740.9	 22.6	 22.4	 20.0	 22.2	 21.7	 22.2	 21.9	 21.8	-0.000	 6.033	 6.054
  741.7	 22.6	 22.4	 20.0	 22.2	 21.7	 22.2	 21.8	 21.8	-0.000	 6.033	 6.054
  742.4	 22.6	 22.4	 20.0	 22.1	 21.7	 22.2	 21.8	 21.8	-0.000	 6.033	 6.054
  743.2	 22.6	 22.4	 20.0	 22.0	 21.7	 22.2	 21.9	 21.8	-0.000	 6.033	 6.054
  743.9	 22.6	 22.4	 20.0	 22.0	 21.7	 22.2	 21.8	 21.8	-0.000	 6.013	 6.054
  744.7	 22.6	 22.4	 20.0	 21.9	 21.7	 22.3	 21.9	 21.8	-0.000	 6.033	 6.054
  745.5	 22.6	 22.4	 20.0	 21.8	 21.7	 22.3	 21.9	 21.8	-0.000	 6.033	 6.054
  746.2	 22.6	 22.4	 20.0	 21.8	 21.7	 22.3	 21.9	 21.8	-0.000	 6.013	 6.054
  747.0	 22.6	 22.4	 20.0	 21.8	 21.7	 22.2	 21.9	 21.8	-0.000	 6.013	 6.054
  747.7	 22.6	 22.4	 20.0	 21.8	 21.7	 22.3	 21.9	 21.8	-0.000	 6.033	 6.054
  748.5	 22.6	 22.4	 20.0	 21.8	 21.7	 22.2	 21.8	 21.8	-0.000	 6.033	 6.054
  749.3	 22.6	 22.4	 20.0	 21.9	 21.7	 22.3	 21.8	 21.8	-0.000	 6.033	 6.054
