# Run number 05 on Fri May 10 13:13:23 2019
# time	TA	TB	TC	TD	T1	T2	T3	T4	DP	P2	P1
    1.3	 48.2	 56.8	 20.0	 20.0	 20.7	 75.9	 52.6	 17.7	 0.135	16.173	 4.925
    1.6	 48.2	 56.8	 20.0	 20.0	 20.7	 75.9	 52.6	 17.7	 0.136	16.173	 4.925
    2.4	 48.2	 56.8	 20.0	 20.0	 20.6	 75.9	 52.6	 17.7	 0.133	16.276	 4.946
    3.3	 48.2	 56.8	 20.0	 20.0	 20.7	 75.9	 52.6	 17.7	 0.136	16.255	 4.925
    4.1	 48.2	 56.8	 20.0	 20.0	 20.7	 75.8	 52.6	 17.7	 0.135	16.173	 4.946
    4.9	 48.1	 56.8	 20.0	 20.0	 20.7	 75.8	 52.6	 17.7	 0.133	16.173	 4.946
    5.7	 48.2	 56.8	 20.0	 20.0	 20.7	 75.9	 52.6	 17.8	 0.132	16.112	 4.946
    6.6	 48.1	 56.8	 20.0	 20.0	 20.7	 75.9	 52.6	 17.8	 0.128	16.071	 4.946
    7.4	 48.1	 56.8	 20.0	 20.0	 20.7	 75.9	 52.7	 17.8	 0.131	16.235	 4.946
    8.2	 48.1	 56.8	 20.0	 20.0	 20.7	 75.9	 52.7	 17.8	 0.132	16.276	 4.966
    9.0	 48.1	 56.8	 20.0	 20.0	 20.8	 75.9	 52.7	 17.9	 0.134	16.091	 4.966
    9.9	 48.1	 56.8	 20.0	 20.0	 20.7	 75.9	 52.7	 17.9	 0.132	16.132	 4.966
   10.6	 48.1	 56.8	 20.0	 20.0	 20.7	 75.9	 52.6	 17.9	 0.137	16.153	 4.966
   11.5	 48.1	 56.8	 20.0	 20.0	 20.6	 75.8	 52.6	 17.9	 0.133	16.173	 4.966
   12.3	 48.1	 56.8	 20.0	 20.0	 20.6	 75.8	 52.6	 17.9	 0.136	16.112	 4.966
   13.1	 48.1	 56.8	 20.0	 20.0	 20.5	 75.8	 52.6	 17.9	 0.138	16.112	 4.946
   13.9	 48.0	 56.8	 20.0	 20.0	 20.4	 75.8	 52.6	 17.9	 0.132	16.194	 4.946
   14.8	 48.0	 56.8	 20.0	 20.0	 20.4	 75.8	 52.6	 18.0	 0.140	16.214	 4.946
   15.6	 48.0	 56.8	 20.0	 20.0	 20.3	 75.9	 52.6	 18.0	 0.132	16.051	 4.946
   16.4	 48.0	 56.7	 20.0	 20.0	 20.2	 75.9	 52.6	 18.0	 0.132	16.051	 4.946
   17.2	 48.0	 56.7	 20.0	 20.0	 20.1	 75.9	 52.6	 18.0	 0.130	16.091	 4.966
   18.1	 48.0	 56.7	 20.0	 20.0	 19.9	 75.9	 52.6	 18.1	 0.133	16.091	 4.946
   18.9	 48.0	 56.7	 20.0	 20.0	 19.7	 75.8	 52.6	 18.1	 0.136	16.153	 4.966
   19.7	 48.0	 56.7	 20.0	 20.0	 19.6	 75.8	 52.5	 18.1	 0.136	16.194	 4.986
   20.5	 48.0	 56.7	 20.0	 20.0	 19.5	 75.8	 52.6	 18.1	 0.139	16.051	 4.986
   21.4	 48.0	 56.7	 20.0	 20.0	 19.3	 75.8	 52.6	 18.1	 0.137	16.235	 4.986
   22.2	 48.0	 56.7	 20.0	 20.0	 19.2	 75.8	 52.6	 18.2	 0.136	16.112	 4.986
   23.0	 48.0	 56.6	 20.0	 20.0	 19.1	 75.8	 52.6	 18.2	 0.135	16.091	 4.986
   23.8	 48.0	 56.7	 20.0	 20.0	 18.9	 75.8	 52.6	 18.2	 0.140	16.153	 5.007
   24.7	 48.0	 56.7	 20.0	 20.0	 18.6	 75.7	 52.6	 18.2	 0.140	16.194	 4.986
   25.4	 47.9	 56.7	 20.0	 20.0	 18.4	 75.7	 52.6	 18.2	 0.133	16.235	 5.007
   26.3	 47.9	 56.7	 20.0	 20.0	 17.9	 75.7	 52.6	 18.3	 0.130	16.214	 4.986
   27.1	 47.9	 56.7	 20.0	 20.0	 16.7	 75.6	 52.6	 18.3	 0.140	16.091	 5.007
   28.0	 47.9	 56.6	 20.0	 20.0	 16.5	 75.6	 52.6	 18.3	 0.130	16.051	 5.027
   28.7	 47.9	 56.6	 20.0	 20.0	 16.5	 75.6	 52.6	 18.3	 0.136	16.235	 5.027
   29.6	 47.9	 56.7	 20.0	 20.0	 16.4	 75.6	 52.6	 18.4	 0.132	16.255	 5.027
   30.4	 47.9	 56.7	 20.0	 20.0	 16.4	 75.5	 52.5	 18.3	 0.135	16.194	 5.027
   31.2	 47.9	 56.7	 20.0	 20.0	 16.4	 75.5	 52.5	 18.3	 0.134	16.153	 5.007
   32.0	 47.9	 56.7	 20.0	 20.0	 16.4	 75.4	 52.5	 18.3	 0.136	16.194	 5.007
   32.9	 47.9	 56.6	 20.0	 20.0	 16.3	 75.4	 52.4	 18.3	 0.132	16.214	 5.027
   33.7	 47.9	 56.7	 20.0	 20.0	 16.2	 75.4	 52.4	 18.2	 0.132	16.051	 5.007
   34.5	 47.9	 56.7	 20.0	 20.0	 16.2	 75.4	 52.4	 18.2	 0.135	16.255	 5.007
   35.3	 47.9	 56.7	 20.0	 20.0	 16.2	 75.4	 52.4	 18.2	 0.137	16.132	 4.986
   36.2	 47.8	 56.7	 20.0	 20.0	 16.2	 75.3	 52.3	 18.2	 0.137	16.153	 4.986
   37.0	 47.8	 56.7	 20.0	 20.0	 16.2	 75.3	 52.3	 18.2	 0.137	16.235	 4.966
   37.8	 47.8	 56.7	 20.0	 20.0	 16.2	 75.3	 52.3	 18.2	 0.139	16.276	 4.986
   38.6	 47.8	 56.7	 20.0	 20.0	 16.2	 75.3	 52.2	 18.1	 0.134	16.132	 4.986
   39.5	 47.8	 56.7	 20.0	 20.0	 16.1	 75.3	 52.2	 18.1	 0.130	16.153	 4.986
   40.3	 47.8	 56.7	 20.0	 20.0	 16.1	 75.2	 52.1	 18.1	 0.133	16.173	 4.966
   41.1	 47.8	 56.7	 20.0	 20.0	 16.1	 75.3	 52.1	 18.1	 0.133	16.091	 4.966
   41.9	 47.8	 56.7	 20.0	 20.0	 16.1	 75.2	 52.1	 18.0	 0.133	16.235	 4.966
   42.8	 47.8	 56.7	 20.0	 20.0	 16.0	 75.2	 52.1	 18.0	 0.132	16.194	 4.946
   43.5	 47.8	 56.7	 20.0	 20.0	 16.0	 75.2	 52.0	 18.0	 0.126	16.051	 4.966
   44.4	 47.8	 56.7	 20.0	 20.0	 16.1	 75.2	 52.0	 18.0	 0.130	16.276	 4.966
   45.2	 47.7	 56.6	 20.0	 20.0	 16.1	 75.2	 52.0	 17.9	 0.138	16.132	 4.925
   46.1	 47.7	 56.6	 20.0	 20.0	 16.0	 75.1	 51.9	 17.9	 0.139	16.071	 5.007
   46.8	 47.7	 56.6	 20.0	 20.0	 16.0	 75.1	 51.8	 17.9	 0.136	16.235	 4.946
   47.7	 47.7	 56.6	 20.0	 20.0	 15.9	 75.1	 51.8	 17.8	 0.137	16.235	 4.946
   48.5	 47.7	 56.6	 20.0	 20.0	 16.0	 75.1	 51.8	 17.8	 0.135	16.091	 4.925
   49.3	 47.7	 56.6	 20.0	 20.0	 16.0	 75.1	 51.7	 17.8	 0.130	16.112	 4.905
   50.1	 47.7	 56.6	 20.0	 20.0	 16.0	 75.1	 51.7	 17.7	 0.139	16.194	 4.925
   51.0	 47.7	 56.6	 20.0	 20.0	 16.0	 75.1	 51.7	 17.7	 0.125	16.235	 4.925
   51.8	 47.7	 56.6	 20.0	 20.0	 16.0	 75.1	 51.6	 17.7	 0.134	16.091	 5.048
   52.6	 47.7	 56.6	 20.0	 20.0	 16.0	 75.1	 51.6	 17.7	 0.131	16.051	 4.905
   53.4	 47.7	 56.6	 20.0	 20.0	 16.1	 75.1	 51.6	 17.6	 0.134	16.153	 4.925
   54.3	 47.7	 56.6	 20.0	 20.0	 16.1	 75.0	 51.5	 17.6	 0.133	16.051	 4.905
   55.1	 47.7	 56.6	 20.0	 20.0	 16.2	 75.0	 51.5	 17.6	 0.130	16.132	 4.905
   55.9	 47.7	 56.6	 20.0	 20.0	 16.3	 75.0	 51.5	 17.5	 0.131	16.132	 4.884
   56.7	 47.7	 56.5	 20.0	 20.0	 16.4	 75.0	 51.4	 17.5	 0.130	16.214	 4.864
   57.6	 47.6	 56.5	 20.0	 20.0	 16.5	 75.0	 51.4	 17.5	 0.138	16.235	 4.864
   58.4	 47.6	 56.5	 20.0	 20.0	 16.7	 75.0	 51.4	 17.4	 0.136	16.071	 4.864
   59.2	 47.6	 56.5	 20.0	 20.0	 16.9	 75.0	 51.4	 17.4	 0.137	15.989	 4.884
   60.0	 47.6	 56.5	 20.0	 20.0	 17.0	 75.0	 51.3	 17.4	 0.136	16.214	 4.864
   60.9	 47.6	 56.5	 20.0	 20.0	 17.1	 75.0	 51.3	 17.3	 0.134	16.051	 4.864
   61.7	 47.6	 56.5	 20.0	 20.0	 17.3	 75.0	 51.3	 17.3	 0.125	16.010	 4.864
   62.5	 47.6	 56.5	 20.0	 20.0	 17.4	 75.0	 51.2	 17.3	 0.133	16.153	 4.843
   63.3	 47.6	 56.5	 20.0	 20.0	 17.6	 75.0	 51.2	 17.2	 0.133	16.051	 4.843
   64.2	 47.6	 56.4	 20.0	 20.0	 17.7	 75.0	 51.2	 17.2	 0.134	15.948	 4.864
   65.0	 47.6	 56.4	 20.0	 20.0	 17.8	 75.0	 51.2	 17.1	 0.132	16.112	 4.843
   65.8	 47.6	 56.4	 20.0	 20.0	 17.9	 75.0	 51.2	 17.1	 0.135	15.989	 4.823
   66.6	 47.5	 56.4	 20.0	 20.0	 18.1	 75.0	 51.2	 17.1	 0.128	16.051	 4.823
   67.5	 47.5	 56.4	 20.0	 20.0	 18.2	 75.1	 51.2	 17.1	 0.133	15.928	 4.843
   68.3	 47.6	 56.4	 20.0	 20.0	 18.3	 75.1	 51.1	 17.0	 0.134	15.989	 4.823
   69.1	 47.5	 56.3	 20.0	 20.0	 18.5	 75.1	 51.1	 17.0	 0.128	15.928	 4.823
   69.9	 47.5	 56.4	 20.0	 20.0	 18.5	 75.1	 51.1	 17.0	 0.135	15.928	 4.946
   70.8	 47.5	 56.3	 20.0	 20.0	 18.6	 75.1	 51.1	 17.0	 0.135	15.969	 4.823
   71.6	 47.5	 56.3	 20.0	 20.0	 18.7	 75.1	 51.2	 16.9	 0.135	15.989	 4.803
   72.4	 47.5	 56.3	 20.0	 20.0	 18.8	 75.1	 51.2	 16.9	 0.127	15.866	 4.803
   73.2	 47.5	 56.3	 20.0	 20.0	 18.9	 75.1	 51.1	 16.9	 0.134	15.928	 4.803
   74.1	 47.5	 56.3	 20.0	 20.0	 18.9	 75.1	 51.1	 16.9	 0.134	15.907	 4.803
   74.9	 47.5	 56.2	 20.0	 20.0	 19.0	 75.1	 51.1	 16.9	 0.139	15.846	 4.803
   75.8	 47.5	 56.2	 20.0	 20.0	 19.1	 75.1	 51.1	 16.9	 0.128	15.907	 4.803
   76.6	 47.5	 56.2	 20.0	 20.0	 19.1	 75.1	 51.1	 16.9	 0.142	15.866	 4.803
   77.5	 47.5	 56.2	 20.0	 20.0	 19.2	 75.1	 51.1	 16.9	 0.135	15.928	 4.803
   78.3	 47.5	 56.2	 20.0	 20.0	 19.3	 75.2	 51.1	 16.9	 0.134	15.846	 4.803
   79.1	 47.5	 56.1	 20.0	 20.0	 19.3	 75.2	 51.1	 16.9	 0.134	15.826	 4.803
   79.9	 47.5	 56.1	 20.0	 20.0	 19.4	 75.2	 51.2	 16.9	 0.132	15.887	 4.803
   80.8	 47.4	 56.1	 20.0	 20.0	 19.5	 75.2	 51.2	 16.9	 0.136	15.826	 4.823
   81.6	 47.4	 56.1	 20.0	 20.0	 19.5	 75.2	 51.2	 16.9	 0.137	15.969	 4.782
   82.5	 47.4	 56.1	 20.0	 20.0	 19.6	 75.2	 51.2	 16.9	 0.136	15.846	 4.823
   83.3	 47.4	 56.1	 20.0	 20.0	 19.6	 75.2	 51.2	 16.9	 0.132	15.989	 4.803
   84.2	 47.4	 56.1	 20.0	 20.0	 19.6	 75.2	 51.2	 16.9	 0.139	15.866	 4.823
   85.0	 47.4	 56.1	 20.0	 20.0	 19.7	 75.2	 51.3	 16.9	 0.131	15.989	 4.823
   85.8	 47.4	 56.0	 20.0	 20.0	 19.8	 75.2	 51.3	 16.9	 0.136	15.948	 4.803
   86.6	 47.4	 56.0	 20.0	 20.0	 19.8	 75.2	 51.3	 16.9	 0.139	15.826	 4.823
   87.5	 47.4	 56.0	 20.0	 20.0	 19.9	 75.2	 51.4	 17.0	 0.132	15.826	 4.823
   88.3	 47.4	 56.0	 20.0	 20.0	 19.9	 75.2	 51.4	 17.0	 0.132	15.744	 4.823
   89.2	 47.4	 56.0	 20.0	 20.0	 19.9	 75.2	 51.4	 17.0	 0.132	15.805	 4.823
   90.0	 47.4	 56.0	 20.0	 20.0	 20.0	 75.2	 51.4	 17.1	 0.132	16.010	 4.843
   90.9	 47.3	 56.0	 20.0	 20.0	 20.1	 75.2	 51.5	 17.0	 0.132	15.764	 4.843
   91.7	 47.3	 55.9	 20.0	 20.0	 20.1	 75.2	 51.5	 17.1	 0.140	15.948	 4.864
   92.5	 47.3	 56.0	 20.0	 20.0	 20.1	 75.2	 51.5	 17.1	 0.135	15.948	 4.843
   93.3	 47.3	 55.9	 20.0	 20.0	 20.1	 75.2	 51.5	 17.1	 0.137	15.805	 4.843
   94.2	 47.3	 55.9	 20.0	 20.0	 20.2	 75.2	 51.5	 17.1	 0.140	15.826	 4.843
   95.0	 47.3	 55.9	 20.0	 20.0	 20.2	 75.2	 51.5	 17.1	 0.135	15.846	 4.843
   95.9	 47.3	 55.9	 20.0	 20.0	 20.2	 75.2	 51.5	 17.2	 0.134	15.948	 4.864
   96.7	 47.3	 55.9	 20.0	 20.0	 20.3	 75.2	 51.6	 17.2	 0.131	15.764	 4.864
   97.6	 47.3	 55.9	 20.0	 20.0	 20.3	 75.2	 51.6	 17.2	 0.134	15.826	 4.864
   98.4	 47.3	 55.9	 20.0	 20.0	 20.3	 75.2	 51.6	 17.2	 0.137	15.785	 4.884
   99.2	 47.3	 55.9	 20.0	 20.0	 20.3	 75.2	 51.6	 17.2	 0.133	15.764	 4.884
  100.1	 47.3	 55.9	 20.0	 20.0	 20.4	 75.2	 51.6	 17.2	 0.132	15.846	 4.884
  100.9	 47.3	 55.9	 20.0	 20.0	 20.4	 75.2	 51.6	 17.3	 0.125	15.948	 4.864
  101.7	 47.2	 55.9	 20.0	 20.0	 20.4	 75.2	 51.6	 17.3	 0.133	15.866	 4.884
  102.6	 47.2	 55.9	 20.0	 20.0	 20.4	 75.2	 51.6	 17.3	 0.134	15.866	 4.884
  103.4	 47.2	 55.9	 20.0	 20.0	 20.4	 75.2	 51.6	 17.3	 0.134	15.785	 4.884
  104.3	 47.2	 55.9	 20.0	 20.0	 20.5	 75.2	 51.6	 17.4	 0.136	15.846	 4.884
  105.1	 47.2	 55.9	 20.0	 20.0	 20.5	 75.2	 51.6	 17.4	 0.142	15.785	 4.884
  106.0	 47.2	 55.9	 20.0	 20.0	 20.5	 75.2	 51.6	 17.4	 0.139	15.744	 4.884
  106.8	 47.2	 55.9	 20.0	 20.0	 20.5	 75.2	 51.6	 17.4	 0.129	15.703	 4.884
  107.6	 47.2	 55.9	 20.0	 20.0	 20.5	 75.2	 51.7	 17.4	 0.127	15.764	 4.905
  108.4	 47.2	 55.8	 20.0	 20.0	 20.5	 75.2	 51.6	 17.4	 0.132	15.907	 4.905
  109.3	 47.2	 55.8	 20.0	 20.0	 20.5	 75.2	 51.7	 17.5	 0.134	15.744	 4.905
  110.1	 47.2	 55.8	 20.0	 20.0	 20.6	 75.2	 51.7	 17.5	 0.135	15.703	 4.925
  111.0	 47.2	 55.8	 20.0	 20.0	 20.6	 75.2	 51.6	 17.5	 0.136	15.887	 4.925
  111.8	 47.2	 55.8	 20.0	 20.0	 20.5	 75.2	 51.6	 17.5	 0.130	15.723	 4.925
  112.7	 47.2	 55.8	 20.0	 20.0	 20.5	 75.2	 51.6	 17.5	 0.134	15.887	 4.925
  113.4	 47.2	 55.8	 20.0	 20.0	 20.5	 75.2	 51.6	 17.5	 0.140	15.785	 4.905
  114.3	 47.2	 55.8	 20.0	 20.0	 20.5	 75.1	 51.6	 17.5	 0.134	15.866	 4.925
  115.1	 47.2	 55.8	 20.0	 20.0	 20.5	 75.1	 51.6	 17.5	 0.133	15.887	 4.925
  116.0	 47.2	 55.8	 20.0	 20.0	 20.5	 75.2	 51.6	 17.6	 0.139	15.805	 4.925
  116.8	 47.2	 55.8	 20.0	 20.0	 20.4	 75.1	 51.6	 17.6	 0.141	15.744	 4.925
  117.6	 47.2	 55.8	 20.0	 20.0	 20.4	 75.1	 51.6	 17.6	 0.137	15.744	 4.925
  118.4	 47.1	 55.8	 20.0	 20.0	 20.3	 75.2	 51.5	 17.6	 0.132	15.744	 4.925
  119.3	 47.1	 55.8	 20.0	 20.0	 20.3	 75.1	 51.6	 17.6	 0.138	15.826	 4.905
  120.1	 47.1	 55.8	 20.0	 20.0	 20.2	 75.2	 51.6	 17.7	 0.134	15.907	 4.905
  121.0	 47.1	 55.8	 20.0	 20.0	 20.1	 75.1	 51.6	 17.7	 0.130	15.682	 4.905
  121.7	 47.1	 55.8	 20.0	 20.0	 20.1	 75.1	 51.6	 17.7	 0.133	15.744	 4.925
  122.6	 47.1	 55.8	 20.0	 20.0	 19.9	 75.1	 51.6	 17.7	 0.139	15.744	 4.925
  123.4	 47.1	 55.8	 20.0	 20.0	 19.9	 75.1	 51.6	 17.8	 0.136	15.703	 4.925
  124.3	 47.1	 55.8	 20.0	 20.0	 19.8	 75.1	 51.6	 17.8	 0.132	15.826	 4.946
  125.1	 47.1	 55.8	 20.0	 20.0	 19.6	 75.1	 51.6	 17.8	 0.134	15.682	 4.946
  126.0	 47.1	 55.8	 20.0	 20.0	 19.5	 75.1	 51.5	 17.8	 0.134	15.744	 4.946
  126.8	 47.1	 55.8	 20.0	 20.0	 19.4	 75.1	 51.6	 17.9	 0.137	15.805	 4.946
  127.6	 47.1	 55.8	 20.0	 20.0	 19.2	 75.1	 51.5	 17.9	 0.138	15.703	 4.946
  128.4	 47.1	 55.8	 20.0	 20.0	 19.1	 75.1	 51.6	 17.9	 0.141	15.764	 4.986
  129.3	 47.1	 55.8	 20.0	 20.0	 19.0	 75.0	 51.6	 17.9	 0.132	15.682	 4.966
  130.1	 47.1	 55.8	 20.0	 20.0	 18.9	 75.0	 51.6	 17.9	 0.133	15.764	 4.966
  130.9	 47.1	 55.8	 20.0	 20.0	 18.6	 75.0	 51.6	 17.9	 0.124	15.928	 4.966
  131.7	 47.1	 55.8	 20.0	 20.0	 18.4	 75.0	 51.6	 17.9	 0.132	15.866	 4.986
  132.6	 47.1	 55.8	 20.0	 20.0	 17.9	 75.0	 51.6	 18.0	 0.122	15.682	 4.966
  133.4	 47.1	 55.8	 20.0	 20.0	 17.6	 74.9	 51.6	 18.0	 0.136	15.744	 4.966
  134.3	 47.0	 55.7	 20.0	 20.0	 17.3	 74.9	 51.6	 18.0	 0.138	15.846	 4.986
  135.1	 47.0	 55.8	 20.0	 20.0	 17.1	 74.9	 51.6	 18.0	 0.134	15.866	 4.986
  135.9	 47.0	 55.8	 20.0	 20.0	 16.8	 74.9	 51.6	 18.0	 0.125	15.805	 5.007
  136.7	 47.0	 55.8	 20.0	 20.0	 16.6	 74.9	 51.7	 18.0	 0.138	15.744	 4.966
  137.6	 47.0	 55.8	 20.0	 20.0	 16.5	 74.8	 51.6	 18.1	 0.132	15.723	 5.007
  138.4	 47.0	 55.8	 20.0	 20.0	 16.3	 74.8	 51.6	 18.1	 0.128	15.744	 4.986
  139.3	 47.0	 55.8	 20.0	 20.0	 16.3	 74.8	 51.6	 18.1	 0.136	15.826	 4.986
  140.1	 47.0	 55.8	 20.0	 20.0	 16.3	 74.8	 51.6	 18.1	 0.127	15.887	 5.007
  140.9	 47.0	 55.8	 20.0	 20.0	 16.2	 74.7	 51.6	 18.1	 0.134	15.703	 4.986
  141.7	 47.0	 55.8	 20.0	 20.0	 16.2	 74.7	 51.5	 18.1	 0.133	15.744	 4.986
  142.6	 47.0	 55.8	 20.0	 20.0	 16.1	 74.7	 51.6	 18.1	 0.134	15.764	 4.986
  143.4	 47.0	 55.8	 20.0	 20.0	 16.0	 74.7	 51.6	 18.1	 0.133	15.764	 5.007
  144.3	 46.9	 55.8	 20.0	 20.0	 16.0	 74.7	 51.5	 18.0	 0.138	15.744	 4.986
  145.1	 46.9	 55.8	 20.0	 20.0	 16.0	 74.7	 51.5	 18.0	 0.132	15.866	 4.986
  146.0	 46.9	 55.8	 20.0	 20.0	 16.0	 74.6	 51.5	 18.0	 0.135	15.826	 5.007
  146.8	 46.9	 55.8	 20.0	 20.0	 16.1	 74.6	 51.4	 17.9	 0.138	15.887	 4.986
  147.7	 46.9	 55.8	 20.0	 20.0	 16.0	 74.6	 51.4	 17.9	 0.136	15.826	 4.966
  148.5	 46.9	 55.8	 20.0	 20.0	 15.9	 74.6	 51.3	 17.9	 0.134	15.723	 5.089
  149.4	 46.9	 55.8	 20.0	 20.0	 15.9	 74.6	 51.2	 17.8	 0.133	15.887	 4.966
  150.2	 46.9	 55.8	 20.0	 20.0	 15.9	 74.6	 51.2	 17.8	 0.129	15.907	 4.925
  151.0	 46.9	 55.7	 20.0	 20.0	 15.9	 74.6	 51.1	 17.7	 0.135	15.764	 4.925
  151.8	 46.8	 55.8	 20.0	 20.0	 15.9	 74.5	 51.0	 17.7	 0.133	15.866	 4.946
  152.7	 46.8	 55.7	 20.0	 20.0	 16.0	 74.5	 51.0	 17.7	 0.131	15.866	 4.925
  153.5	 46.8	 55.7	 20.0	 20.0	 15.9	 74.5	 51.0	 17.7	 0.134	15.703	 4.925
  154.4	 46.8	 55.7	 20.0	 20.0	 15.9	 74.5	 50.9	 17.6	 0.133	15.866	 4.925
  155.2	 46.8	 55.7	 20.0	 20.0	 15.9	 74.5	 50.9	 17.6	 0.137	15.866	 4.905
  156.1	 46.8	 55.7	 20.0	 20.0	 15.9	 74.5	 50.9	 17.6	 0.134	15.805	 4.905
  156.9	 46.8	 55.7	 20.0	 20.0	 15.9	 74.5	 50.8	 17.5	 0.138	15.744	 4.905
  157.7	 46.8	 55.7	 20.0	 20.0	 16.0	 74.5	 50.8	 17.5	 0.130	15.723	 4.905
  158.5	 46.8	 55.7	 20.0	 20.0	 16.0	 74.5	 50.7	 17.5	 0.139	15.723	 4.905
  159.4	 46.8	 55.7	 20.0	 20.0	 16.1	 74.5	 50.6	 17.4	 0.135	15.826	 4.884
  160.2	 46.8	 55.7	 20.0	 20.0	 16.2	 74.5	 50.6	 17.4	 0.135	15.866	 4.864
  161.1	 46.7	 55.7	 20.0	 20.0	 16.4	 74.5	 50.6	 17.4	 0.132	15.682	 4.884
  161.9	 46.7	 55.7	 20.0	 20.0	 16.4	 74.5	 50.6	 17.3	 0.133	15.744	 4.864
  162.7	 46.7	 55.6	 20.0	 20.0	 16.5	 74.5	 50.6	 17.3	 0.140	15.805	 4.864
  163.5	 46.7	 55.6	 20.0	 20.0	 16.7	 74.5	 50.5	 17.3	 0.133	15.723	 4.843
  164.4	 46.8	 55.6	 20.0	 20.0	 16.8	 74.5	 50.5	 17.2	 0.134	15.682	 4.864
  165.2	 46.7	 55.6	 20.0	 20.0	 16.9	 74.5	 50.4	 17.2	 0.128	15.723	 4.864
  166.1	 46.7	 55.6	 20.0	 20.0	 17.1	 74.5	 50.4	 17.1	 0.133	15.846	 4.843
  166.8	 46.7	 55.5	 20.0	 20.0	 17.2	 74.5	 50.4	 17.1	 0.127	15.744	 4.823
  167.7	 46.7	 55.6	 20.0	 20.0	 17.3	 74.5	 50.4	 17.1	 0.134	15.805	 4.843
  168.5	 46.7	 55.5	 20.0	 20.0	 17.5	 74.5	 50.4	 17.0	 0.134	15.826	 4.823
  169.4	 46.7	 55.5	 20.0	 20.0	 17.6	 74.5	 50.3	 17.0	 0.134	15.682	 4.823
  170.2	 46.7	 55.5	 20.0	 20.0	 17.7	 74.5	 50.3	 17.0	 0.129	15.621	 4.803
  171.1	 46.7	 55.5	 20.0	 20.0	 17.8	 74.5	 50.2	 16.9	 0.130	15.744	 4.823
  171.8	 46.7	 55.5	 20.0	 20.0	 17.9	 74.5	 50.2	 16.9	 0.133	15.601	 4.823
  172.7	 46.7	 55.5	 20.0	 20.0	 18.0	 74.5	 50.2	 16.9	 0.136	15.682	 4.803
  173.5	 46.7	 55.5	 20.0	 20.0	 18.2	 74.5	 50.2	 16.9	 0.132	15.621	 4.803
  174.4	 46.7	 55.5	 20.0	 20.0	 18.3	 74.6	 50.2	 16.8	 0.131	15.682	 4.946
  175.2	 46.7	 55.5	 20.0	 20.0	 18.3	 74.6	 50.2	 16.8	 0.130	15.621	 4.803
  176.1	 46.7	 55.5	 20.0	 20.0	 18.5	 74.6	 50.2	 16.8	 0.135	15.580	 4.803
  176.9	 46.7	 55.4	 20.0	 20.0	 18.6	 74.6	 50.2	 16.8	 0.132	15.703	 4.782
  177.7	 46.7	 55.4	 20.0	 20.0	 18.7	 74.6	 50.2	 16.8	 0.137	15.560	 4.782
  178.5	 46.7	 55.4	 20.0	 20.0	 18.8	 74.6	 50.2	 16.8	 0.139	15.601	 4.782
  179.4	 46.7	 55.4	 20.0	 20.0	 18.8	 74.6	 50.2	 16.7	 0.135	15.703	 4.782
  180.2	 46.7	 55.4	 20.0	 20.0	 18.9	 74.7	 50.2	 16.8	 0.139	15.621	 4.782
  181.1	 46.7	 55.4	 20.0	 20.0	 19.0	 74.7	 50.2	 16.7	 0.135	15.662	 4.946
  181.9	 46.7	 55.3	 20.0	 20.0	 19.1	 74.7	 50.3	 16.8	 0.138	15.539	 4.803
  182.7	 46.7	 55.4	 20.0	 20.0	 19.1	 74.7	 50.3	 16.7	 0.134	15.560	 4.782
  183.5	 46.7	 55.3	 20.0	 20.0	 19.2	 74.7	 50.3	 16.7	 0.136	15.498	 4.782
  184.4	 46.7	 55.3	 20.0	 20.0	 19.3	 74.7	 50.3	 16.8	 0.131	15.560	 4.782
  185.2	 46.7	 55.3	 20.0	 20.0	 19.3	 74.7	 50.3	 16.7	 0.134	15.539	 4.782
  186.1	 46.7	 55.3	 20.0	 20.0	 19.4	 74.7	 50.4	 16.8	 0.136	15.601	 4.782
  186.9	 46.6	 55.3	 20.0	 20.0	 19.5	 74.8	 50.4	 16.8	 0.136	15.539	 4.803
  187.7	 46.7	 55.3	 20.0	 20.0	 19.5	 74.8	 50.4	 16.8	 0.135	15.662	 4.782
  188.5	 46.7	 55.3	 20.0	 20.0	 19.6	 74.8	 50.4	 16.8	 0.138	15.560	 4.803
  189.4	 46.7	 55.3	 20.0	 20.0	 19.6	 74.8	 50.4	 16.8	 0.136	15.498	 4.803
  190.2	 46.7	 55.3	 20.0	 20.0	 19.7	 74.8	 50.5	 16.8	 0.132	15.498	 4.803
  191.1	 46.6	 55.3	 20.0	 20.0	 19.7	 74.8	 50.5	 16.8	 0.137	15.641	 4.803
  191.9	 46.6	 55.3	 20.0	 20.0	 19.8	 74.8	 50.5	 16.8	 0.133	15.580	 4.823
  192.7	 46.6	 55.2	 20.0	 20.0	 19.8	 74.8	 50.5	 16.8	 0.133	15.621	 4.823
  193.5	 46.6	 55.2	 20.0	 20.0	 19.8	 74.8	 50.5	 16.8	 0.126	15.621	 4.823
  194.4	 46.6	 55.2	 20.0	 20.0	 19.9	 74.8	 50.5	 16.9	 0.125	15.478	 4.823
  195.2	 46.6	 55.2	 20.0	 20.0	 19.9	 74.8	 50.6	 16.9	 0.134	15.641	 4.823
  196.1	 46.6	 55.2	 20.0	 20.0	 20.0	 74.8	 50.5	 16.9	 0.133	15.457	 4.843
  196.9	 46.6	 55.2	 20.0	 20.0	 20.0	 74.8	 50.6	 16.9	 0.139	15.539	 4.843
  197.8	 46.6	 55.2	 20.0	 20.0	 20.0	 74.7	 50.6	 16.9	 0.134	15.457	 4.966
  198.6	 46.6	 55.2	 20.0	 20.0	 20.1	 74.8	 50.6	 16.9	 0.137	15.457	 4.843
  199.4	 46.6	 55.1	 20.0	 20.0	 20.1	 74.7	 50.6	 17.0	 0.134	15.498	 4.843
  200.2	 46.5	 55.2	 20.0	 20.0	 20.1	 74.7	 50.7	 17.0	 0.137	15.437	 4.843
  201.1	 46.5	 55.1	 20.0	 20.0	 20.2	 74.7	 50.7	 17.0	 0.138	15.498	 4.986
  201.9	 46.5	 55.1	 20.0	 20.0	 20.2	 74.7	 50.6	 17.0	 0.130	15.457	 4.843
  202.8	 46.5	 55.1	 20.0	 20.0	 20.2	 74.8	 50.6	 17.0	 0.142	15.519	 4.843
  203.6	 46.5	 55.1	 20.0	 20.0	 20.2	 74.7	 50.7	 17.0	 0.131	15.478	 4.843
  204.4	 46.5	 55.1	 20.0	 20.0	 20.3	 74.8	 50.7	 17.1	 0.138	15.601	 4.986
  205.2	 46.5	 55.1	 20.0	 20.0	 20.3	 74.8	 50.7	 17.1	 0.138	15.519	 4.843
  206.1	 46.5	 55.1	 20.0	 20.0	 20.3	 74.8	 50.7	 17.1	 0.138	15.601	 4.864
  206.9	 46.5	 55.1	 20.0	 20.0	 20.4	 74.8	 50.7	 17.1	 0.137	15.580	 4.864
  207.8	 46.4	 55.1	 20.0	 20.0	 20.4	 74.7	 50.7	 17.1	 0.125	15.519	 4.864
  208.6	 46.4	 55.1	 20.0	 20.0	 20.4	 74.7	 50.7	 17.1	 0.133	15.601	 4.864
  209.5	 46.4	 55.1	 20.0	 20.0	 20.4	 74.7	 50.7	 17.2	 0.130	15.437	 4.864
  210.3	 46.4	 55.0	 20.0	 20.0	 20.4	 74.7	 50.7	 17.2	 0.136	15.560	 4.884
  211.1	 46.4	 55.0	 20.0	 20.0	 20.4	 74.7	 50.7	 17.2	 0.125	15.437	 4.884
  211.9	 46.4	 55.0	 20.0	 20.0	 20.5	 74.8	 50.8	 17.2	 0.136	15.478	 4.884
  212.8	 46.4	 55.0	 20.0	 20.0	 20.5	 74.8	 50.8	 17.2	 0.134	15.478	 4.884
  213.6	 46.4	 55.0	 20.0	 20.0	 20.5	 74.7	 50.8	 17.3	 0.136	15.417	 4.884
  214.5	 46.3	 55.0	 20.0	 20.0	 20.5	 74.8	 50.8	 17.3	 0.136	15.457	 4.884
  215.3	 46.3	 55.0	 20.0	 20.0	 20.5	 74.7	 50.8	 17.3	 0.134	15.457	 4.905
  216.2	 46.3	 55.0	 20.0	 20.0	 20.5	 74.7	 50.8	 17.3	 0.129	15.457	 4.884
  217.0	 46.3	 55.0	 20.0	 20.0	 20.5	 74.7	 50.8	 17.3	 0.132	15.601	 4.884
  217.9	 46.3	 55.0	 20.0	 20.0	 20.5	 74.7	 50.8	 17.3	 0.136	15.457	 5.007
  218.7	 46.3	 55.0	 20.0	 20.0	 20.5	 74.7	 50.8	 17.3	 0.136	15.682	 4.905
  219.5	 46.3	 54.9	 20.0	 20.0	 20.5	 74.7	 50.8	 17.4	 0.128	15.601	 4.884
  220.3	 46.3	 55.0	 20.0	 20.0	 20.5	 74.7	 50.8	 17.4	 0.131	15.519	 4.905
  221.2	 46.3	 55.0	 20.0	 20.0	 20.5	 74.7	 50.8	 17.4	 0.129	15.478	 4.905
  222.0	 46.3	 55.0	 20.0	 20.0	 20.4	 74.7	 50.8	 17.4	 0.135	15.457	 4.905
  222.9	 46.3	 55.0	 20.0	 20.0	 20.4	 74.7	 50.8	 17.5	 0.137	15.498	 4.905
  223.7	 46.3	 55.0	 20.0	 20.0	 20.4	 74.6	 50.8	 17.4	 0.135	15.498	 4.905
  224.6	 46.3	 55.0	 20.0	 20.0	 20.4	 74.6	 50.8	 17.5	 0.129	15.437	 4.884
  225.4	 46.3	 55.0	 20.0	 20.0	 20.3	 74.6	 50.8	 17.5	 0.133	15.437	 4.905
  226.2	 46.3	 55.0	 20.0	 20.0	 20.3	 74.6	 50.8	 17.5	 0.131	15.498	 4.905
  227.0	 46.3	 55.0	 20.0	 20.0	 20.2	 74.6	 50.8	 17.5	 0.131	15.580	 4.884
  227.9	 46.3	 55.0	 20.0	 20.0	 20.2	 74.6	 50.7	 17.5	 0.136	15.560	 4.905
  228.7	 46.3	 55.0	 20.0	 20.0	 20.2	 74.7	 50.7	 17.6	 0.135	15.478	 4.905
  229.6	 46.3	 55.0	 20.0	 20.0	 20.1	 74.7	 50.7	 17.6	 0.131	15.580	 4.925
  230.4	 46.3	 55.0	 20.0	 20.0	 20.1	 74.7	 50.7	 17.6	 0.136	15.417	 4.905
  231.3	 46.3	 54.9	 20.0	 20.0	 20.0	 74.6	 50.7	 17.6	 0.129	15.478	 4.905
  232.1	 46.2	 54.9	 20.0	 20.0	 19.9	 74.6	 50.7	 17.6	 0.139	15.437	 4.925
  233.0	 46.2	 54.9	 20.0	 20.0	 19.8	 74.6	 50.7	 17.7	 0.128	15.519	 4.905
  233.7	 46.2	 54.9	 20.0	 20.0	 19.7	 74.6	 50.7	 17.6	 0.137	15.437	 4.925
  234.6	 46.2	 54.9	 20.0	 20.0	 19.6	 74.6	 50.7	 17.7	 0.135	15.580	 4.925
  235.4	 46.2	 54.9	 20.0	 20.0	 19.5	 74.6	 50.7	 17.7	 0.140	15.478	 4.925
  236.3	 46.2	 54.9	 20.0	 20.0	 19.4	 74.5	 50.7	 17.7	 0.130	15.560	 4.946
  237.1	 46.2	 54.9	 20.0	 20.0	 19.2	 74.5	 50.7	 17.7	 0.136	15.539	 4.925
  238.0	 46.2	 55.0	 20.0	 20.0	 19.1	 74.5	 50.7	 17.8	 0.137	15.478	 4.946
  238.8	 46.2	 54.9	 20.0	 20.0	 18.9	 74.5	 50.7	 17.8	 0.135	15.437	 4.946
  239.7	 46.2	 55.0	 20.0	 20.0	 18.6	 74.5	 50.7	 17.8	 0.134	15.437	 4.966
  240.5	 46.2	 55.0	 20.0	 20.0	 18.4	 74.4	 50.7	 17.8	 0.137	15.396	 4.966
  241.3	 46.2	 55.0	 20.0	 20.0	 18.1	 74.4	 50.7	 17.8	 0.133	15.498	 4.986
  242.1	 46.2	 55.0	 20.0	 20.0	 17.5	 74.4	 50.7	 17.8	 0.131	15.601	 5.109
  243.0	 46.2	 55.0	 20.0	 20.0	 17.2	 74.4	 50.7	 17.9	 0.126	15.437	 4.986
  243.8	 46.2	 55.0	 20.0	 20.0	 16.8	 74.4	 50.7	 17.9	 0.139	15.478	 4.986
  244.7	 46.2	 55.0	 20.0	 20.0	 16.6	 74.3	 50.7	 17.9	 0.138	15.580	 4.966
  245.5	 46.2	 55.0	 20.0	 20.0	 16.5	 74.3	 50.7	 17.9	 0.127	15.519	 4.986
  246.5	 46.2	 55.0	 20.0	 20.0	 16.2	 74.3	 50.7	 17.9	 0.132	15.417	 4.986
  247.3	 46.2	 55.0	 20.0	 20.0	 16.2	 74.2	 50.7	 17.9	 0.132	15.519	 4.986
  248.1	 46.2	 55.0	 20.0	 20.0	 16.1	 74.2	 50.7	 17.9	 0.134	15.601	 4.966
  248.9	 46.2	 55.0	 20.0	 20.0	 16.1	 74.2	 50.7	 17.9	 0.133	15.560	 4.986
  249.8	 46.2	 55.0	 20.0	 20.0	 16.1	 74.2	 50.7	 17.9	 0.135	15.519	 4.966
  250.6	 46.2	 55.0	 20.0	 20.0	 16.1	 74.2	 50.6	 17.9	 0.136	15.478	 5.129
  251.5	 46.2	 55.0	 20.0	 20.0	 16.0	 74.2	 50.6	 17.9	 0.138	15.580	 4.966
  252.3	 46.2	 55.0	 20.0	 20.0	 16.0	 74.1	 50.6	 17.9	 0.135	15.478	 4.986
  253.2	 46.2	 55.0	 20.0	 20.0	 16.0	 74.1	 50.6	 17.8	 0.136	15.498	 4.966
  254.0	 46.2	 55.0	 20.0	 20.0	 15.9	 74.1	 50.6	 17.8	 0.130	15.437	 5.007
  254.8	 46.1	 55.0	 20.0	 20.0	 15.9	 74.1	 50.6	 17.8	 0.134	15.498	 4.966
  255.6	 46.1	 55.0	 20.0	 20.0	 15.8	 74.1	 50.5	 17.8	 0.131	15.641	 4.946
  256.5	 46.2	 55.0	 20.0	 20.0	 15.8	 74.1	 50.5	 17.7	 0.135	15.621	 4.946
  257.3	 46.2	 55.0	 20.0	 20.0	 15.8	 74.1	 50.5	 17.7	 0.136	15.519	 4.946
  258.2	 46.1	 55.0	 20.0	 20.0	 15.8	 74.0	 50.4	 17.7	 0.139	15.621	 4.946
  259.0	 46.1	 55.0	 20.0	 20.0	 15.8	 74.0	 50.4	 17.7	 0.135	15.457	 4.925
  259.9	 46.1	 55.0	 20.0	 20.0	 15.8	 74.0	 50.3	 17.6	 0.135	15.498	 4.925
  260.7	 46.1	 55.0	 20.0	 20.0	 15.8	 74.0	 50.3	 17.6	 0.133	15.539	 4.925
  261.6	 46.1	 55.0	 20.0	 20.0	 15.8	 74.0	 50.3	 17.6	 0.139	15.457	 4.884
  262.4	 46.1	 55.0	 20.0	 20.0	 15.8	 74.0	 50.2	 17.5	 0.135	15.457	 5.048
  263.3	 46.1	 55.0	 20.0	 20.0	 15.8	 74.0	 50.2	 17.5	 0.132	15.478	 4.884
  264.1	 46.1	 55.0	 20.0	 20.0	 15.9	 74.0	 50.1	 17.5	 0.131	15.478	 4.864
  265.0	 46.1	 55.0	 20.0	 20.0	 15.9	 74.0	 50.1	 17.5	 0.134	15.560	 4.864
  265.8	 46.1	 55.0	 20.0	 20.0	 16.0	 74.0	 50.1	 17.4	 0.138	15.519	 4.843
  266.7	 46.1	 55.0	 20.0	 20.0	 16.0	 74.0	 50.0	 17.4	 0.138	15.478	 4.823
  267.5	 46.1	 55.0	 20.0	 20.0	 16.0	 74.0	 50.0	 17.4	 0.140	15.457	 4.843
  268.4	 46.1	 55.0	 20.0	 20.0	 16.0	 74.0	 50.0	 17.3	 0.133	15.457	 4.843
  269.2	 46.1	 54.9	 20.0	 20.0	 16.1	 74.1	 50.0	 17.3	 0.132	15.417	 4.843
  270.1	 46.1	 54.9	 20.0	 20.0	 16.2	 74.0	 49.9	 17.3	 0.131	15.478	 4.823
  270.9	 46.1	 54.9	 20.0	 20.0	 16.4	 74.0	 49.9	 17.2	 0.129	15.457	 4.843
  271.8	 46.1	 54.9	 20.0	 20.0	 16.4	 74.0	 49.9	 17.2	 0.134	15.355	 4.823
  272.6	 46.1	 54.9	 20.0	 20.0	 16.6	 74.0	 49.9	 17.2	 0.135	15.355	 4.823
  273.5	 46.1	 54.9	 20.0	 20.0	 16.8	 74.0	 49.8	 17.2	 0.139	15.396	 4.823
  274.3	 46.0	 54.9	 20.0	 20.0	 16.9	 74.0	 49.8	 17.1	 0.137	15.396	 4.884
  275.2	 46.0	 54.9	 20.0	 20.0	 16.9	 74.0	 49.8	 17.1	 0.135	15.417	 4.803
  276.0	 46.0	 54.8	 20.0	 20.0	 17.2	 74.0	 49.8	 17.1	 0.134	15.417	 4.803
  276.9	 46.0	 54.8	 20.0	 20.0	 17.2	 74.0	 49.7	 17.0	 0.132	15.396	 4.803
  277.7	 46.0	 54.8	 20.0	 20.0	 17.3	 74.0	 49.7	 17.0	 0.130	15.376	 4.782
  278.6	 46.0	 54.8	 20.0	 20.0	 17.5	 74.0	 49.7	 16.9	 0.134	15.437	 4.803
  279.4	 46.0	 54.8	 20.0	 20.0	 17.5	 74.0	 49.7	 16.9	 0.129	15.437	 4.803
  280.3	 46.0	 54.8	 20.0	 20.0	 17.7	 74.0	 49.7	 16.9	 0.139	15.314	 4.803
  281.1	 46.0	 54.8	 20.0	 20.0	 17.8	 74.0	 49.6	 16.9	 0.130	15.314	 4.946
  282.0	 46.0	 54.8	 20.0	 20.0	 17.8	 74.0	 49.6	 16.8	 0.128	15.478	 4.782
  282.8	 46.0	 54.8	 20.0	 20.0	 18.0	 74.0	 49.6	 16.8	 0.139	15.478	 4.782
  283.7	 46.0	 54.8	 20.0	 20.0	 18.1	 74.1	 49.6	 16.8	 0.126	15.335	 4.782
  284.5	 46.0	 54.8	 20.0	 20.0	 18.2	 74.1	 49.7	 16.8	 0.136	15.314	 4.782
  285.4	 46.0	 54.8	 20.0	 20.0	 18.4	 74.1	 49.7	 16.8	 0.124	15.498	 4.782
  286.3	 46.0	 54.8	 20.0	 20.0	 18.4	 74.1	 49.7	 16.8	 0.137	15.355	 4.782
  287.1	 46.0	 54.7	 20.0	 20.0	 18.5	 74.2	 49.7	 16.8	 0.137	15.437	 4.782
  288.0	 46.0	 54.7	 20.0	 20.0	 18.6	 74.1	 49.7	 16.7	 0.135	15.457	 4.782
  288.9	 46.0	 54.7	 20.0	 20.0	 18.6	 74.1	 49.7	 16.7	 0.128	15.376	 4.762
  289.7	 46.0	 54.7	 20.0	 20.0	 18.7	 74.2	 49.6	 16.7	 0.134	15.355	 4.762
  290.6	 46.0	 54.7	 20.0	 20.0	 18.8	 74.1	 49.6	 16.7	 0.139	15.273	 4.762
  291.4	 46.0	 54.7	 20.0	 20.0	 18.8	 74.2	 49.6	 16.7	 0.133	15.294	 4.762
  292.3	 46.0	 54.7	 20.0	 20.0	 18.9	 74.2	 49.6	 16.7	 0.139	15.335	 4.762
  293.1	 46.0	 54.7	 20.0	 20.0	 19.0	 74.2	 49.7	 16.6	 0.134	15.253	 4.762
  294.0	 46.0	 54.7	 20.0	 20.0	 19.0	 74.2	 49.7	 16.6	 0.135	15.376	 4.762
  294.8	 46.0	 54.7	 20.0	 20.0	 19.1	 74.2	 49.7	 16.6	 0.134	15.355	 4.762
  295.7	 46.0	 54.7	 20.0	 20.0	 19.1	 74.2	 49.6	 16.6	 0.134	15.396	 4.762
  296.5	 46.0	 54.7	 20.0	 20.0	 19.2	 74.2	 49.7	 16.6	 0.139	15.498	 4.762
  297.4	 46.0	 54.6	 20.0	 20.0	 19.2	 74.2	 49.7	 16.7	 0.136	15.437	 4.762
  298.2	 46.0	 54.6	 20.0	 20.0	 19.3	 74.2	 49.7	 16.6	 0.132	15.437	 4.782
  299.1	 46.0	 54.6	 20.0	 20.0	 19.3	 74.2	 49.7	 16.6	 0.135	15.253	 4.782
  299.9	 46.0	 54.6	 20.0	 20.0	 19.4	 74.2	 49.7	 16.7	 0.131	15.335	 4.782
  300.8	 45.9	 54.6	 20.0	 20.0	 19.4	 74.2	 49.7	 16.7	 0.141	15.253	 4.782
  301.7	 46.0	 54.6	 20.0	 20.0	 19.4	 74.2	 49.7	 16.7	 0.135	15.273	 4.782
  302.6	 46.0	 54.6	 20.0	 20.0	 19.5	 74.2	 49.8	 16.7	 0.135	15.335	 4.782
  303.4	 46.0	 54.6	 20.0	 20.0	 19.5	 74.2	 49.8	 16.7	 0.136	15.314	 4.782
  304.3	 45.9	 54.6	 20.0	 20.0	 19.6	 74.2	 49.8	 16.7	 0.136	15.253	 4.782
  305.1	 46.0	 54.6	 20.0	 20.0	 19.6	 74.2	 49.8	 16.7	 0.132	15.437	 4.782
  306.0	 45.9	 54.6	 20.0	 20.0	 19.7	 74.2	 49.9	 16.7	 0.133	15.192	 4.782
  306.8	 45.9	 54.6	 20.0	 20.0	 19.7	 74.2	 49.9	 16.7	 0.131	15.192	 4.946
  307.7	 45.9	 54.6	 20.0	 20.0	 19.8	 74.2	 49.9	 16.8	 0.139	15.232	 4.762
  308.5	 45.9	 54.6	 20.0	 20.0	 19.8	 74.2	 49.9	 16.8	 0.140	15.232	 4.782
  309.4	 45.9	 54.6	 20.0	 20.0	 19.8	 74.2	 49.9	 16.8	 0.128	15.376	 4.803
  310.2	 45.9	 54.5	 20.0	 20.0	 19.9	 74.3	 49.9	 16.8	 0.138	15.253	 4.905
  311.1	 45.9	 54.5	 20.0	 20.0	 19.9	 74.3	 49.9	 16.9	 0.132	15.355	 4.803
  311.9	 45.9	 54.5	 20.0	 20.0	 19.9	 74.2	 50.0	 16.9	 0.132	15.232	 4.823
  312.8	 45.9	 54.5	 20.0	 20.0	 20.0	 74.2	 50.0	 16.9	 0.132	15.294	 4.823
  313.7	 45.9	 54.5	 20.0	 20.0	 20.0	 74.3	 50.0	 16.9	 0.133	15.294	 4.823
  314.5	 45.9	 54.5	 20.0	 20.0	 20.0	 74.2	 50.0	 16.9	 0.135	15.232	 4.823
  315.4	 45.9	 54.5	 20.0	 20.0	 20.0	 74.2	 50.0	 16.9	 0.132	15.212	 4.823
  316.3	 45.9	 54.5	 20.0	 20.0	 20.1	 74.2	 50.0	 16.9	 0.134	15.273	 4.823
  317.1	 45.9	 54.5	 20.0	 20.0	 20.1	 74.2	 50.0	 16.9	 0.138	15.192	 4.823
  318.0	 45.9	 54.5	 20.0	 20.0	 20.1	 74.2	 50.0	 17.0	 0.133	15.294	 4.823
  318.8	 45.9	 54.5	 20.0	 20.0	 20.1	 74.2	 50.0	 17.0	 0.140	15.212	 4.823
  319.7	 45.9	 54.5	 20.0	 20.0	 20.1	 74.2	 50.0	 17.0	 0.134	15.294	 4.843
  320.5	 45.8	 54.5	 20.0	 20.0	 20.2	 74.2	 50.0	 17.0	 0.131	15.355	 4.843
  321.4	 45.8	 54.5	 20.0	 20.0	 20.2	 74.2	 50.0	 17.0	 0.139	15.376	 4.864
  322.2	 45.8	 54.5	 20.0	 20.0	 20.2	 74.2	 50.1	 17.0	 0.137	15.376	 4.905
  323.1	 45.8	 54.5	 20.0	 20.0	 20.2	 74.2	 50.1	 17.0	 0.135	15.192	 4.843
  323.9	 45.8	 54.5	 20.0	 20.0	 20.3	 74.2	 50.1	 17.1	 0.135	15.355	 4.864
  324.8	 45.8	 54.5	 20.0	 20.0	 20.3	 74.2	 50.1	 17.1	 0.132	15.212	 4.864
  325.6	 45.8	 54.4	 20.0	 20.0	 20.3	 74.2	 50.1	 17.1	 0.128	15.294	 4.864
  326.5	 45.8	 54.4	 20.0	 20.0	 20.3	 74.2	 50.1	 17.1	 0.128	15.232	 4.864
  327.3	 45.8	 54.4	 20.0	 20.0	 20.3	 74.2	 50.1	 17.1	 0.128	15.232	 4.864
  328.2	 45.8	 54.4	 20.0	 20.0	 20.3	 74.2	 50.1	 17.2	 0.132	15.232	 4.864
  329.0	 45.7	 54.4	 20.0	 20.0	 20.3	 74.2	 50.1	 17.2	 0.136	15.232	 4.864
  329.9	 45.7	 54.4	 20.0	 20.0	 20.3	 74.2	 50.1	 17.2	 0.130	15.314	 4.884
  330.8	 45.7	 54.4	 20.0	 20.0	 20.3	 74.2	 50.1	 17.2	 0.138	15.232	 4.864
  331.7	 45.7	 54.4	 20.0	 20.0	 20.3	 74.2	 50.1	 17.2	 0.127	15.212	 4.864
  332.6	 45.7	 54.4	 20.0	 20.0	 20.3	 74.2	 50.1	 17.2	 0.129	15.253	 4.864
  333.6	 45.7	 54.4	 20.0	 20.0	 20.4	 74.2	 50.1	 17.3	 0.133	15.171	 4.864
  334.5	 45.7	 54.4	 20.0	 20.0	 20.3	 74.2	 50.1	 17.2	 0.133	15.212	 4.864
  335.5	 45.7	 54.3	 20.0	 20.0	 20.3	 74.2	 50.1	 17.3	 0.132	15.232	 4.884
  336.4	 45.7	 54.3	 20.0	 20.0	 20.3	 74.2	 50.1	 17.3	 0.139	15.253	 4.864
  337.3	 45.6	 54.3	 20.0	 20.0	 20.3	 74.2	 50.1	 17.3	 0.129	15.294	 4.884
  338.3	 45.6	 54.3	 20.0	 20.0	 20.3	 74.1	 50.1	 17.3	 0.137	15.335	 4.884
  339.2	 45.6	 54.3	 20.0	 20.0	 20.4	 74.1	 50.1	 17.3	 0.135	15.212	 4.884
  340.1	 45.6	 54.3	 20.0	 20.0	 20.4	 74.2	 50.1	 17.4	 0.135	15.232	 4.905
  341.1	 45.6	 54.3	 20.0	 20.0	 20.4	 74.2	 50.1	 17.4	 0.123	15.232	 4.884
  342.0	 45.6	 54.3	 20.0	 20.0	 20.4	 74.2	 50.1	 17.4	 0.131	15.273	 4.905
  342.9	 45.6	 54.3	 20.0	 20.0	 20.3	 74.1	 50.1	 17.4	 0.134	15.335	 4.905
  343.9	 45.6	 54.3	 20.0	 20.0	 20.3	 74.1	 50.0	 17.4	 0.138	15.335	 4.905
  344.8	 45.6	 54.3	 20.0	 20.0	 20.3	 74.1	 50.0	 17.4	 0.139	15.232	 4.905
  345.8	 45.6	 54.3	 20.0	 20.0	 20.2	 74.1	 50.0	 17.4	 0.134	15.314	 4.905
  346.7	 45.6	 54.3	 20.0	 20.0	 20.2	 74.1	 50.0	 17.5	 0.132	15.335	 4.905
  347.6	 45.6	 54.3	 20.0	 20.0	 20.2	 74.2	 50.1	 17.5	 0.136	15.253	 4.884
  348.6	 45.6	 54.3	 20.0	 20.0	 20.1	 74.1	 50.0	 17.5	 0.136	15.171	 4.884
  349.5	 45.6	 54.3	 20.0	 20.0	 20.0	 74.1	 50.0	 17.5	 0.135	15.130	 4.905
  350.4	 45.6	 54.3	 20.0	 20.0	 20.0	 74.1	 50.0	 17.5	 0.135	15.212	 4.905
  351.4	 45.6	 54.3	 20.0	 20.0	 19.9	 74.1	 50.0	 17.6	 0.137	15.212	 4.884
  352.3	 45.6	 54.3	 20.0	 20.0	 19.9	 74.1	 50.0	 17.6	 0.135	15.253	 4.905
  353.3	 45.6	 54.3	 20.0	 20.0	 19.8	 74.1	 50.0	 17.6	 0.132	15.314	 4.905
  354.2	 45.6	 54.3	 20.0	 20.0	 19.6	 74.1	 50.0	 17.6	 0.136	15.314	 4.925
  355.1	 45.6	 54.3	 20.0	 20.0	 19.5	 74.1	 50.0	 17.6	 0.138	15.232	 5.068
  356.1	 45.6	 54.3	 20.0	 20.0	 19.3	 74.1	 50.0	 17.7	 0.137	15.151	 4.925
  357.0	 45.6	 54.3	 20.0	 20.0	 19.2	 74.1	 50.0	 17.7	 0.138	15.171	 4.946
  358.0	 45.6	 54.3	 20.0	 20.0	 19.0	 74.1	 50.0	 17.7	 0.136	15.192	 4.946
  359.0	 45.6	 54.3	 20.0	 20.0	 18.8	 74.1	 50.0	 17.7	 0.128	15.314	 4.946
  359.9	 45.6	 54.3	 20.0	 20.0	 18.7	 74.0	 50.0	 17.8	 0.138	15.314	 4.966
  360.8	 45.6	 54.4	 20.0	 20.0	 18.4	 74.0	 50.1	 17.8	 0.124	15.232	 4.946
  361.8	 45.6	 54.3	 20.0	 20.0	 18.3	 74.0	 50.1	 17.8	 0.134	15.294	 4.946
  362.7	 45.6	 54.3	 20.0	 20.0	 17.9	 74.0	 50.0	 17.8	 0.141	15.335	 4.946
  363.7	 45.6	 54.3	 20.0	 20.0	 17.8	 74.0	 50.1	 17.8	 0.139	15.232	 4.966
  364.6	 45.6	 54.4	 20.0	 20.0	 17.4	 73.9	 50.1	 17.8	 0.136	15.273	 4.946
  365.5	 45.6	 54.4	 20.0	 20.0	 17.0	 73.9	 50.0	 17.9	 0.141	15.335	 4.966
  366.5	 45.6	 54.4	 20.0	 20.0	 16.7	 73.9	 50.0	 17.9	 0.138	15.314	 4.986
  367.4	 45.6	 54.4	 20.0	 20.0	 16.4	 73.9	 50.0	 17.9	 0.135	15.294	 4.986
  368.3	 45.6	 54.4	 20.0	 20.0	 16.3	 73.9	 50.0	 17.9	 0.137	15.335	 4.966
  369.3	 45.6	 54.4	 20.0	 20.0	 16.3	 73.9	 50.0	 17.9	 0.135	15.355	 4.966
  370.2	 45.6	 54.4	 20.0	 20.0	 16.2	 73.9	 50.0	 17.9	 0.137	15.273	 4.966
  371.2	 45.6	 54.4	 20.0	 20.0	 16.1	 73.9	 50.0	 17.9	 0.129	15.192	 4.966
  372.1	 45.6	 54.4	 20.0	 20.0	 16.1	 73.8	 50.0	 17.9	 0.137	15.212	 4.966
  373.0	 45.6	 54.4	 20.0	 20.0	 16.1	 73.8	 50.0	 17.8	 0.131	15.253	 4.946
  374.0	 45.6	 54.4	 20.0	 20.0	 16.0	 73.8	 49.9	 17.8	 0.135	15.232	 4.946
  374.9	 45.6	 54.4	 20.0	 20.0	 16.0	 73.8	 49.9	 17.8	 0.134	15.212	 4.946
  375.8	 45.6	 54.4	 20.0	 20.0	 16.0	 73.8	 49.9	 17.8	 0.134	15.335	 4.946
  376.8	 45.6	 54.5	 20.0	 20.0	 16.0	 73.7	 49.9	 17.8	 0.135	15.232	 4.946
  377.7	 45.6	 54.5	 20.0	 20.0	 16.0	 73.7	 49.8	 17.7	 0.137	15.212	 4.925
  378.7	 45.6	 54.5	 20.0	 20.0	 16.1	 73.7	 49.8	 17.7	 0.134	15.355	 4.905
  379.6	 45.6	 54.5	 20.0	 20.0	 16.1	 73.7	 49.7	 17.7	 0.140	15.212	 4.884
  380.5	 45.6	 54.5	 20.0	 20.0	 16.2	 73.7	 49.7	 17.6	 0.132	15.294	 4.864
  381.5	 45.5	 54.5	 20.0	 20.0	 16.2	 73.7	 49.6	 17.6	 0.122	15.314	 4.843
  382.4	 45.5	 54.4	 20.0	 20.0	 16.2	 73.7	 49.6	 17.6	 0.131	15.232	 4.843
  383.4	 45.5	 54.4	 20.0	 20.0	 16.3	 73.7	 49.6	 17.6	 0.131	15.335	 4.843
  384.3	 45.5	 54.4	 20.0	 20.0	 16.3	 73.7	 49.6	 17.6	 0.137	15.335	 4.864
  385.2	 45.5	 54.4	 20.0	 20.0	 16.4	 73.7	 49.5	 17.6	 0.136	15.294	 4.864
  386.2	 45.5	 54.4	 20.0	 20.0	 16.5	 73.7	 49.5	 17.5	 0.135	15.273	 4.843
  387.1	 45.5	 54.4	 20.0	 20.0	 16.6	 73.7	 49.5	 17.5	 0.140	15.335	 4.843
  388.1	 45.5	 54.4	 20.0	 20.0	 16.7	 73.7	 49.4	 17.5	 0.132	15.355	 4.864
  389.0	 45.5	 54.3	 20.0	 20.0	 16.7	 73.7	 49.4	 17.5	 0.134	15.232	 4.864
  389.9	 45.5	 54.3	 20.0	 20.0	 16.8	 73.7	 49.4	 17.5	 0.135	15.273	 4.843
  390.9	 45.5	 54.3	 20.0	 20.0	 16.8	 73.6	 49.3	 17.4	 0.135	15.192	 4.843
  391.9	 45.5	 54.3	 20.0	 20.0	 16.9	 73.6	 49.3	 17.4	 0.136	15.171	 4.864
  392.8	 45.4	 54.3	 20.0	 20.0	 17.0	 73.6	 49.3	 17.4	 0.137	15.151	 4.864
  393.8	 45.4	 54.3	 20.0	 20.0	 17.2	 73.5	 49.3	 17.3	 0.139	15.151	 4.843
  394.8	 45.4	 54.3	 20.0	 20.0	 17.4	 73.5	 49.2	 17.3	 0.138	15.294	 4.843
  395.7	 45.4	 54.3	 20.0	 20.0	 17.4	 73.6	 49.2	 17.3	 0.141	15.232	 4.843
  396.7	 45.4	 54.3	 20.0	 20.0	 17.6	 73.6	 49.2	 17.3	 0.135	15.212	 4.843
  397.6	 45.4	 54.3	 20.0	 20.0	 17.7	 73.6	 49.2	 17.3	 0.132	15.192	 4.843
  398.6	 45.4	 54.3	 20.0	 20.0	 17.8	 73.5	 49.2	 17.2	 0.134	15.171	 4.823
  399.6	 45.4	 54.3	 20.0	 20.0	 17.9	 73.5	 49.1	 17.2	 0.133	15.273	 4.843
  400.5	 45.4	 54.2	 20.0	 20.0	 18.0	 73.5	 49.1	 17.2	 0.126	15.335	 4.843
  401.5	 45.4	 54.2	 20.0	 20.0	 18.1	 73.5	 49.1	 17.2	 0.134	15.294	 4.823
  402.5	 45.4	 54.2	 20.0	 20.0	 18.2	 73.5	 49.1	 17.2	 0.139	15.151	 4.843
  403.4	 45.4	 54.2	 20.0	 20.0	 18.2	 73.5	 49.1	 17.1	 0.133	15.110	 4.843
  404.4	 45.4	 54.2	 20.0	 20.0	 18.3	 73.5	 49.1	 17.1	 0.135	15.273	 4.823
  405.3	 45.4	 54.2	 20.0	 20.0	 18.4	 73.5	 49.1	 17.1	 0.137	15.232	 4.823
  406.3	 45.4	 54.2	 20.0	 20.0	 18.4	 73.5	 49.1	 17.0	 0.138	15.192	 4.823
  407.3	 45.4	 54.2	 20.0	 20.0	 18.5	 73.5	 49.0	 17.0	 0.133	15.089	 4.823
  408.2	 45.4	 54.2	 20.0	 20.0	 18.6	 73.5	 49.0	 17.0	 0.131	15.171	 4.803
  409.2	 45.4	 54.2	 20.0	 20.0	 18.6	 73.5	 49.1	 17.0	 0.140	15.232	 4.803
  410.2	 45.4	 54.2	 20.0	 20.0	 18.7	 73.6	 49.0	 16.9	 0.133	15.151	 4.803
  411.1	 45.4	 54.2	 20.0	 20.0	 18.8	 73.6	 49.0	 16.9	 0.135	15.130	 4.782
  412.1	 45.4	 54.1	 20.0	 20.0	 18.8	 73.6	 49.0	 16.9	 0.135	15.212	 4.782
  413.1	 45.4	 54.1	 20.0	 20.0	 18.9	 73.6	 49.0	 16.8	 0.136	15.232	 4.782
  414.0	 45.4	 54.1	 20.0	 20.0	 18.9	 73.6	 49.0	 16.8	 0.128	15.253	 4.782
  415.0	 45.4	 54.1	 20.0	 20.0	 19.0	 73.6	 49.1	 16.8	 0.142	15.110	 4.803
  415.9	 45.4	 54.1	 20.0	 20.0	 19.0	 73.6	 49.1	 16.8	 0.134	15.089	 4.803
  416.9	 45.4	 54.1	 20.0	 20.0	 19.1	 73.6	 49.1	 16.8	 0.136	15.028	 4.803
  417.9	 45.3	 54.1	 20.0	 20.0	 19.1	 73.6	 49.1	 16.8	 0.135	15.212	 4.803
  418.8	 45.3	 54.1	 20.0	 20.0	 19.2	 73.7	 49.1	 16.8	 0.140	15.171	 4.905
  419.8	 45.3	 54.1	 20.0	 20.0	 19.2	 73.7	 49.1	 16.8	 0.133	15.048	 4.782
  420.8	 45.3	 54.1	 20.0	 20.0	 19.3	 73.7	 49.1	 16.8	 0.134	15.048	 4.782
  421.7	 45.3	 54.1	 20.0	 20.0	 19.3	 73.7	 49.1	 16.8	 0.137	15.212	 4.803
  422.7	 45.3	 54.0	 20.0	 20.0	 19.4	 73.7	 49.1	 16.8	 0.136	15.048	 4.803
  423.7	 45.3	 54.1	 20.0	 20.0	 19.4	 73.7	 49.1	 16.8	 0.138	15.130	 4.803
  424.7	 45.3	 54.0	 20.0	 20.0	 19.4	 73.7	 49.2	 16.8	 0.136	15.048	 4.803
  425.7	 45.3	 54.0	 20.0	 20.0	 19.5	 73.7	 49.2	 16.8	 0.135	15.048	 4.803
  426.7	 45.3	 54.0	 20.0	 20.0	 19.5	 73.7	 49.2	 16.8	 0.137	15.192	 4.803
  427.7	 45.3	 54.0	 20.0	 20.0	 19.6	 73.7	 49.2	 16.8	 0.130	15.028	 4.803
  428.7	 45.3	 54.0	 20.0	 20.0	 19.6	 73.7	 49.2	 16.9	 0.138	15.171	 4.803
  429.6	 45.3	 54.0	 20.0	 20.0	 19.6	 73.7	 49.3	 16.9	 0.127	15.089	 4.803
  430.6	 45.3	 54.0	 20.0	 20.0	 19.7	 73.7	 49.3	 16.9	 0.135	15.130	 4.823
  431.6	 45.3	 54.0	 20.0	 20.0	 19.7	 73.7	 49.3	 16.9	 0.133	15.130	 4.803
  432.6	 45.3	 53.9	 20.0	 20.0	 19.7	 73.8	 49.3	 16.9	 0.131	15.069	 4.823
  433.6	 45.3	 53.9	 20.0	 20.0	 19.7	 73.7	 49.3	 16.9	 0.131	15.151	 4.823
  434.6	 45.3	 53.9	 20.0	 20.0	 19.8	 73.7	 49.3	 16.9	 0.135	15.028	 4.803
  435.6	 45.3	 53.9	 20.0	 20.0	 19.8	 73.7	 49.3	 16.9	 0.136	15.273	 4.803
  436.5	 45.3	 53.9	 20.0	 20.0	 19.9	 73.7	 49.3	 16.9	 0.139	15.028	 4.803
  437.5	 45.2	 53.9	 20.0	 20.0	 19.9	 73.8	 49.3	 16.9	 0.131	14.987	 4.823
  438.5	 45.2	 53.9	 20.0	 20.0	 19.9	 73.7	 49.4	 16.9	 0.138	15.007	 4.823
  439.5	 45.2	 53.9	 20.0	 20.0	 19.9	 73.7	 49.4	 16.9	 0.138	15.028	 4.823
  440.5	 45.2	 53.9	 20.0	 20.0	 19.9	 73.7	 49.4	 16.9	 0.129	14.987	 4.823
  441.5	 45.2	 53.9	 20.0	 20.0	 19.9	 73.7	 49.4	 17.0	 0.127	14.987	 4.843
  442.5	 45.2	 53.9	 20.0	 20.0	 20.0	 73.8	 49.4	 17.0	 0.136	15.007	 4.843
  443.4	 45.2	 53.9	 20.0	 20.0	 20.0	 73.8	 49.4	 17.0	 0.136	15.007	 4.823
  444.4	 45.2	 53.9	 20.0	 20.0	 20.0	 73.8	 49.4	 17.0	 0.135	14.967	 4.823
  445.4	 45.2	 53.9	 20.0	 20.0	 20.0	 73.8	 49.4	 17.0	 0.139	14.987	 4.823
  446.4	 45.2	 53.8	 20.0	 20.0	 20.0	 73.8	 49.4	 17.0	 0.137	15.069	 4.843
  447.4	 45.2	 53.8	 20.0	 20.0	 20.0	 73.7	 49.4	 17.0	 0.133	15.007	 4.843
  448.3	 45.2	 53.8	 20.0	 20.0	 20.0	 73.7	 49.4	 17.1	 0.129	15.130	 4.843
  449.3	 45.1	 53.8	 20.0	 20.0	 20.0	 73.7	 49.4	 17.1	 0.129	15.130	 4.864
  450.3	 45.1	 53.8	 20.0	 20.0	 20.1	 73.7	 49.4	 17.1	 0.136	15.069	 4.843
  451.1	 45.2	 53.8	 20.0	 20.0	 20.1	 73.8	 49.5	 17.1	 0.136	14.967	 4.823
  451.8	 45.2	 53.8	 20.0	 20.0	 20.1	 73.8	 49.5	 17.1	 0.131	15.007	 4.843
  452.6	 45.2	 53.8	 20.0	 20.0	 20.1	 73.8	 49.5	 17.1	 0.137	15.028	 4.843
  453.3	 45.2	 53.8	 20.0	 20.0	 20.1	 73.8	 49.5	 17.1	 0.133	14.967	 4.843
  454.1	 45.2	 53.8	 20.0	 20.0	 20.1	 73.8	 49.5	 17.2	 0.136	15.110	 4.864
  454.8	 45.1	 53.8	 20.0	 20.0	 20.1	 73.8	 49.5	 17.2	 0.140	15.028	 4.843
  455.6	 45.1	 53.8	 20.0	 20.0	 20.1	 73.8	 49.5	 17.2	 0.138	15.089	 4.864
  456.3	 45.1	 53.8	 20.0	 20.0	 20.1	 73.8	 49.5	 17.2	 0.135	15.151	 4.864
  457.1	 45.1	 53.8	 20.0	 20.0	 20.1	 73.8	 49.5	 17.2	 0.127	15.028	 4.864
  457.9	 45.1	 53.8	 20.0	 20.0	 20.2	 73.8	 49.5	 17.2	 0.136	15.089	 4.884
  458.6	 45.1	 53.8	 20.0	 20.0	 20.2	 73.8	 49.5	 17.2	 0.137	15.007	 4.884
  459.4	 45.1	 53.8	 20.0	 20.0	 20.1	 73.7	 49.5	 17.3	 0.137	14.987	 4.905
  460.1	 45.1	 53.8	 20.0	 20.0	 20.2	 73.7	 49.5	 17.3	 0.139	15.151	 4.884
  460.9	 45.1	 53.8	 20.0	 20.0	 20.1	 73.7	 49.5	 17.3	 0.131	15.048	 4.884
  461.7	 45.1	 53.8	 20.0	 20.0	 20.1	 73.7	 49.5	 17.3	 0.134	15.089	 4.884
  462.4	 45.1	 53.8	 20.0	 20.0	 20.1	 73.7	 49.5	 17.3	 0.138	15.007	 4.905
  463.2	 45.1	 53.8	 20.0	 20.0	 20.2	 73.7	 49.5	 17.3	 0.134	14.987	 4.905
  463.9	 45.1	 53.9	 20.0	 20.0	 20.2	 73.7	 49.5	 17.3	 0.136	14.987	 5.027
  464.7	 45.1	 53.8	 20.0	 20.0	 20.2	 73.7	 49.5	 17.3	 0.138	15.007	 4.884
  465.4	 45.1	 53.8	 20.0	 20.0	 20.2	 73.7	 49.5	 17.4	 0.128	14.987	 4.966
  466.2	 45.1	 53.8	 20.0	 20.0	 20.1	 73.7	 49.5	 17.4	 0.133	15.151	 4.905
  467.0	 45.1	 53.8	 20.0	 20.0	 20.1	 73.7	 49.4	 17.4	 0.135	15.069	 4.905
  467.7	 45.1	 53.8	 20.0	 20.0	 20.1	 73.7	 49.5	 17.4	 0.132	15.028	 4.905
  468.5	 45.1	 53.8	 20.0	 20.0	 20.1	 73.7	 49.4	 17.4	 0.142	14.967	 4.925
  469.2	 45.1	 53.8	 20.0	 20.0	 20.1	 73.6	 49.5	 17.4	 0.138	14.148	 5.395
  470.0	 45.1	 53.8	 20.0	 20.0	 20.2	 73.5	 49.5	 17.4	 0.133	13.698	 5.456
  470.8	 45.1	 53.7	 20.0	 20.0	 20.2	 73.3	 49.4	 17.4	 0.135	13.351	 5.497
  471.5	 45.1	 52.8	 20.0	 20.0	 20.2	 73.2	 49.3	 17.4	 0.125	13.105	 5.538
  472.3	 45.1	 52.3	 20.0	 20.0	 20.2	 73.1	 49.2	 17.4	 0.137	13.310	 5.538
  473.0	 45.0	 51.8	 20.0	 20.0	 20.2	 72.9	 49.1	 17.4	 0.134	13.514	 5.558
  473.8	 45.0	 51.3	 20.0	 20.0	 20.2	 72.8	 49.0	 17.5	 0.135	13.392	 5.579
  474.6	 45.0	 50.8	 20.0	 20.0	 20.2	 72.6	 48.9	 17.5	 0.138	13.248	 5.701
  475.3	 45.1	 50.6	 20.0	 20.0	 20.2	 72.5	 48.9	 17.5	 0.136	13.085	 5.620
  476.1	 45.1	 50.3	 20.0	 20.0	 20.2	 72.4	 48.8	 17.6	 0.127	13.085	 5.620
  476.8	 45.1	 50.0	 20.0	 20.0	 20.2	 72.2	 48.8	 17.7	 0.128	12.880	 5.640
  477.6	 45.1	 49.9	 20.0	 20.0	 20.2	 72.1	 48.7	 17.7	 0.126	12.819	 5.640
  478.3	 45.1	 49.5	 20.0	 20.0	 20.3	 72.0	 48.6	 17.8	 0.135	12.737	 5.640
  479.1	 45.1	 49.3	 20.0	 20.0	 20.3	 71.8	 48.6	 17.8	 0.128	12.655	 5.803
  479.9	 45.1	 49.1	 20.0	 20.0	 20.3	 71.7	 48.5	 17.9	 0.138	12.594	 5.661
  480.6	 45.1	 48.9	 20.0	 20.0	 20.3	 71.5	 48.5	 18.0	 0.144	12.512	 5.661
  481.5	 45.1	 48.5	 20.0	 20.0	 20.3	 71.4	 48.4	 18.1	 0.133	12.451	 5.681
  482.4	 45.1	 48.4	 20.0	 20.0	 20.3	 71.3	 48.4	 18.2	 0.131	12.389	 5.701
  483.3	 45.1	 48.3	 20.0	 20.0	 20.3	 71.1	 48.3	 18.2	 0.142	12.328	 5.701
  484.2	 45.1	 48.0	 20.0	 20.0	 20.4	 71.0	 48.2	 18.3	 0.136	12.267	 5.722
  485.1	 45.1	 47.9	 20.0	 20.0	 20.4	 70.8	 48.2	 18.4	 0.136	12.205	 5.722
  485.9	 45.1	 47.6	 20.0	 20.0	 20.4	 70.6	 48.1	 18.4	 0.139	12.164	 5.742
  486.8	 45.1	 47.5	 20.0	 20.0	 20.4	 70.4	 48.1	 18.5	 0.130	12.124	 5.742
  487.7	 45.1	 47.4	 20.0	 20.0	 20.5	 70.3	 48.0	 18.6	 0.136	12.083	 5.742
  488.6	 45.1	 47.2	 20.0	 20.0	 20.5	 70.2	 48.0	 18.6	 0.132	12.021	 5.742
  489.5	 45.1	 47.1	 20.0	 20.0	 20.5	 70.0	 48.0	 18.6	 0.134	12.001	 5.763
  490.4	 45.1	 47.0	 20.0	 20.0	 20.5	 69.9	 47.9	 18.7	 0.134	11.939	 5.763
  491.3	 45.1	 46.9	 20.0	 20.0	 20.5	 69.7	 47.8	 18.7	 0.132	11.899	 5.763
  492.1	 45.1	 46.7	 20.0	 20.0	 20.5	 69.6	 47.8	 18.8	 0.130	11.939	 5.763
  493.0	 45.1	 46.7	 20.0	 20.0	 20.5	 69.5	 47.8	 18.8	 0.131	11.858	 5.763
  493.9	 45.1	 46.6	 20.0	 20.0	 20.5	 69.3	 47.7	 18.8	 0.134	11.817	 5.763
  494.8	 45.1	 46.5	 20.0	 20.0	 20.6	 69.2	 47.6	 18.9	 0.134	11.796	 5.783
  495.7	 45.1	 46.4	 20.0	 20.0	 20.6	 69.0	 47.6	 18.9	 0.133	11.776	 5.783
  496.6	 45.1	 46.3	 20.0	 20.0	 20.6	 68.9	 47.5	 18.9	 0.137	11.755	 5.783
  497.5	 45.1	 46.3	 20.0	 20.0	 20.6	 68.8	 47.5	 19.0	 0.136	11.735	 5.783
  498.3	 45.0	 46.2	 20.0	 20.0	 20.6	 68.6	 47.4	 19.0	 0.136	11.755	 5.906
  499.2	 45.0	 46.1	 20.0	 20.0	 20.6	 68.5	 47.3	 19.0	 0.136	11.694	 5.763
  500.1	 44.9	 46.1	 20.0	 20.0	 20.6	 68.3	 47.3	 19.0	 0.132	11.674	 5.783
  501.0	 44.9	 46.0	 20.0	 20.0	 20.6	 68.2	 47.2	 19.1	 0.135	11.653	 5.803
  501.9	 44.9	 46.0	 20.0	 20.0	 20.6	 68.1	 47.2	 19.1	 0.136	11.633	 5.783
  502.8	 44.9	 46.0	 20.0	 20.0	 20.7	 67.9	 47.1	 19.2	 0.139	11.612	 5.803
  503.7	 44.9	 45.9	 20.0	 20.0	 20.7	 67.8	 47.0	 19.2	 0.134	11.592	 5.803
  504.6	 44.9	 45.8	 20.0	 20.0	 20.7	 67.6	 47.0	 19.2	 0.132	11.592	 5.803
  505.4	 44.9	 45.8	 20.0	 20.0	 20.7	 67.6	 46.9	 19.2	 0.129	11.571	 5.803
  506.3	 44.8	 45.7	 20.0	 20.0	 20.7	 67.4	 46.9	 19.3	 0.130	11.551	 5.803
  507.2	 44.8	 45.7	 20.0	 20.0	 20.7	 67.3	 46.8	 19.3	 0.133	11.530	 5.803
  508.1	 44.7	 45.6	 20.0	 20.0	 20.7	 67.2	 46.7	 19.3	 0.138	11.571	 5.803
  509.0	 44.7	 45.6	 20.0	 20.0	 20.7	 67.0	 46.7	 19.3	 0.128	11.510	 5.803
  509.9	 44.7	 45.5	 20.0	 20.0	 20.7	 66.9	 46.6	 19.3	 0.137	11.489	 5.824
  510.8	 44.6	 45.5	 20.0	 20.0	 20.7	 66.7	 46.5	 19.3	 0.130	11.489	 5.803
  511.6	 44.6	 45.5	 20.0	 20.0	 20.7	 66.6	 46.4	 19.4	 0.134	11.469	 5.824
  512.5	 44.6	 45.4	 20.0	 20.0	 20.7	 66.6	 46.3	 19.4	 0.138	11.449	 5.803
  513.4	 44.6	 45.4	 20.0	 20.0	 20.8	 66.4	 46.2	 19.4	 0.129	11.449	 5.824
  514.3	 44.6	 45.3	 20.0	 20.0	 20.8	 66.3	 46.1	 19.4	 0.125	11.428	 5.824
  515.2	 44.6	 45.3	 20.0	 20.0	 20.8	 66.1	 46.0	 19.5	 0.127	11.408	 5.824
  516.1	 44.5	 45.2	 20.0	 20.0	 20.8	 66.0	 45.9	 19.5	 0.138	11.408	 5.824
  517.0	 44.5	 45.2	 20.0	 20.0	 20.8	 65.9	 45.8	 19.5	 0.138	11.387	 5.824
  517.9	 44.5	 45.2	 20.0	 20.0	 20.8	 65.8	 45.6	 19.5	 0.125	11.387	 5.824
  518.8	 44.5	 45.1	 20.0	 20.0	 20.8	 65.7	 45.6	 19.5	 0.135	11.367	 5.824
  519.6	 44.4	 45.1	 20.0	 20.0	 20.8	 65.5	 45.5	 19.5	 0.131	11.367	 5.885
  520.5	 44.3	 45.0	 20.0	 20.0	 20.8	 65.4	 45.3	 19.5	 0.136	11.346	 5.824
  521.4	 44.3	 45.0	 20.0	 20.0	 20.8	 65.2	 45.2	 19.5	 0.138	11.346	 5.844
  522.3	 44.3	 45.0	 20.0	 20.0	 20.8	 65.1	 45.2	 19.5	 0.136	11.326	 5.824
  523.2	 44.3	 44.9	 20.0	 20.0	 20.8	 65.0	 45.1	 19.6	 0.137	11.285	 5.885
  524.1	 44.2	 44.9	 20.0	 20.0	 20.8	 64.9	 45.0	 19.6	 0.132	11.305	 5.844
  525.0	 44.2	 44.9	 20.0	 20.0	 20.8	 64.8	 44.9	 19.6	 0.130	11.305	 5.824
  525.9	 44.1	 44.8	 20.0	 20.0	 20.9	 64.6	 44.8	 19.6	 0.136	11.285	 5.824
  526.7	 44.1	 44.8	 20.0	 20.0	 20.9	 64.5	 44.7	 19.6	 0.135	11.285	 5.844
  527.6	 44.1	 44.7	 20.0	 20.0	 20.8	 64.4	 44.7	 19.6	 0.135	11.264	 5.844
  528.5	 44.0	 44.7	 20.0	 20.0	 20.8	 64.3	 44.6	 19.6	 0.140	11.264	 5.844
  529.4	 44.1	 44.7	 20.0	 20.0	 20.9	 64.2	 44.6	 19.6	 0.137	11.244	 5.844
  530.3	 44.1	 44.6	 20.0	 20.0	 20.9	 64.0	 44.5	 19.6	 0.136	11.244	 5.844
  531.2	 44.1	 44.6	 20.0	 20.0	 20.9	 63.9	 44.4	 19.6	 0.134	11.224	 5.844
  532.1	 44.0	 44.5	 20.0	 20.0	 20.9	 63.9	 44.4	 19.7	 0.131	11.224	 5.844
  533.0	 44.0	 44.5	 20.0	 20.0	 20.9	 63.7	 44.3	 19.7	 0.133	11.203	 5.844
  533.8	 44.0	 44.5	 20.0	 20.0	 20.9	 63.6	 44.3	 19.7	 0.137	11.203	 5.844
  534.8	 43.9	 44.4	 20.0	 20.0	 20.9	 63.5	 44.2	 19.7	 0.132	11.203	 5.844
  535.7	 43.9	 44.4	 20.0	 20.0	 20.9	 63.4	 44.1	 19.7	 0.135	11.183	 5.844
  536.6	 43.9	 44.4	 20.0	 20.0	 21.0	 63.2	 44.0	 19.7	 0.133	11.183	 5.844
  537.5	 43.8	 44.4	 20.0	 20.0	 21.0	 63.2	 43.9	 19.7	 0.129	11.162	 5.844
  538.3	 43.8	 44.4	 20.0	 20.0	 20.9	 63.1	 43.8	 19.7	 0.134	11.162	 5.844
  539.2	 43.8	 44.3	 20.0	 20.0	 21.0	 62.9	 43.8	 19.7	 0.134	11.162	 5.844
  540.1	 43.7	 44.3	 20.0	 20.0	 21.0	 62.9	 43.7	 19.7	 0.129	11.142	 5.844
  540.9	 43.7	 44.3	 20.0	 20.0	 21.0	 62.8	 43.7	 19.8	 0.141	11.142	 5.844
  541.6	 43.7	 44.3	 20.0	 20.0	 21.0	 62.7	 43.6	 19.8	 0.124	11.121	 5.844
  542.4	 43.7	 44.2	 20.0	 20.0	 21.0	 62.6	 43.7	 19.8	 0.136	11.121	 5.844
  543.2	 43.7	 44.2	 20.0	 20.0	 21.0	 62.5	 43.8	 19.8	 0.133	11.101	 5.844
  543.9	 43.7	 44.2	 20.0	 20.0	 21.1	 62.5	 43.9	 19.8	 0.132	11.101	 5.844
  544.7	 43.6	 44.1	 20.0	 20.0	 21.1	 62.3	 44.0	 19.8	 0.136	11.101	 5.844
  545.5	 43.5	 44.1	 20.0	 20.0	 21.1	 62.2	 44.1	 19.8	 0.136	11.080	 5.844
  546.2	 43.5	 44.1	 20.0	 20.0	 21.1	 62.2	 44.4	 19.8	 0.134	11.080	 5.844
  547.0	 43.5	 44.0	 20.0	 20.0	 21.1	 62.1	 44.5	 19.9	 0.135	11.080	 5.865
  547.8	 43.5	 44.0	 20.0	 20.0	 21.1	 62.0	 44.6	 19.9	 0.134	11.060	 5.844
  548.5	 43.4	 44.0	 20.0	 20.0	 21.2	 61.9	 44.6	 19.9	 0.132	11.060	 5.865
  549.3	 43.4	 44.0	 20.0	 20.0	 21.2	 61.8	 44.8	 19.9	 0.137	11.060	 5.865
  550.1	 43.4	 43.9	 20.0	 20.0	 21.2	 61.8	 44.7	 19.9	 0.136	11.039	 5.865
  550.8	 43.4	 43.9	 20.0	 20.0	 21.2	 61.7	 44.8	 19.9	 0.136	11.039	 5.865
  551.7	 43.4	 43.9	 20.0	 20.0	 21.2	 61.6	 44.8	 19.9	 0.145	11.039	 5.865
  552.5	 43.4	 43.9	 20.0	 20.0	 21.2	 61.5	 44.7	 19.9	 0.132	11.019	 5.865
  553.2	 43.4	 43.8	 20.0	 20.0	 21.2	 61.4	 44.7	 19.9	 0.131	10.999	 5.865
  554.0	 43.4	 43.8	 20.0	 20.0	 21.3	 61.4	 44.6	 19.9	 0.138	10.999	 5.865
  554.7	 43.3	 43.8	 20.0	 20.0	 21.3	 61.3	 44.6	 20.0	 0.132	10.999	 5.865
  555.5	 43.3	 43.8	 20.0	 20.0	 21.3	 61.2	 44.5	 20.0	 0.132	10.999	 5.865
  556.3	 43.2	 43.7	 20.0	 20.0	 21.3	 61.1	 44.4	 20.0	 0.134	10.978	 5.865
  557.0	 43.2	 43.7	 20.0	 20.0	 21.3	 61.1	 44.4	 20.0	 0.134	10.978	 5.865
  557.8	 43.2	 43.7	 20.0	 20.0	 21.3	 61.0	 44.3	 20.0	 0.139	10.978	 5.865
  558.6	 43.2	 43.7	 20.0	 20.0	 21.4	 60.8	 44.2	 20.0	 0.133	10.978	 5.865
  559.3	 43.2	 43.7	 20.0	 20.0	 21.4	 60.8	 44.2	 20.0	 0.135	10.958	 5.865
  560.1	 43.2	 43.6	 20.0	 20.0	 21.4	 60.7	 44.1	 20.0	 0.137	10.958	 5.865
  560.8	 43.2	 43.6	 20.0	 20.0	 21.4	 60.7	 44.0	 20.0	 0.137	10.937	 5.865
  561.6	 43.2	 43.6	 20.0	 20.0	 21.4	 60.6	 44.0	 20.0	 0.136	10.937	 5.865
  562.4	 43.2	 43.6	 20.0	 20.0	 21.5	 60.5	 44.0	 20.0	 0.131	10.937	 5.865
  563.1	 43.1	 43.5	 20.0	 20.0	 21.5	 60.4	 43.8	 20.1	 0.138	10.937	 5.865
  563.9	 43.0	 43.5	 20.0	 20.0	 21.5	 60.3	 43.8	 20.0	 0.136	10.917	 5.885
  564.7	 43.0	 43.5	 20.0	 20.0	 21.5	 60.3	 43.7	 20.1	 0.130	10.917	 5.844
  565.5	 42.9	 43.5	 20.0	 20.0	 21.5	 60.2	 43.7	 20.1	 0.134	10.917	 5.865
  566.2	 42.9	 43.4	 20.0	 20.0	 21.5	 60.1	 43.6	 20.1	 0.140	10.896	 5.885
  567.0	 42.9	 43.4	 20.0	 20.0	 21.6	 60.0	 43.5	 20.1	 0.127	10.896	 5.865
  567.8	 42.9	 43.4	 20.0	 20.0	 21.6	 60.0	 43.4	 20.1	 0.134	10.896	 5.926
  568.5	 42.9	 43.4	 20.0	 20.0	 21.6	 59.9	 43.3	 20.1	 0.136	10.876	 5.865
  569.3	 42.8	 43.4	 20.0	 20.0	 21.6	 59.8	 43.3	 20.1	 0.134	10.876	 5.865
  570.1	 42.8	 43.3	 20.0	 20.0	 21.6	 59.7	 43.1	 20.1	 0.135	10.876	 5.885
  571.0	 42.8	 43.3	 20.0	 20.0	 21.6	 59.7	 43.1	 20.1	 0.134	10.855	 5.865
  571.9	 42.8	 43.2	 20.0	 20.0	 21.7	 59.5	 43.0	 20.1	 0.135	10.855	 5.885
  572.8	 42.8	 43.2	 20.0	 20.0	 21.7	 59.5	 42.9	 20.1	 0.129	10.855	 5.885
  573.7	 42.8	 43.2	 20.0	 20.0	 21.7	 59.4	 42.9	 20.1	 0.135	10.835	 5.885
  574.6	 42.7	 43.1	 20.0	 20.0	 21.7	 59.3	 42.7	 20.1	 0.142	10.937	 5.885
  575.6	 42.6	 43.1	 20.0	 20.0	 21.7	 59.1	 42.7	 20.1	 0.131	10.815	 5.885
  576.5	 42.6	 43.1	 20.0	 20.0	 21.8	 59.1	 42.6	 20.2	 0.136	10.815	 5.865
  577.4	 42.6	 43.0	 20.0	 20.0	 21.8	 59.0	 42.6	 20.2	 0.131	10.794	 5.885
  578.4	 42.6	 43.0	 20.0	 20.0	 21.8	 58.9	 42.5	 20.2	 0.125	10.794	 5.885
  579.5	 42.6	 43.0	 20.0	 20.0	 21.8	 58.8	 42.4	 20.2	 0.133	10.794	 5.885
  580.7	 42.5	 42.9	 20.0	 20.0	 21.9	 58.6	 42.2	 20.2	 0.140	10.774	 5.885
  582.5	 42.5	 42.9	 20.0	 20.0	 21.9	 58.5	 42.1	 20.2	 0.132	10.774	 5.885
  583.5	 42.5	 42.9	 20.0	 20.0	 21.9	 58.5	 42.1	 20.2	 0.131	10.774	 5.885
  584.4	 42.5	 42.9	 20.0	 20.0	 21.9	 58.4	 42.0	 20.2	 0.130	10.753	 5.885
  585.3	 42.4	 42.8	 20.0	 20.0	 22.0	 58.3	 41.9	 20.2	 0.134	10.753	 5.885
  586.4	 42.3	 42.8	 20.0	 20.0	 22.0	 58.2	 41.9	 20.2	 0.134	10.733	 5.885
  587.5	 42.3	 42.8	 20.0	 20.0	 22.0	 58.0	 41.8	 20.2	 0.136	10.733	 5.885
  588.5	 42.3	 42.7	 20.0	 20.0	 22.0	 58.0	 41.7	 20.2	 0.133	10.712	 5.885
  589.4	 42.2	 42.7	 20.0	 20.0	 22.1	 57.9	 41.7	 20.2	 0.134	10.794	 5.906
  590.3	 42.3	 42.7	 20.0	 20.0	 22.1	 57.8	 41.6	 20.2	 0.134	10.712	 5.906
  591.4	 42.1	 42.6	 20.0	 20.0	 22.1	 57.6	 41.5	 20.2	 0.133	10.692	 5.906
  593.4	 42.1	 42.6	 20.0	 20.0	 22.1	 57.5	 41.4	 20.2	 0.136	10.671	 5.885
  594.4	 42.1	 42.5	 20.0	 20.0	 22.2	 57.4	 41.4	 20.3	 0.131	10.671	 5.885
  595.3	 42.1	 42.5	 20.0	 20.0	 22.2	 57.3	 41.3	 20.3	 0.131	10.671	 5.906
  596.2	 42.0	 42.5	 20.0	 20.0	 22.2	 57.3	 41.3	 20.3	 0.137	10.651	 5.885
  597.3	 42.1	 42.5	 20.0	 20.0	 22.2	 57.1	 41.1	 20.3	 0.135	10.651	 5.906
  599.7	 42.0	 42.4	 20.0	 20.0	 22.3	 56.9	 41.0	 20.3	 0.140	10.610	 5.926
  601.9	 41.9	 42.4	 20.0	 20.0	 22.3	 56.7	 40.9	 20.3	 0.130	10.610	 5.906
  604.1	 41.9	 42.3	 20.0	 20.0	 22.4	 56.6	 40.8	 20.3	 0.139	10.590	 6.028
  605.6	 41.9	 42.3	 20.0	 20.0	 22.4	 56.5	 40.8	 20.3	 0.133	10.569	 5.906
  606.5	 41.9	 42.2	 20.0	 20.0	 22.4	 56.4	 40.7	 20.3	 0.136	10.590	 5.906
  607.5	 41.9	 42.2	 20.0	 20.0	 22.5	 56.4	 40.7	 20.4	 0.136	10.569	 5.906
  608.4	 41.8	 42.2	 20.0	 20.0	 22.5	 56.3	 40.6	 20.4	 0.134	10.528	 5.906
  609.4	 41.8	 42.2	 20.0	 20.0	 22.5	 56.2	 40.6	 20.4	 0.138	10.549	 5.926
  610.3	 41.7	 42.2	 20.0	 20.0	 22.6	 56.1	 40.5	 20.4	 0.138	10.549	 5.906
  611.2	 41.7	 42.1	 20.0	 20.0	 22.6	 56.1	 40.5	 20.4	 0.130	10.508	 5.906
  612.2	 41.7	 42.1	 20.0	 20.0	 22.6	 56.0	 40.5	 20.4	 0.136	10.528	 5.926
  613.1	 41.7	 42.1	 20.0	 20.0	 22.7	 56.0	 40.5	 20.4	 0.142	10.528	 5.987
  614.1	 41.7	 42.1	 20.0	 20.0	 22.7	 55.9	 40.4	 20.4	 0.130	10.528	 5.906
  615.6	 41.6	 42.0	 20.0	 20.0	 22.7	 55.7	 40.3	 20.4	 0.132	10.508	 5.906
  617.3	 41.6	 42.0	 20.0	 20.0	 22.7	 55.6	 40.2	 20.4	 0.133	10.487	 5.926
  618.4	 41.6	 41.9	 20.0	 20.0	 22.8	 55.4	 40.1	 20.4	 0.129	10.487	 5.926
  621.0	 41.5	 41.9	 20.0	 20.0	 22.8	 55.2	 39.9	 20.4	 0.132	10.467	 5.926
  622.4	 41.5	 41.8	 20.0	 20.0	 22.8	 55.2	 39.9	 20.4	 0.138	10.467	 5.987
  623.4	 41.5	 41.8	 20.0	 20.0	 22.9	 55.1	 39.9	 20.5	 0.134	10.446	 5.926
  624.3	 41.5	 41.8	 20.0	 20.0	 22.9	 55.1	 39.8	 20.5	 0.138	10.446	 5.926
  625.2	 41.4	 41.8	 20.0	 20.0	 22.9	 55.0	 39.8	 20.5	 0.135	10.446	 5.926
  626.1	 41.4	 41.8	 20.0	 20.0	 22.9	 54.9	 39.7	 20.5	 0.134	10.426	 5.926
  627.0	 41.3	 41.8	 20.0	 20.0	 23.0	 54.9	 39.7	 20.5	 0.137	10.426	 5.926
  627.9	 41.3	 41.7	 20.0	 20.0	 23.0	 54.8	 39.7	 20.5	 0.137	10.426	 6.069
  628.9	 41.3	 41.7	 20.0	 20.0	 23.0	 54.7	 39.6	 20.5	 0.132	10.405	 5.926
  629.9	 41.3	 41.6	 20.0	 20.0	 23.0	 54.6	 39.6	 20.5	 0.134	10.405	 5.926
  631.0	 41.3	 41.6	 20.0	 20.0	 23.1	 54.5	 39.5	 20.6	 0.138	10.385	 5.926
  633.0	 41.2	 41.5	 20.0	 20.0	 23.1	 54.4	 39.4	 20.6	 0.137	10.385	 5.946
  633.7	 41.2	 41.5	 20.0	 20.0	 23.1	 54.4	 39.4	 20.6	 0.126	10.385	 5.926
  634.5	 41.1	 41.5	 20.0	 20.0	 23.1	 54.3	 39.4	 20.6	 0.130	10.365	 5.926
  635.2	 41.1	 41.5	 20.0	 20.0	 23.1	 54.2	 39.3	 20.5	 0.137	10.365	 5.926
  636.0	 41.1	 41.5	 20.0	 20.0	 23.1	 54.1	 39.3	 20.5	 0.133	10.365	 5.926
  636.8	 41.1	 41.4	 20.0	 20.0	 23.2	 54.1	 39.3	 20.5	 0.134	10.365	 5.926
  637.6	 41.1	 41.4	 20.0	 20.0	 23.2	 54.0	 39.2	 20.5	 0.139	10.344	 5.926
  638.3	 41.1	 41.4	 20.0	 20.0	 23.2	 54.0	 39.2	 20.5	 0.142	10.344	 5.926
  639.1	 41.0	 41.4	 20.0	 20.0	 23.2	 53.9	 39.2	 20.6	 0.136	10.344	 5.946
  640.0	 41.0	 41.3	 20.0	 20.0	 23.2	 53.9	 39.1	 20.6	 0.139	10.344	 5.946
  640.8	 41.0	 41.3	 20.0	 20.0	 23.2	 53.8	 39.1	 20.6	 0.136	10.324	 5.926
  641.6	 41.0	 41.3	 20.0	 20.0	 23.2	 53.7	 39.1	 20.6	 0.136	10.324	 5.926
  642.3	 40.9	 41.3	 20.0	 20.0	 23.3	 53.7	 39.0	 20.6	 0.136	10.324	 5.926
  643.1	 40.9	 41.3	 20.0	 20.0	 23.3	 53.6	 38.9	 20.6	 0.138	10.303	 5.926
  643.9	 40.9	 41.3	 20.0	 20.0	 23.3	 53.6	 38.9	 20.6	 0.136	10.303	 5.946
  644.7	 40.8	 41.2	 20.0	 20.0	 23.3	 53.5	 38.9	 20.6	 0.131	10.303	 5.946
  645.5	 40.8	 41.2	 20.0	 20.0	 23.3	 53.4	 38.8	 20.6	 0.131	10.283	 5.946
  646.3	 40.8	 41.2	 20.0	 20.0	 23.3	 53.4	 38.8	 20.6	 0.136	10.283	 5.926
  647.0	 40.8	 41.1	 20.0	 20.0	 23.3	 53.3	 38.8	 20.6	 0.127	10.324	 5.946
  647.8	 40.8	 41.1	 20.0	 20.0	 23.4	 53.2	 38.7	 20.6	 0.136	10.283	 5.946
  648.6	 40.7	 41.1	 20.0	 20.0	 23.4	 53.2	 38.7	 20.6	 0.128	10.262	 5.946
  649.4	 40.7	 41.1	 20.0	 20.0	 23.4	 53.2	 38.7	 20.6	 0.136	10.262	 5.987
  650.1	 40.7	 41.1	 20.0	 20.0	 23.4	 53.1	 38.6	 20.6	 0.134	10.324	 5.946
  650.9	 40.7	 41.0	 20.0	 20.0	 23.4	 53.0	 38.6	 20.6	 0.136	10.262	 5.946
  651.7	 40.7	 41.0	 20.0	 20.0	 23.4	 53.0	 38.6	 20.7	 0.136	10.242	 5.946
  652.5	 40.7	 41.0	 20.0	 20.0	 23.5	 52.9	 38.5	 20.6	 0.133	10.242	 5.946
  653.3	 40.7	 41.0	 20.0	 20.0	 23.5	 52.9	 38.5	 20.7	 0.133	10.242	 5.946
  654.1	 40.6	 41.0	 20.0	 20.0	 23.5	 52.7	 38.4	 20.6	 0.132	10.221	 5.946
  654.9	 40.6	 40.9	 20.0	 20.0	 23.5	 52.7	 38.4	 20.6	 0.144	10.221	 5.946
  655.6	 40.6	 40.9	 20.0	 20.0	 23.5	 52.7	 38.4	 20.6	 0.136	10.221	 5.946
  656.4	 40.6	 40.9	 20.0	 20.0	 23.5	 52.6	 38.3	 20.6	 0.132	10.221	 5.946
  657.2	 40.6	 40.9	 20.0	 20.0	 23.5	 52.5	 38.3	 20.6	 0.133	10.221	 5.946
  658.0	 40.5	 40.9	 20.0	 20.0	 23.5	 52.5	 38.3	 20.7	 0.131	10.201	 5.967
  658.8	 40.5	 40.9	 20.0	 20.0	 23.5	 52.4	 38.2	 20.6	 0.133	10.201	 5.967
  659.6	 40.5	 40.8	 20.0	 20.0	 23.5	 52.3	 38.2	 20.6	 0.135	10.201	 5.946
  660.5	 40.5	 40.8	 20.0	 20.0	 23.6	 52.2	 38.1	 20.6	 0.137	10.160	 5.946
  661.3	 40.5	 40.8	 20.0	 20.0	 23.6	 52.2	 38.1	 20.6	 0.136	10.201	 5.946
  662.0	 40.4	 40.8	 20.0	 20.0	 23.6	 52.1	 38.1	 20.7	 0.134	10.180	 5.946
  662.8	 40.4	 40.8	 20.0	 20.0	 23.6	 52.1	 38.1	 20.7	 0.132	10.160	 5.946
  663.6	 40.4	 40.7	 20.0	 20.0	 23.7	 52.0	 38.0	 20.7	 0.135	10.160	 5.946
  664.4	 40.4	 40.7	 20.0	 20.0	 23.7	 51.9	 38.0	 20.7	 0.141	10.160	 5.967
  665.2	 40.4	 40.7	 20.0	 20.0	 23.7	 51.9	 38.0	 20.7	 0.139	10.160	 5.967
  666.0	 40.3	 40.7	 20.0	 20.0	 23.7	 51.7	 37.9	 20.7	 0.135	10.140	 6.110
  666.8	 40.3	 40.7	 20.0	 20.0	 23.7	 51.7	 37.9	 20.7	 0.136	10.140	 5.946
  667.6	 40.3	 40.6	 20.0	 20.0	 23.7	 51.6	 37.9	 20.7	 0.133	10.140	 5.926
  668.5	 40.3	 40.6	 20.0	 20.0	 23.8	 51.6	 37.8	 20.7	 0.135	10.140	 5.967
