# Run number 04 on Fri May 10 13:03:46 2019
# time	TA	TB	TC	TD	T1	T2	T3	T4	DP	P1	P2
    1.3	 60.0	 68.4	 20.0	 20.0	 17.1	 84.8	 62.9	 18.8	 0.135	20.878	 5.048
    1.9	 60.0	 68.4	 20.0	 20.0	 17.2	 84.8	 62.9	 18.8	 0.134	20.898	 5.191
    2.7	 59.9	 68.4	 20.0	 20.0	 17.3	 84.8	 62.8	 18.7	 0.133	21.205	 5.007
    3.6	 59.9	 68.3	 20.0	 20.0	 17.4	 84.8	 62.7	 18.7	 0.133	21.041	 5.007
    4.4	 59.8	 68.3	 20.0	 20.0	 17.6	 84.7	 62.7	 18.6	 0.135	20.898	 5.007
    5.3	 59.8	 68.3	 20.0	 20.0	 17.8	 84.7	 62.7	 18.6	 0.130	20.898	 5.007
    6.2	 59.8	 68.3	 20.0	 20.0	 18.0	 84.7	 62.6	 18.5	 0.132	21.041	 4.986
    7.2	 59.9	 68.3	 20.0	 20.0	 18.0	 84.7	 62.6	 18.5	 0.127	20.959	 4.986
    8.1	 59.8	 68.2	 20.0	 20.0	 18.2	 84.7	 62.5	 18.5	 0.136	20.755	 4.986
    9.0	 59.8	 68.2	 20.0	 20.0	 18.3	 84.7	 62.5	 18.4	 0.126	20.959	 4.966
    9.9	 59.8	 68.1	 20.0	 20.0	 18.5	 84.7	 62.5	 18.4	 0.134	21.021	 4.966
   10.8	 59.6	 68.1	 20.0	 20.0	 18.6	 84.8	 62.5	 18.4	 0.132	20.653	 4.986
   11.8	 59.6	 68.0	 20.0	 20.0	 18.7	 84.7	 62.5	 18.4	 0.136	21.021	 4.966
   12.7	 59.4	 68.0	 20.0	 20.0	 18.8	 84.8	 62.5	 18.3	 0.139	20.775	 4.966
   13.6	 59.5	 68.0	 20.0	 20.0	 18.9	 84.8	 62.4	 18.3	 0.133	20.857	 4.966
   14.5	 59.5	 68.0	 20.0	 20.0	 19.0	 84.8	 62.4	 18.3	 0.129	20.898	 4.966
   15.4	 59.5	 68.0	 20.0	 20.0	 19.1	 84.8	 62.4	 18.3	 0.132	20.918	 4.946
   16.4	 59.5	 67.9	 20.0	 20.0	 19.3	 84.8	 62.4	 18.3	 0.134	20.571	 4.966
   17.3	 59.4	 67.9	 20.0	 20.0	 19.3	 84.8	 62.4	 18.3	 0.125	20.878	 4.966
   18.2	 59.4	 67.8	 20.0	 20.0	 19.4	 84.8	 62.4	 18.3	 0.132	20.816	 4.966
   19.1	 59.4	 67.8	 20.0	 20.0	 19.5	 84.8	 62.4	 18.3	 0.133	20.734	 4.966
   20.0	 59.3	 67.7	 20.0	 20.0	 19.5	 84.7	 62.4	 18.3	 0.134	20.550	 4.966
   20.9	 59.3	 67.7	 20.0	 20.0	 19.6	 84.7	 62.4	 18.3	 0.135	20.714	 4.946
   21.8	 59.2	 67.7	 20.0	 20.0	 19.7	 84.7	 62.4	 18.3	 0.137	20.571	 4.946
   22.7	 59.2	 67.6	 20.0	 20.0	 19.8	 84.7	 62.4	 18.3	 0.133	20.468	 4.966
   23.6	 59.1	 67.6	 20.0	 20.0	 19.9	 84.7	 62.5	 18.3	 0.131	20.387	 4.966
   24.5	 59.1	 67.5	 20.0	 20.0	 20.0	 84.8	 62.5	 18.4	 0.135	20.693	 4.966
   25.4	 59.1	 67.5	 20.0	 20.0	 20.0	 84.8	 62.5	 18.4	 0.132	20.530	 5.129
   26.3	 59.1	 67.4	 20.0	 20.0	 20.1	 84.8	 62.5	 18.4	 0.136	20.468	 5.109
   27.2	 59.1	 67.4	 20.0	 20.0	 20.2	 84.8	 62.5	 18.4	 0.134	20.653	 4.966
   28.2	 59.1	 67.4	 20.0	 20.0	 20.2	 84.8	 62.5	 18.4	 0.130	20.653	 4.966
   29.1	 59.1	 67.4	 20.0	 20.0	 20.2	 84.7	 62.5	 18.4	 0.133	20.346	 4.966
   30.0	 59.1	 67.3	 20.0	 20.0	 20.3	 84.8	 62.5	 18.4	 0.132	20.284	 4.986
   30.9	 59.0	 67.3	 20.0	 20.0	 20.4	 84.8	 62.5	 18.4	 0.135	20.325	 4.986
   31.8	 59.0	 67.3	 20.0	 20.0	 20.4	 84.7	 62.5	 18.4	 0.136	20.509	 5.109
   32.7	 59.0	 67.3	 20.0	 20.0	 20.5	 84.8	 62.5	 18.5	 0.136	20.489	 5.007
   33.5	 58.9	 67.2	 20.0	 20.0	 20.5	 84.8	 62.5	 18.5	 0.132	20.509	 4.986
   34.4	 58.9	 67.2	 20.0	 20.0	 20.5	 84.7	 62.5	 18.5	 0.131	20.264	 5.007
   35.3	 58.8	 67.2	 20.0	 20.0	 20.6	 84.7	 62.4	 18.5	 0.137	20.264	 5.007
   36.2	 58.8	 67.2	 20.0	 20.0	 20.6	 84.7	 62.4	 18.5	 0.128	20.305	 5.027
   37.1	 58.8	 67.1	 20.0	 20.0	 20.6	 84.7	 62.4	 18.6	 0.134	20.243	 5.027
   38.0	 58.8	 67.1	 20.0	 20.0	 20.6	 84.6	 62.4	 18.6	 0.130	20.203	 5.007
   38.8	 58.7	 67.1	 20.0	 20.0	 20.6	 84.6	 62.3	 18.5	 0.140	20.182	 5.027
   39.7	 58.6	 67.1	 20.0	 20.0	 20.6	 84.6	 62.3	 18.6	 0.139	20.141	 5.048
   40.6	 58.7	 67.0	 20.0	 20.0	 20.6	 84.5	 62.3	 18.6	 0.132	20.141	 5.027
   41.5	 58.7	 67.0	 20.0	 20.0	 20.7	 84.5	 62.3	 18.6	 0.131	20.468	 5.048
   42.4	 58.6	 67.0	 20.0	 20.0	 20.7	 84.5	 62.2	 18.6	 0.125	20.407	 5.048
   43.2	 58.6	 67.0	 20.0	 20.0	 20.7	 84.5	 62.2	 18.7	 0.127	20.305	 5.027
   44.1	 58.5	 66.9	 20.0	 20.0	 20.8	 84.5	 62.2	 18.7	 0.135	20.284	 5.027
   45.0	 58.5	 66.9	 20.0	 20.0	 20.8	 84.5	 62.2	 18.7	 0.134	20.305	 5.048
   45.9	 58.4	 66.9	 20.0	 20.0	 20.8	 84.5	 62.2	 18.7	 0.134	20.059	 5.048
   46.8	 58.3	 66.8	 20.0	 20.0	 20.8	 84.4	 62.2	 18.7	 0.136	20.100	 5.048
   47.7	 58.3	 66.8	 20.0	 20.0	 20.8	 84.4	 62.1	 18.7	 0.141	20.059	 5.068
   48.5	 58.2	 66.8	 20.0	 20.0	 20.8	 84.4	 62.1	 18.7	 0.130	20.305	 5.068
   49.4	 58.2	 66.8	 20.0	 20.0	 20.8	 84.4	 62.1	 18.8	 0.133	20.264	 5.048
   50.3	 58.2	 66.7	 20.0	 20.0	 20.8	 84.4	 62.0	 18.8	 0.137	20.162	 5.048
   51.2	 58.1	 66.7	 20.0	 20.0	 20.9	 84.3	 62.1	 18.8	 0.130	20.182	 5.068
   52.1	 58.1	 66.6	 20.0	 20.0	 20.9	 84.3	 62.0	 18.8	 0.136	20.162	 5.068
   53.0	 58.1	 66.6	 20.0	 20.0	 20.9	 84.3	 62.0	 18.9	 0.133	19.937	 5.068
   53.8	 58.0	 66.5	 20.0	 20.0	 20.9	 84.2	 61.9	 18.8	 0.134	19.937	 5.068
   54.7	 58.0	 66.5	 20.0	 20.0	 20.9	 84.2	 61.9	 18.9	 0.135	19.916	 5.068
   55.6	 58.0	 66.5	 20.0	 20.0	 20.9	 84.1	 61.9	 18.9	 0.132	19.916	 5.068
   56.5	 58.0	 66.4	 20.0	 20.0	 20.9	 84.2	 61.9	 18.9	 0.127	19.916	 5.089
   57.4	 58.0	 66.4	 20.0	 20.0	 20.9	 84.1	 61.9	 18.9	 0.138	20.223	 5.089
   58.3	 58.0	 66.4	 20.0	 20.0	 20.9	 84.1	 61.9	 18.9	 0.134	20.203	 5.089
   59.1	 58.0	 66.4	 20.0	 20.0	 20.9	 84.1	 61.9	 19.0	 0.134	20.203	 5.089
   60.0	 57.9	 66.4	 20.0	 20.0	 20.9	 84.1	 61.8	 18.9	 0.133	19.998	 5.089
   60.9	 57.9	 66.3	 20.0	 20.0	 20.8	 84.0	 61.8	 19.0	 0.136	19.978	 5.089
   61.8	 57.9	 66.3	 20.0	 20.0	 20.8	 84.0	 61.8	 19.0	 0.141	19.957	 5.109
   62.7	 57.9	 66.3	 20.0	 20.0	 20.8	 84.0	 61.8	 19.0	 0.132	19.978	 5.150
   63.5	 57.9	 66.3	 20.0	 20.0	 20.7	 84.0	 61.7	 19.0	 0.133	19.875	 5.089
   64.4	 57.9	 66.3	 20.0	 20.0	 20.6	 84.0	 61.7	 19.1	 0.131	20.141	 5.109
   65.3	 57.9	 66.3	 20.0	 20.0	 20.5	 83.9	 61.7	 19.1	 0.127	20.121	 5.109
   66.2	 57.8	 66.2	 20.0	 20.0	 20.4	 84.0	 61.7	 19.1	 0.132	20.100	 5.089
   67.1	 57.8	 66.2	 20.0	 20.0	 20.3	 83.9	 61.6	 19.1	 0.121	19.875	 5.109
   68.0	 57.7	 66.2	 20.0	 20.0	 20.1	 83.8	 61.5	 19.1	 0.138	19.896	 5.109
   68.8	 57.6	 66.2	 20.0	 20.0	 19.9	 83.8	 61.5	 19.1	 0.133	19.896	 5.109
   69.7	 57.6	 66.1	 20.0	 20.0	 19.8	 83.7	 61.5	 19.1	 0.133	19.855	 5.109
   70.6	 57.6	 66.1	 20.0	 20.0	 19.7	 83.7	 61.5	 19.2	 0.134	19.937	 5.109
   71.5	 57.6	 66.1	 20.0	 20.0	 19.6	 83.7	 61.5	 19.1	 0.134	20.019	 5.129
   72.4	 57.5	 66.0	 20.0	 20.0	 19.3	 83.7	 61.5	 19.2	 0.134	20.019	 5.129
   73.3	 57.5	 66.0	 20.0	 20.0	 19.2	 83.6	 61.4	 19.2	 0.134	20.019	 5.129
   74.1	 57.5	 66.0	 20.0	 20.0	 18.9	 83.6	 61.4	 19.2	 0.142	19.773	 5.129
   75.0	 57.5	 66.0	 20.0	 20.0	 18.5	 83.6	 61.4	 19.3	 0.138	19.732	 5.129
   75.9	 57.4	 66.0	 20.0	 20.0	 17.8	 83.6	 61.4	 19.3	 0.135	19.732	 5.089
   76.8	 57.4	 65.9	 20.0	 20.0	 17.5	 83.6	 61.3	 19.3	 0.137	19.916	 5.089
   77.7	 57.5	 65.9	 20.0	 20.0	 17.4	 83.6	 61.4	 19.4	 0.137	19.916	 5.089
   78.6	 57.5	 65.9	 20.0	 20.0	 17.3	 83.6	 61.3	 19.4	 0.132	19.834	 5.170
   79.4	 57.5	 65.9	 20.0	 20.0	 17.2	 83.5	 61.3	 19.4	 0.138	19.814	 5.089
   80.3	 57.5	 65.9	 20.0	 20.0	 17.2	 83.5	 61.3	 19.4	 0.137	19.814	 5.109
   81.2	 57.4	 65.8	 20.0	 20.0	 17.1	 83.5	 61.3	 19.4	 0.132	19.650	 5.109
   82.1	 57.4	 65.8	 20.0	 20.0	 17.1	 83.4	 61.3	 19.4	 0.134	19.650	 5.089
   83.0	 57.4	 65.8	 20.0	 20.0	 17.1	 83.4	 61.2	 19.4	 0.131	19.630	 5.089
   83.9	 57.4	 65.8	 20.0	 20.0	 17.1	 83.4	 61.2	 19.4	 0.135	19.916	 5.089
   84.7	 57.4	 65.8	 20.0	 20.0	 17.0	 83.3	 61.2	 19.4	 0.137	19.916	 5.089
   85.6	 57.3	 65.8	 20.0	 20.0	 16.9	 83.2	 61.1	 19.4	 0.133	19.650	 5.089
   86.5	 57.2	 65.7	 20.0	 20.0	 16.9	 83.2	 61.1	 19.3	 0.130	19.630	 5.089
   87.4	 57.2	 65.7	 20.0	 20.0	 16.9	 83.2	 61.0	 19.3	 0.137	19.650	 5.068
   88.3	 57.2	 65.7	 20.0	 20.0	 16.8	 83.1	 61.0	 19.3	 0.131	19.814	 5.068
   89.2	 57.1	 65.7	 20.0	 20.0	 16.7	 83.0	 60.9	 19.2	 0.135	19.794	 5.068
   90.0	 57.1	 65.7	 20.0	 20.0	 16.7	 83.0	 60.9	 19.2	 0.137	19.773	 5.089
   90.9	 57.0	 65.7	 20.0	 20.0	 16.7	 82.9	 60.8	 19.2	 0.136	19.773	 5.089
   91.8	 57.0	 65.6	 20.0	 20.0	 16.6	 82.9	 60.8	 19.1	 0.136	19.753	 5.068
   92.7	 56.9	 65.6	 20.0	 20.0	 16.6	 82.7	 60.7	 19.1	 0.136	19.589	 5.068
   93.6	 56.9	 65.6	 20.0	 20.0	 16.6	 82.7	 60.7	 19.1	 0.134	19.589	 5.068
   94.5	 56.9	 65.6	 20.0	 20.0	 16.7	 82.7	 60.7	 19.1	 0.131	19.548	 5.048
   95.3	 56.9	 65.5	 20.0	 20.0	 16.7	 82.6	 60.6	 19.1	 0.136	19.855	 5.048
   96.2	 56.9	 65.5	 20.0	 20.0	 16.7	 82.5	 60.6	 19.0	 0.123	19.834	 5.068
   97.1	 56.8	 65.5	 20.0	 20.0	 16.7	 82.5	 60.6	 19.0	 0.129	19.937	 5.048
   98.0	 56.8	 65.4	 20.0	 20.0	 16.7	 82.4	 60.5	 19.0	 0.140	19.650	 5.048
   98.9	 56.8	 65.4	 20.0	 20.0	 16.7	 82.4	 60.4	 18.9	 0.136	19.650	 5.007
   99.8	 56.8	 65.4	 20.0	 20.0	 16.7	 82.3	 60.4	 18.9	 0.136	19.507	 5.048
  100.6	 56.7	 65.4	 20.0	 20.0	 16.6	 82.3	 60.3	 18.9	 0.133	19.794	 5.048
  101.5	 56.7	 65.3	 20.0	 20.0	 16.7	 82.2	 60.3	 18.8	 0.130	19.794	 5.048
  102.4	 56.7	 65.3	 20.0	 20.0	 16.6	 82.2	 60.2	 18.8	 0.136	19.589	 5.048
  103.3	 56.7	 65.3	 20.0	 20.0	 16.6	 82.1	 60.2	 18.8	 0.132	19.528	 5.048
  104.2	 56.7	 65.3	 20.0	 20.0	 16.6	 82.0	 60.1	 18.7	 0.127	19.548	 5.048
  105.1	 56.6	 65.3	 20.0	 20.0	 16.6	 82.0	 60.0	 18.6	 0.135	19.712	 5.027
  106.0	 56.6	 65.3	 20.0	 20.0	 16.6	 81.9	 60.0	 18.6	 0.133	19.507	 5.027
  106.8	 56.6	 65.2	 20.0	 20.0	 16.5	 81.9	 60.0	 18.6	 0.130	19.650	 5.027
  107.7	 56.6	 65.2	 20.0	 20.0	 16.5	 81.9	 59.9	 18.5	 0.134	19.609	 5.027
  108.6	 56.6	 65.2	 20.0	 20.0	 16.5	 81.9	 59.9	 18.5	 0.122	19.384	 5.027
  109.5	 56.5	 65.2	 20.0	 20.0	 16.4	 81.8	 59.8	 18.4	 0.135	19.712	 5.007
  110.4	 56.5	 65.1	 20.0	 20.0	 16.5	 81.8	 59.7	 18.4	 0.129	19.528	 4.986
  111.3	 56.4	 65.1	 20.0	 20.0	 16.6	 81.8	 59.6	 18.4	 0.135	19.425	 4.986
  112.2	 56.4	 65.1	 20.0	 20.0	 16.7	 81.8	 59.6	 18.3	 0.136	19.650	 4.986
  113.1	 56.3	 65.1	 20.0	 20.0	 16.9	 81.7	 59.6	 18.3	 0.134	19.425	 4.986
  113.9	 56.3	 65.1	 20.0	 20.0	 17.0	 81.7	 59.6	 18.3	 0.135	19.569	 5.048
  114.8	 56.3	 65.0	 20.0	 20.0	 17.1	 81.7	 59.6	 18.2	 0.137	19.569	 4.966
  115.7	 56.3	 65.0	 20.0	 20.0	 17.3	 81.7	 59.5	 18.1	 0.133	19.323	 4.966
  116.6	 56.3	 65.0	 20.0	 20.0	 17.5	 81.7	 59.5	 18.1	 0.129	19.609	 4.966
  117.5	 56.3	 64.9	 20.0	 20.0	 17.7	 81.7	 59.5	 18.1	 0.139	19.344	 4.966
  118.4	 56.2	 64.9	 20.0	 20.0	 17.8	 81.7	 59.4	 18.1	 0.134	19.507	 4.946
  119.3	 56.2	 64.8	 20.0	 20.0	 17.9	 81.7	 59.4	 18.1	 0.134	19.384	 4.946
  120.2	 56.2	 64.8	 20.0	 20.0	 18.1	 81.7	 59.4	 18.0	 0.139	19.282	 4.946
  121.1	 56.1	 64.8	 20.0	 20.0	 18.2	 81.7	 59.3	 18.0	 0.134	19.507	 4.925
  121.9	 56.1	 64.8	 20.0	 20.0	 18.4	 81.7	 59.3	 17.9	 0.128	19.262	 4.905
  122.8	 56.1	 64.7	 20.0	 20.0	 18.4	 81.7	 59.3	 17.9	 0.129	19.528	 4.905
  123.7	 56.1	 64.7	 20.0	 20.0	 18.5	 81.7	 59.2	 17.9	 0.135	19.323	 4.925
  124.6	 56.1	 64.7	 20.0	 20.0	 18.7	 81.8	 59.2	 17.8	 0.133	19.323	 4.925
  125.5	 56.1	 64.6	 20.0	 20.0	 18.8	 81.8	 59.2	 17.8	 0.130	19.344	 4.905
  126.4	 56.1	 64.6	 20.0	 20.0	 18.9	 81.8	 59.1	 17.8	 0.132	19.098	 4.925
  127.3	 56.0	 64.6	 20.0	 20.0	 19.0	 81.8	 59.2	 17.8	 0.136	19.405	 4.905
  128.2	 56.0	 64.5	 20.0	 20.0	 19.1	 81.8	 59.1	 17.8	 0.136	19.139	 4.905
  129.0	 55.9	 64.5	 20.0	 20.0	 19.2	 81.8	 59.1	 17.8	 0.133	19.344	 4.905
  129.9	 55.9	 64.4	 20.0	 20.0	 19.2	 81.8	 59.2	 17.8	 0.138	19.221	 4.905
  130.8	 55.8	 64.4	 20.0	 20.0	 19.4	 81.8	 59.2	 17.8	 0.122	19.119	 4.905
  131.7	 55.8	 64.4	 20.0	 20.0	 19.4	 81.8	 59.2	 17.8	 0.126	19.303	 4.884
  132.6	 55.8	 64.3	 20.0	 20.0	 19.5	 81.8	 59.2	 17.8	 0.135	19.078	 4.905
  133.5	 55.9	 64.3	 20.0	 20.0	 19.6	 81.8	 59.2	 17.8	 0.132	19.323	 4.905
  134.4	 55.9	 64.3	 20.0	 20.0	 19.7	 81.8	 59.2	 17.8	 0.132	19.119	 4.905
  135.3	 55.9	 64.3	 20.0	 20.0	 19.7	 81.8	 59.2	 17.8	 0.132	19.139	 4.905
  136.1	 55.8	 64.2	 20.0	 20.0	 19.8	 81.8	 59.3	 17.9	 0.138	19.180	 4.905
  137.0	 55.8	 64.2	 20.0	 20.0	 19.9	 81.8	 59.2	 17.8	 0.134	18.996	 4.925
  137.9	 55.7	 64.2	 20.0	 20.0	 19.9	 81.8	 59.3	 17.8	 0.133	19.241	 4.925
  138.8	 55.7	 64.1	 20.0	 20.0	 20.0	 81.8	 59.3	 17.9	 0.130	18.996	 4.925
  139.7	 55.6	 64.1	 20.0	 20.0	 20.1	 81.9	 59.3	 17.9	 0.133	19.159	 4.925
  140.6	 55.6	 64.1	 20.0	 20.0	 20.1	 81.8	 59.3	 17.9	 0.129	19.037	 4.925
  141.5	 55.6	 64.1	 20.0	 20.0	 20.2	 81.8	 59.3	 17.9	 0.130	18.975	 4.946
  142.4	 55.5	 64.1	 20.0	 20.0	 20.2	 81.8	 59.3	 17.9	 0.139	19.057	 4.946
  143.2	 55.5	 64.0	 20.0	 20.0	 20.3	 81.8	 59.3	 17.9	 0.134	18.853	 4.946
  144.1	 55.5	 64.0	 20.0	 20.0	 20.3	 81.8	 59.3	 18.0	 0.136	19.200	 4.946
  145.0	 55.5	 64.0	 20.0	 20.0	 20.4	 81.8	 59.3	 18.0	 0.131	19.098	 4.966
  145.9	 55.5	 64.0	 20.0	 20.0	 20.4	 81.8	 59.3	 18.0	 0.138	18.996	 4.966
  146.8	 55.4	 63.9	 20.0	 20.0	 20.4	 81.7	 59.3	 18.0	 0.135	18.873	 4.966
  147.7	 55.4	 63.9	 20.0	 20.0	 20.5	 81.7	 59.3	 18.0	 0.122	18.832	 4.986
  148.6	 55.4	 63.9	 20.0	 20.0	 20.5	 81.7	 59.3	 18.0	 0.138	19.159	 5.007
  149.5	 55.3	 63.8	 20.0	 20.0	 20.5	 81.7	 59.3	 18.1	 0.135	18.894	 4.986
  150.4	 55.3	 63.8	 20.0	 20.0	 20.5	 81.7	 59.3	 18.1	 0.132	18.975	 4.986
  151.3	 55.3	 63.8	 20.0	 20.0	 20.6	 81.7	 59.3	 18.1	 0.137	18.975	 5.007
  152.2	 55.3	 63.8	 20.0	 20.0	 20.6	 81.7	 59.3	 18.1	 0.137	19.037	 5.007
  153.0	 55.2	 63.8	 20.0	 20.0	 20.6	 81.7	 59.2	 18.1	 0.131	18.791	 5.007
  153.9	 55.2	 63.7	 20.0	 20.0	 20.6	 81.6	 59.2	 18.2	 0.132	19.078	 4.986
  154.8	 55.2	 63.7	 20.0	 20.0	 20.7	 81.6	 59.2	 18.2	 0.135	18.955	 5.007
  155.7	 55.2	 63.7	 20.0	 20.0	 20.7	 81.6	 59.1	 18.2	 0.140	18.894	 5.007
  156.6	 55.1	 63.6	 20.0	 20.0	 20.7	 81.6	 59.1	 18.2	 0.132	19.016	 4.986
  157.5	 55.1	 63.6	 20.0	 20.0	 20.7	 81.5	 59.2	 18.3	 0.135	18.791	 4.986
  158.4	 55.1	 63.6	 20.0	 20.0	 20.7	 81.5	 59.1	 18.3	 0.135	19.016	 5.027
  159.3	 55.0	 63.6	 20.0	 20.0	 20.8	 81.5	 59.1	 18.3	 0.136	18.812	 5.027
  160.2	 55.1	 63.5	 20.0	 20.0	 20.8	 81.5	 59.1	 18.3	 0.133	18.934	 5.027
  161.1	 55.1	 63.5	 20.0	 20.0	 20.8	 81.5	 59.1	 18.4	 0.130	18.812	 5.027
  161.9	 55.0	 63.5	 20.0	 20.0	 20.8	 81.5	 59.1	 18.4	 0.134	18.934	 5.027
  162.8	 55.0	 63.5	 20.0	 20.0	 20.8	 81.5	 59.1	 18.4	 0.137	18.730	 5.048
  163.7	 54.9	 63.4	 20.0	 20.0	 20.8	 81.5	 59.1	 18.4	 0.136	18.975	 5.027
  164.6	 54.9	 63.4	 20.0	 20.0	 20.9	 81.5	 59.1	 18.5	 0.132	18.730	 5.027
  165.5	 54.9	 63.4	 20.0	 20.0	 20.9	 81.5	 59.1	 18.5	 0.136	18.934	 5.048
  166.4	 54.9	 63.4	 20.0	 20.0	 20.9	 81.5	 59.1	 18.5	 0.141	18.730	 5.048
  167.3	 54.9	 63.4	 20.0	 20.0	 20.9	 81.4	 59.1	 18.5	 0.132	18.628	 5.150
  168.2	 54.9	 63.3	 20.0	 20.0	 20.8	 81.4	 59.0	 18.5	 0.139	19.016	 5.068
  169.1	 54.9	 63.3	 20.0	 20.0	 20.8	 81.4	 59.0	 18.6	 0.136	18.853	 5.211
  170.0	 54.8	 63.3	 20.0	 20.0	 20.8	 81.4	 59.0	 18.6	 0.136	18.791	 5.068
  170.9	 54.8	 63.2	 20.0	 20.0	 20.8	 81.4	 59.0	 18.6	 0.125	18.709	 5.068
  171.7	 54.7	 63.2	 20.0	 20.0	 20.7	 81.4	 59.0	 18.6	 0.134	18.914	 5.068
  172.6	 54.6	 63.2	 20.0	 20.0	 20.7	 81.3	 59.0	 18.6	 0.134	18.628	 5.089
  173.5	 54.6	 63.2	 20.0	 20.0	 20.6	 81.2	 58.9	 18.6	 0.137	18.669	 5.068
  174.4	 54.6	 63.2	 20.0	 20.0	 20.5	 81.2	 58.9	 18.7	 0.132	18.853	 5.068
  175.3	 54.6	 63.2	 20.0	 20.0	 20.4	 81.2	 58.9	 18.7	 0.127	18.689	 5.068
  176.2	 54.6	 63.2	 20.0	 20.0	 20.3	 81.2	 58.9	 18.7	 0.137	18.771	 5.048
  177.1	 54.5	 63.1	 20.0	 20.0	 20.2	 81.2	 58.8	 18.8	 0.130	18.587	 5.068
  178.0	 54.5	 63.1	 20.0	 20.0	 20.1	 81.2	 58.8	 18.8	 0.132	18.648	 5.068
  178.9	 54.5	 63.1	 20.0	 20.0	 20.0	 81.2	 58.8	 18.8	 0.130	18.771	 5.068
  179.8	 54.5	 63.0	 20.0	 20.0	 19.7	 81.2	 58.8	 18.8	 0.138	18.689	 5.068
  180.6	 54.4	 63.0	 20.0	 20.0	 19.6	 81.1	 58.8	 18.9	 0.130	18.771	 5.068
  181.5	 54.4	 63.0	 20.0	 20.0	 19.3	 81.1	 58.8	 18.9	 0.130	18.607	 5.068
  182.4	 54.4	 63.0	 20.0	 20.0	 18.8	 81.0	 58.8	 18.9	 0.137	18.791	 5.068
  183.3	 54.4	 63.0	 20.0	 20.0	 18.6	 81.0	 58.8	 18.9	 0.133	18.709	 5.089
  184.2	 54.4	 62.9	 20.0	 20.0	 18.1	 80.9	 58.7	 18.9	 0.136	18.648	 5.089
  185.1	 54.3	 62.9	 20.0	 20.0	 17.7	 80.9	 58.8	 19.0	 0.134	18.730	 5.068
  186.0	 54.3	 62.9	 20.0	 20.0	 17.1	 80.9	 58.8	 18.9	 0.138	18.546	 5.089
  186.9	 54.4	 62.9	 20.0	 20.0	 17.0	 80.9	 58.8	 19.0	 0.138	18.607	 5.089
  187.8	 54.3	 62.9	 20.0	 20.0	 16.9	 80.9	 58.7	 19.0	 0.132	18.628	 5.089
  188.7	 54.2	 62.9	 20.0	 20.0	 16.8	 80.8	 58.7	 19.0	 0.138	18.525	 5.109
  189.6	 54.2	 62.9	 20.0	 20.0	 16.7	 80.7	 58.7	 19.0	 0.136	18.730	 5.109
  190.5	 54.2	 62.8	 20.0	 20.0	 16.7	 80.7	 58.7	 19.0	 0.134	18.750	 5.089
  191.3	 54.2	 62.8	 20.0	 20.0	 16.6	 80.7	 58.6	 19.0	 0.133	18.587	 5.089
  192.2	 54.2	 62.8	 20.0	 20.0	 16.6	 80.6	 58.6	 19.0	 0.130	18.628	 5.068
  193.1	 54.2	 62.8	 20.0	 20.0	 16.5	 80.6	 58.6	 19.0	 0.137	18.505	 5.089
  194.0	 54.2	 62.8	 20.0	 20.0	 16.5	 80.6	 58.5	 19.0	 0.135	18.689	 5.089
  194.9	 54.1	 62.8	 20.0	 20.0	 16.5	 80.6	 58.4	 19.0	 0.128	18.730	 5.068
  195.8	 54.1	 62.8	 20.0	 20.0	 16.5	 80.5	 58.4	 18.9	 0.136	18.546	 5.048
  196.7	 54.1	 62.8	 20.0	 20.0	 16.4	 80.5	 58.4	 18.9	 0.135	18.669	 5.068
  197.6	 54.1	 62.8	 20.0	 20.0	 16.5	 80.5	 58.4	 18.9	 0.132	18.485	 5.068
  198.5	 54.1	 62.7	 20.0	 20.0	 16.5	 80.4	 58.3	 18.8	 0.131	18.669	 5.027
  199.4	 54.1	 62.8	 20.0	 20.0	 16.5	 80.4	 58.3	 18.8	 0.134	18.730	 5.027
  200.3	 54.0	 62.7	 20.0	 20.0	 16.5	 80.3	 58.2	 18.7	 0.131	18.464	 5.027
  201.1	 54.0	 62.7	 20.0	 20.0	 16.5	 80.4	 58.2	 18.7	 0.131	18.669	 5.027
  202.0	 54.0	 62.7	 20.0	 20.0	 16.5	 80.3	 58.1	 18.7	 0.131	18.525	 5.007
  202.9	 53.9	 62.7	 20.0	 20.0	 16.5	 80.3	 58.1	 18.7	 0.133	18.566	 5.007
  203.8	 53.9	 62.7	 20.0	 20.0	 16.5	 80.3	 58.1	 18.6	 0.132	18.423	 5.007
  204.7	 53.9	 62.6	 20.0	 20.0	 16.5	 80.2	 58.0	 18.6	 0.130	18.423	 5.007
  205.6	 53.9	 62.6	 20.0	 20.0	 16.4	 80.2	 58.0	 18.6	 0.133	18.750	 5.027
  206.5	 53.9	 62.6	 20.0	 20.0	 16.4	 80.1	 57.9	 18.6	 0.136	18.587	 5.007
  207.4	 53.9	 62.6	 20.0	 20.0	 16.3	 80.1	 57.9	 18.5	 0.135	18.505	 5.007
  208.3	 53.9	 62.6	 20.0	 20.0	 16.3	 80.0	 57.8	 18.5	 0.134	18.525	 5.027
  209.2	 53.9	 62.6	 20.0	 20.0	 16.3	 80.0	 57.7	 18.5	 0.134	18.362	 5.007
  210.1	 53.9	 62.6	 20.0	 20.0	 16.3	 80.0	 57.7	 18.4	 0.132	18.628	 5.007
  210.9	 53.8	 62.6	 20.0	 20.0	 16.3	 79.9	 57.6	 18.4	 0.129	18.403	 5.007
  211.8	 53.8	 62.5	 20.0	 20.0	 16.3	 79.9	 57.6	 18.3	 0.134	18.464	 5.007
  212.7	 53.8	 62.5	 20.0	 20.0	 16.3	 79.8	 57.5	 18.3	 0.132	18.587	 5.007
  213.6	 53.8	 62.5	 20.0	 20.0	 16.3	 79.8	 57.4	 18.3	 0.131	18.362	 4.986
  214.5	 53.7	 62.5	 20.0	 20.0	 16.3	 79.7	 57.4	 18.2	 0.133	18.546	 4.986
  215.4	 53.7	 62.5	 20.0	 20.0	 16.4	 79.7	 57.4	 18.2	 0.132	18.341	 4.986
  216.3	 53.7	 62.5	 20.0	 20.0	 16.5	 79.6	 57.3	 18.2	 0.128	18.382	 4.986
  217.2	 53.7	 62.5	 20.0	 20.0	 16.6	 79.7	 57.3	 18.1	 0.129	18.587	 4.986
  218.1	 53.7	 62.4	 20.0	 20.0	 16.8	 79.6	 57.3	 18.1	 0.131	18.423	 4.966
  219.0	 53.6	 62.4	 20.0	 20.0	 16.9	 79.6	 57.2	 18.0	 0.138	18.444	 4.966
  219.9	 53.6	 62.4	 20.0	 20.0	 17.1	 79.6	 57.1	 18.0	 0.137	18.505	 4.946
  220.8	 53.6	 62.4	 20.0	 20.0	 17.3	 79.6	 57.1	 18.0	 0.131	18.525	 4.966
  221.7	 53.6	 62.3	 20.0	 20.0	 17.4	 79.5	 57.1	 17.9	 0.143	18.362	 4.966
  222.5	 53.6	 62.4	 20.0	 20.0	 17.6	 79.6	 57.0	 17.9	 0.131	18.403	 4.925
  223.4	 53.5	 62.3	 20.0	 20.0	 17.7	 79.6	 57.0	 17.8	 0.129	18.464	 4.925
  224.3	 53.5	 62.3	 20.0	 20.0	 17.9	 79.6	 57.0	 17.8	 0.134	18.239	 4.925
  225.2	 53.5	 62.3	 20.0	 20.0	 18.0	 79.6	 57.0	 17.8	 0.131	18.464	 4.925
  226.1	 53.5	 62.2	 20.0	 20.0	 18.1	 79.6	 57.0	 17.7	 0.135	18.485	 4.905
  227.0	 53.4	 62.2	 20.0	 20.0	 18.3	 79.6	 56.9	 17.7	 0.135	18.403	 4.905
  227.9	 53.4	 62.2	 20.0	 20.0	 18.3	 79.6	 56.9	 17.7	 0.132	18.260	 4.905
  228.8	 53.5	 62.2	 20.0	 20.0	 18.5	 79.7	 56.9	 17.6	 0.131	18.198	 4.884
  229.7	 53.5	 62.1	 20.0	 20.0	 18.6	 79.7	 56.9	 17.6	 0.139	18.382	 4.905
  230.6	 53.4	 62.1	 20.0	 20.0	 18.8	 79.7	 56.8	 17.6	 0.136	18.423	 4.905
  231.5	 53.4	 62.1	 20.0	 20.0	 18.8	 79.7	 56.8	 17.6	 0.134	18.178	 4.905
  232.4	 53.3	 62.0	 20.0	 20.0	 18.9	 79.7	 56.8	 17.6	 0.131	18.219	 4.884
  233.3	 53.4	 62.0	 20.0	 20.0	 19.1	 79.7	 56.8	 17.5	 0.129	18.239	 4.884
  234.2	 53.3	 62.0	 20.0	 20.0	 19.1	 79.7	 56.8	 17.6	 0.131	18.300	 4.884
  235.1	 53.3	 61.9	 20.0	 20.0	 19.2	 79.7	 56.8	 17.5	 0.138	18.341	 4.884
  236.0	 53.3	 61.9	 20.0	 20.0	 19.3	 79.7	 56.8	 17.5	 0.131	18.321	 4.884
  236.8	 53.2	 61.9	 20.0	 20.0	 19.4	 79.7	 56.8	 17.5	 0.127	18.198	 4.884
  237.7	 53.2	 61.8	 20.0	 20.0	 19.5	 79.7	 56.8	 17.5	 0.132	18.035	 4.884
  238.6	 53.2	 61.8	 20.0	 20.0	 19.5	 79.7	 56.8	 17.5	 0.129	18.035	 4.884
  239.5	 53.2	 61.8	 20.0	 20.0	 19.7	 79.8	 56.9	 17.6	 0.136	18.075	 4.884
  240.4	 53.2	 61.7	 20.0	 20.0	 19.7	 79.8	 56.9	 17.6	 0.132	18.096	 4.864
  241.3	 53.2	 61.7	 20.0	 20.0	 19.8	 79.8	 56.9	 17.6	 0.138	18.137	 4.884
  242.2	 53.2	 61.7	 20.0	 20.0	 19.9	 79.8	 56.9	 17.6	 0.132	18.178	 4.905
  243.1	 53.1	 61.6	 20.0	 20.0	 19.9	 79.8	 56.9	 17.6	 0.136	18.239	 4.905
  244.0	 53.1	 61.6	 20.0	 20.0	 20.0	 79.8	 56.9	 17.6	 0.125	18.219	 4.905
  244.9	 53.0	 61.6	 20.0	 20.0	 20.0	 79.8	 56.9	 17.6	 0.136	18.096	 4.905
  245.8	 53.0	 61.6	 20.0	 20.0	 20.1	 79.8	 57.0	 17.7	 0.129	17.973	 4.925
  246.7	 53.0	 61.6	 20.0	 20.0	 20.2	 79.8	 57.0	 17.7	 0.128	17.932	 4.925
  247.6	 53.0	 61.5	 20.0	 20.0	 20.3	 79.8	 57.0	 17.7	 0.135	17.953	 4.925
  248.5	 53.0	 61.5	 20.0	 20.0	 20.3	 79.8	 57.0	 17.7	 0.132	17.973	 4.946
  249.4	 53.0	 61.5	 20.0	 20.0	 20.3	 79.8	 57.1	 17.8	 0.137	18.035	 4.925
  250.3	 52.9	 61.5	 20.0	 20.0	 20.4	 79.8	 57.1	 17.8	 0.139	18.075	 4.946
  251.2	 52.9	 61.4	 20.0	 20.0	 20.4	 79.8	 57.1	 17.8	 0.131	18.137	 4.925
  252.1	 52.9	 61.4	 20.0	 20.0	 20.5	 79.8	 57.0	 17.8	 0.135	18.014	 4.946
  253.0	 52.9	 61.4	 20.0	 20.0	 20.5	 79.8	 57.0	 17.8	 0.134	17.994	 4.946
  253.9	 52.9	 61.4	 20.0	 20.0	 20.6	 79.7	 57.1	 17.9	 0.137	18.055	 4.966
  254.8	 52.9	 61.4	 20.0	 20.0	 20.6	 79.7	 57.1	 17.9	 0.137	18.137	 4.966
  255.7	 52.8	 61.3	 20.0	 20.0	 20.6	 79.7	 57.1	 17.9	 0.136	18.157	 4.966
  256.6	 52.7	 61.3	 20.0	 20.0	 20.7	 79.7	 57.1	 17.9	 0.131	18.096	 4.966
  257.5	 52.7	 61.3	 20.0	 20.0	 20.7	 79.7	 57.1	 18.0	 0.135	17.973	 4.986
  258.4	 52.7	 61.3	 20.0	 20.0	 20.7	 79.7	 57.1	 18.0	 0.129	17.891	 4.986
  259.3	 52.7	 61.3	 20.0	 20.0	 20.7	 79.7	 57.1	 18.0	 0.128	17.912	 4.986
  260.2	 52.7	 61.3	 20.0	 20.0	 20.7	 79.7	 57.0	 18.0	 0.132	17.932	 4.986
  261.0	 52.7	 61.3	 20.0	 20.0	 20.7	 79.7	 57.0	 18.0	 0.136	17.932	 4.986
  262.0	 52.7	 61.3	 20.0	 20.0	 20.8	 79.6	 57.0	 18.1	 0.135	18.055	 5.089
  262.9	 52.7	 61.3	 20.0	 20.0	 20.8	 79.7	 57.0	 18.1	 0.134	17.912	 4.986
  263.8	 52.7	 61.2	 20.0	 20.0	 20.8	 79.7	 57.0	 18.1	 0.133	18.055	 4.986
  264.7	 52.7	 61.2	 20.0	 20.0	 20.8	 79.7	 57.0	 18.1	 0.127	18.075	 4.986
  265.6	 52.6	 61.2	 20.0	 20.0	 20.8	 79.7	 57.0	 18.2	 0.135	18.035	 4.986
  266.5	 52.6	 61.2	 20.0	 20.0	 20.9	 79.6	 57.0	 18.2	 0.131	17.810	 5.007
  267.4	 52.6	 61.2	 20.0	 20.0	 20.9	 79.6	 57.0	 18.2	 0.135	17.789	 5.007
  268.3	 52.6	 61.2	 20.0	 20.0	 20.9	 79.6	 57.0	 18.3	 0.135	17.830	 5.007
  269.2	 52.6	 61.2	 20.0	 20.0	 20.9	 79.6	 57.0	 18.3	 0.137	17.871	 5.007
  270.1	 52.5	 61.1	 20.0	 20.0	 20.9	 79.6	 57.0	 18.3	 0.131	18.014	 5.007
  271.0	 52.5	 61.1	 20.0	 20.0	 20.9	 79.6	 57.0	 18.3	 0.132	17.769	 5.027
  271.9	 52.5	 61.1	 20.0	 20.0	 20.9	 79.6	 57.0	 18.3	 0.132	17.830	 5.048
  272.8	 52.5	 61.1	 20.0	 20.0	 20.8	 79.5	 57.0	 18.3	 0.134	17.850	 5.048
  273.7	 52.5	 61.1	 20.0	 20.0	 20.8	 79.5	 56.9	 18.4	 0.133	17.871	 5.027
  274.6	 52.5	 61.1	 20.0	 20.0	 20.7	 79.5	 56.9	 18.4	 0.135	17.871	 5.048
  275.5	 52.5	 61.1	 20.0	 20.0	 20.7	 79.5	 56.9	 18.4	 0.134	17.769	 5.048
  276.4	 52.5	 61.1	 20.0	 20.0	 20.7	 79.5	 56.9	 18.4	 0.134	17.830	 5.027
  277.3	 52.4	 61.1	 20.0	 20.0	 20.6	 79.5	 56.9	 18.4	 0.136	17.850	 5.048
  278.2	 52.4	 61.1	 20.0	 20.0	 20.6	 79.5	 56.9	 18.5	 0.130	17.810	 5.027
  279.1	 52.4	 61.0	 20.0	 20.0	 20.5	 79.5	 56.9	 18.5	 0.138	17.728	 5.048
  280.0	 52.4	 61.0	 20.0	 20.0	 20.3	 79.5	 56.9	 18.6	 0.133	17.973	 5.027
  280.9	 52.3	 61.0	 20.0	 20.0	 20.1	 79.5	 56.9	 18.6	 0.130	17.871	 5.027
  281.8	 52.3	 61.0	 20.0	 20.0	 19.8	 79.5	 56.9	 18.6	 0.130	17.891	 5.027
  282.7	 52.3	 61.0	 20.0	 20.0	 19.6	 79.5	 56.9	 18.6	 0.132	17.850	 5.068
  283.6	 52.3	 61.0	 20.0	 20.0	 19.0	 79.5	 56.9	 18.7	 0.135	17.871	 5.048
  284.5	 52.3	 60.9	 20.0	 20.0	 18.8	 79.4	 56.9	 18.7	 0.139	17.748	 5.048
  285.4	 52.3	 60.9	 20.0	 20.0	 18.0	 79.4	 56.9	 18.7	 0.138	17.871	 5.048
  286.3	 52.3	 60.9	 20.0	 20.0	 17.8	 79.4	 56.8	 18.8	 0.133	17.769	 5.068
  287.3	 52.2	 60.9	 20.0	 20.0	 17.5	 79.4	 56.8	 18.8	 0.134	17.891	 5.068
  288.2	 52.2	 60.9	 20.0	 20.0	 17.3	 79.3	 56.8	 18.8	 0.134	17.748	 5.048
  289.1	 52.2	 60.9	 20.0	 20.0	 16.8	 79.3	 56.8	 18.8	 0.127	17.707	 5.068
  290.0	 52.2	 60.9	 20.0	 20.0	 16.7	 79.3	 56.8	 18.9	 0.143	17.748	 5.068
  290.9	 52.2	 60.8	 20.0	 20.0	 16.7	 79.3	 56.8	 18.9	 0.125	17.646	 5.068
  291.8	 52.1	 60.8	 20.0	 20.0	 16.6	 79.2	 56.8	 18.9	 0.133	17.912	 5.089
  292.7	 52.1	 60.8	 20.0	 20.0	 16.6	 79.1	 56.8	 18.9	 0.138	17.666	 5.068
  293.6	 52.1	 60.8	 20.0	 20.0	 16.5	 79.1	 56.7	 18.8	 0.135	17.871	 5.089
  294.5	 52.1	 60.8	 20.0	 20.0	 16.5	 79.0	 56.6	 18.8	 0.130	17.748	 5.068
  295.4	 52.1	 60.8	 20.0	 20.0	 16.4	 79.0	 56.6	 18.8	 0.138	17.912	 5.048
  296.3	 52.1	 60.8	 20.0	 20.0	 16.4	 79.0	 56.6	 18.8	 0.132	17.728	 5.048
  297.3	 52.1	 60.8	 20.0	 20.0	 16.5	 78.9	 56.6	 18.8	 0.133	17.748	 5.068
  298.2	 52.1	 60.8	 20.0	 20.0	 16.4	 78.9	 56.6	 18.7	 0.136	17.891	 5.048
  299.1	 52.1	 60.8	 20.0	 20.0	 16.4	 78.9	 56.5	 18.7	 0.137	17.769	 5.027
  300.0	 52.0	 60.8	 20.0	 20.0	 16.4	 78.9	 56.5	 18.7	 0.135	17.748	 5.027
  300.9	 52.0	 60.8	 20.0	 20.0	 16.4	 78.8	 56.4	 18.6	 0.136	17.953	 5.027
  301.9	 52.0	 60.7	 20.0	 20.0	 16.4	 78.8	 56.3	 18.6	 0.129	17.789	 5.027
  302.8	 52.0	 60.7	 20.0	 20.0	 16.4	 78.8	 56.3	 18.6	 0.134	17.871	 5.027
  303.7	 52.0	 60.7	 20.0	 20.0	 16.4	 78.8	 56.3	 18.6	 0.131	17.748	 5.007
  304.6	 52.0	 60.7	 20.0	 20.0	 16.3	 78.7	 56.2	 18.5	 0.135	17.707	 5.007
  305.5	 51.9	 60.7	 20.0	 20.0	 16.3	 78.7	 56.1	 18.5	 0.138	17.810	 4.986
  306.4	 51.9	 60.7	 20.0	 20.0	 16.3	 78.6	 56.1	 18.5	 0.129	17.810	 5.007
  307.3	 51.9	 60.7	 20.0	 20.0	 16.2	 78.6	 56.0	 18.5	 0.132	17.687	 5.007
  308.2	 51.9	 60.7	 20.0	 20.0	 16.2	 78.5	 56.0	 18.4	 0.135	17.789	 5.007
  309.1	 51.9	 60.6	 20.0	 20.0	 16.2	 78.5	 56.0	 18.4	 0.136	17.687	 4.986
  310.0	 51.8	 60.6	 20.0	 20.0	 16.2	 78.5	 55.9	 18.4	 0.138	17.789	 5.007
  311.0	 51.8	 60.6	 20.0	 20.0	 16.2	 78.4	 55.9	 18.3	 0.125	17.830	 4.986
  311.9	 51.8	 60.6	 20.0	 20.0	 16.1	 78.3	 55.8	 18.3	 0.132	17.871	 4.986
  312.8	 51.8	 60.6	 20.0	 20.0	 16.1	 78.3	 55.7	 18.2	 0.132	17.605	 4.986
  313.7	 51.8	 60.6	 20.0	 20.0	 16.1	 78.2	 55.6	 18.2	 0.139	17.728	 4.966
  314.6	 51.7	 60.6	 20.0	 20.0	 16.0	 78.2	 55.6	 18.1	 0.137	17.891	 4.966
  315.5	 51.7	 60.6	 20.0	 20.0	 16.0	 78.2	 55.6	 18.1	 0.137	17.666	 4.966
  316.4	 51.7	 60.5	 20.0	 20.0	 16.0	 78.1	 55.5	 18.0	 0.135	17.646	 4.946
  317.4	 51.7	 60.6	 20.0	 20.0	 16.1	 78.1	 55.5	 18.0	 0.134	17.769	 4.946
  318.3	 51.7	 60.5	 20.0	 20.0	 16.2	 78.1	 55.4	 18.0	 0.136	17.707	 4.946
  319.2	 51.7	 60.5	 20.0	 20.0	 16.3	 78.1	 55.4	 17.9	 0.131	17.605	 4.946
  320.1	 51.6	 60.5	 20.0	 20.0	 16.6	 78.1	 55.4	 17.9	 0.140	17.707	 4.925
  321.0	 51.6	 60.4	 20.0	 20.0	 16.7	 78.1	 55.3	 17.8	 0.131	17.728	 4.925
  321.9	 51.6	 60.4	 20.0	 20.0	 17.0	 78.1	 55.3	 17.8	 0.136	17.544	 4.925
  322.8	 51.6	 60.4	 20.0	 20.0	 17.1	 78.1	 55.2	 17.7	 0.131	17.646	 4.925
  323.7	 51.6	 60.4	 20.0	 20.0	 17.4	 78.1	 55.2	 17.7	 0.136	17.830	 4.905
  324.6	 51.5	 60.4	 20.0	 20.0	 17.5	 78.2	 55.3	 17.6	 0.130	17.482	 4.905
  325.6	 51.5	 60.3	 20.0	 20.0	 17.8	 78.2	 55.2	 17.6	 0.134	17.585	 4.905
  326.5	 51.6	 60.3	 20.0	 20.0	 17.9	 78.2	 55.1	 17.5	 0.134	17.728	 4.884
  327.4	 51.5	 60.3	 20.0	 20.0	 18.0	 78.2	 55.1	 17.5	 0.134	17.462	 4.884
  328.3	 51.5	 60.3	 20.0	 20.0	 18.2	 78.2	 55.1	 17.5	 0.134	17.544	 4.884
  329.2	 51.5	 60.2	 20.0	 20.0	 18.3	 78.2	 55.1	 17.4	 0.127	17.666	 4.884
  330.1	 51.4	 60.2	 20.0	 20.0	 18.6	 78.2	 55.0	 17.4	 0.133	17.503	 4.864
  331.1	 51.5	 60.2	 20.0	 20.0	 18.7	 78.2	 55.0	 17.4	 0.133	17.400	 4.864
  332.0	 51.4	 60.2	 20.0	 20.0	 18.8	 78.2	 55.0	 17.3	 0.128	17.482	 4.864
  333.0	 51.4	 60.1	 20.0	 20.0	 18.9	 78.2	 55.0	 17.3	 0.139	17.482	 4.864
  333.9	 51.4	 60.1	 20.0	 20.0	 19.1	 78.3	 55.0	 17.3	 0.130	17.523	 4.864
  334.8	 51.4	 60.0	 20.0	 20.0	 19.2	 78.3	 55.0	 17.3	 0.135	17.585	 4.864
  335.8	 51.4	 60.0	 20.0	 20.0	 19.3	 78.3	 55.0	 17.3	 0.131	17.380	 4.864
  336.7	 51.4	 60.0	 20.0	 20.0	 19.4	 78.3	 55.0	 17.3	 0.137	17.564	 4.864
  337.6	 51.4	 60.0	 20.0	 20.0	 19.5	 78.3	 55.0	 17.3	 0.135	17.339	 4.864
  338.6	 51.3	 60.0	 20.0	 20.0	 19.5	 78.3	 55.0	 17.3	 0.137	17.564	 4.864
  339.5	 51.3	 59.9	 20.0	 20.0	 19.7	 78.3	 55.0	 17.3	 0.134	17.503	 4.864
  340.4	 51.3	 59.9	 20.0	 20.0	 19.7	 78.3	 55.0	 17.3	 0.132	17.298	 4.864
  341.3	 51.2	 59.9	 20.0	 20.0	 19.8	 78.3	 55.1	 17.3	 0.138	17.482	 4.884
  342.3	 51.2	 59.9	 20.0	 20.0	 19.9	 78.3	 55.1	 17.3	 0.136	17.278	 4.884
  343.2	 51.2	 59.8	 20.0	 20.0	 20.0	 78.3	 55.1	 17.3	 0.133	17.482	 4.864
  344.1	 51.1	 59.8	 20.0	 20.0	 20.0	 78.3	 55.1	 17.4	 0.140	17.400	 4.864
  345.0	 51.1	 59.7	 20.0	 20.0	 20.1	 78.3	 55.2	 17.4	 0.138	17.441	 4.884
  346.0	 51.1	 59.7	 20.0	 20.0	 20.1	 78.3	 55.2	 17.4	 0.136	17.298	 4.884
  346.9	 51.1	 59.7	 20.0	 20.0	 20.2	 78.4	 55.2	 17.4	 0.128	17.319	 4.884
  347.8	 51.1	 59.7	 20.0	 20.0	 20.3	 78.4	 55.2	 17.4	 0.134	17.278	 4.884
  348.7	 51.1	 59.7	 20.0	 20.0	 20.3	 78.4	 55.2	 17.5	 0.135	17.339	 4.884
  349.7	 51.1	 59.6	 20.0	 20.0	 20.4	 78.4	 55.3	 17.5	 0.139	17.278	 4.905
  350.6	 51.1	 59.6	 20.0	 20.0	 20.4	 78.4	 55.3	 17.5	 0.135	17.339	 4.905
  351.5	 51.1	 59.6	 20.0	 20.0	 20.5	 78.4	 55.3	 17.5	 0.135	17.298	 4.905
  352.4	 51.0	 59.6	 20.0	 20.0	 20.5	 78.3	 55.3	 17.5	 0.134	17.257	 4.925
  353.4	 51.0	 59.6	 20.0	 20.0	 20.5	 78.4	 55.3	 17.5	 0.135	17.421	 4.884
  354.3	 51.0	 59.6	 20.0	 20.0	 20.6	 78.3	 55.3	 17.6	 0.135	17.421	 4.925
  355.2	 51.0	 59.6	 20.0	 20.0	 20.6	 78.3	 55.3	 17.6	 0.135	17.196	 4.925
  356.1	 51.0	 59.6	 20.0	 20.0	 20.6	 78.3	 55.3	 17.6	 0.130	17.400	 4.946
  357.1	 51.0	 59.6	 20.0	 20.0	 20.7	 78.3	 55.3	 17.7	 0.132	17.196	 4.946
  358.0	 51.0	 59.5	 20.0	 20.0	 20.7	 78.3	 55.3	 17.7	 0.129	17.400	 4.946
  358.9	 51.0	 59.5	 20.0	 20.0	 20.7	 78.3	 55.3	 17.7	 0.133	17.196	 4.946
  359.8	 51.0	 59.5	 20.0	 20.0	 20.7	 78.3	 55.3	 17.7	 0.135	17.400	 4.966
  360.8	 51.0	 59.5	 20.0	 20.0	 20.7	 78.3	 55.3	 17.7	 0.127	17.196	 4.966
  361.7	 50.9	 59.5	 20.0	 20.0	 20.8	 78.3	 55.3	 17.8	 0.128	17.400	 4.946
  362.6	 50.9	 59.5	 20.0	 20.0	 20.8	 78.3	 55.3	 17.8	 0.132	17.196	 4.966
  363.6	 50.9	 59.5	 20.0	 20.0	 20.8	 78.3	 55.3	 17.8	 0.134	17.380	 4.966
  364.5	 50.9	 59.4	 20.0	 20.0	 20.8	 78.2	 55.3	 17.9	 0.130	17.196	 4.986
  365.4	 50.8	 59.4	 20.0	 20.0	 20.8	 78.2	 55.3	 17.8	 0.134	17.380	 4.966
  366.3	 50.8	 59.4	 20.0	 20.0	 20.8	 78.2	 55.3	 17.9	 0.137	17.175	 4.986
  367.3	 50.8	 59.5	 20.0	 20.0	 20.8	 78.2	 55.3	 17.9	 0.138	17.360	 4.986
  368.2	 50.8	 59.4	 20.0	 20.0	 20.8	 78.2	 55.3	 17.9	 0.136	17.278	 4.986
  369.1	 50.8	 59.4	 20.0	 20.0	 20.9	 78.2	 55.2	 18.0	 0.133	17.196	 4.986
  370.1	 50.7	 59.4	 20.0	 20.0	 20.9	 78.2	 55.2	 18.0	 0.129	17.278	 5.007
  371.0	 50.7	 59.4	 20.0	 20.0	 20.9	 78.2	 55.2	 18.0	 0.141	17.196	 4.986
  371.9	 50.7	 59.4	 20.0	 20.0	 20.9	 78.2	 55.2	 18.0	 0.133	17.175	 5.007
  372.9	 50.7	 59.4	 20.0	 20.0	 20.9	 78.2	 55.2	 18.1	 0.135	17.257	 5.027
  373.8	 50.7	 59.4	 20.0	 20.0	 20.9	 78.1	 55.2	 18.1	 0.132	17.114	 5.007
  374.7	 50.7	 59.4	 20.0	 20.0	 20.9	 78.1	 55.2	 18.1	 0.131	17.257	 5.007
  375.7	 50.7	 59.4	 20.0	 20.0	 20.9	 78.1	 55.2	 18.1	 0.122	17.339	 5.027
  376.6	 50.7	 59.3	 20.0	 20.0	 20.8	 78.1	 55.2	 18.2	 0.131	17.114	 5.048
  377.5	 50.7	 59.3	 20.0	 20.0	 20.8	 78.1	 55.2	 18.2	 0.131	17.339	 5.007
  378.4	 50.7	 59.3	 20.0	 20.0	 20.8	 78.1	 55.1	 18.2	 0.134	17.114	 5.027
  379.4	 50.7	 59.3	 20.0	 20.0	 20.8	 78.1	 55.2	 18.3	 0.142	17.298	 5.048
  380.3	 50.7	 59.3	 20.0	 20.0	 20.7	 78.1	 55.2	 18.3	 0.132	17.339	 5.027
  381.2	 50.6	 59.3	 20.0	 20.0	 20.7	 78.1	 55.2	 18.3	 0.135	17.135	 5.027
  382.2	 50.6	 59.3	 20.0	 20.0	 20.7	 78.1	 55.2	 18.3	 0.140	17.278	 5.027
  383.1	 50.6	 59.3	 20.0	 20.0	 20.6	 78.1	 55.1	 18.4	 0.128	17.175	 5.027
  384.0	 50.6	 59.3	 20.0	 20.0	 20.6	 78.1	 55.1	 18.3	 0.136	17.155	 5.048
  385.0	 50.6	 59.3	 20.0	 20.0	 20.5	 78.1	 55.1	 18.4	 0.135	17.216	 5.027
  385.9	 50.6	 59.3	 20.0	 20.0	 20.4	 78.0	 55.1	 18.4	 0.134	17.073	 5.027
  386.8	 50.6	 59.3	 20.0	 20.0	 20.4	 78.1	 55.1	 18.4	 0.134	17.073	 5.007
  387.8	 50.5	 59.3	 20.0	 20.0	 20.2	 78.1	 55.1	 18.5	 0.133	17.196	 5.007
  388.7	 50.5	 59.3	 20.0	 20.0	 20.1	 78.0	 55.1	 18.5	 0.134	17.094	 5.007
  389.7	 50.5	 59.2	 20.0	 20.0	 19.9	 78.0	 55.2	 18.5	 0.131	17.196	 5.027
  390.6	 50.5	 59.2	 20.0	 20.0	 19.8	 78.0	 55.1	 18.6	 0.141	17.196	 5.027
  391.6	 50.5	 59.2	 20.0	 20.0	 19.3	 78.0	 55.2	 18.6	 0.134	17.032	 5.027
  392.6	 50.5	 59.2	 20.0	 20.0	 19.0	 77.9	 55.2	 18.6	 0.135	17.094	 5.007
  393.5	 50.5	 59.2	 20.0	 20.0	 18.2	 77.9	 55.2	 18.6	 0.137	17.073	 5.048
  394.5	 50.5	 59.2	 20.0	 20.0	 17.7	 77.9	 55.2	 18.6	 0.134	17.216	 5.048
  395.4	 50.4	 59.1	 20.0	 20.0	 17.1	 77.9	 55.2	 18.7	 0.133	17.012	 5.048
  396.4	 50.4	 59.2	 20.0	 20.0	 16.9	 77.9	 55.2	 18.7	 0.131	17.094	 5.068
  397.3	 50.4	 59.1	 20.0	 20.0	 16.7	 77.9	 55.1	 18.7	 0.136	17.237	 5.048
  398.3	 50.4	 59.1	 20.0	 20.0	 16.7	 77.8	 55.1	 18.7	 0.134	17.237	 5.048
  399.3	 50.4	 59.1	 20.0	 20.0	 16.6	 77.8	 55.1	 18.7	 0.129	16.971	 5.048
  400.2	 50.3	 59.1	 20.0	 20.0	 16.5	 77.7	 55.0	 18.7	 0.140	17.073	 5.027
  401.2	 50.3	 59.1	 20.0	 20.0	 16.6	 77.7	 55.0	 18.7	 0.133	17.073	 5.048
  402.1	 50.3	 59.1	 20.0	 20.0	 16.6	 77.7	 55.0	 18.7	 0.138	17.216	 5.007
  403.1	 50.3	 59.0	 20.0	 20.0	 16.5	 77.7	 55.0	 18.7	 0.134	16.971	 5.048
  404.0	 50.3	 59.0	 20.0	 20.0	 16.5	 77.6	 55.0	 18.7	 0.124	16.991	 5.027
  405.0	 50.3	 59.1	 20.0	 20.0	 16.4	 77.6	 55.0	 18.7	 0.130	17.094	 5.027
  405.9	 50.3	 59.0	 20.0	 20.0	 16.4	 77.6	 55.0	 18.7	 0.136	17.257	 5.027
  406.9	 50.3	 59.0	 20.0	 20.0	 16.3	 77.5	 54.9	 18.7	 0.139	16.991	 5.007
  407.8	 50.2	 59.0	 20.0	 20.0	 16.2	 77.5	 54.9	 18.6	 0.132	17.094	 5.027
  408.8	 50.2	 59.0	 20.0	 20.0	 16.2	 77.4	 54.7	 18.6	 0.136	17.073	 5.007
