# Run number 04 on Tue May 28 14:50:17 2019
# time	TA	TB	TC	TD	T1	T2	T3	T4	DP	P2	P1
    1.3	 44.8	 43.2	 24.5	 24.1	 35.9	 50.9	 37.6	 23.9	 0.272	 8.106	 8.144
    1.4	 44.8	 43.2	 24.5	 24.2	 35.9	 50.8	 37.6	 24.1	 0.277	 8.086	 8.226
    2.2	 44.7	 42.8	 24.5	 24.2	 35.7	 50.8	 37.5	 24.4	 0.274	 8.004	 8.042
    3.1	 44.7	 42.2	 24.4	 24.2	 35.5	 50.7	 37.5	 24.7	 0.264	 7.942	 8.103
    3.9	 44.8	 42.1	 24.4	 24.3	 35.3	 50.6	 37.5	 25.2	 0.274	 7.942	 7.960
    4.8	 44.8	 41.9	 24.4	 24.2	 35.2	 50.6	 37.5	 25.4	 0.276	 7.942	 7.960
    5.6	 44.7	 41.9	 24.4	 24.1	 35.0	 50.5	 37.5	 25.6	 0.276	 7.922	 7.960
    6.5	 44.7	 41.9	 24.4	 24.2	 34.9	 50.4	 37.5	 25.9	 0.279	 7.922	 7.940
    7.3	 44.7	 42.1	 24.4	 24.2	 34.8	 50.3	 37.4	 26.1	 0.273	 7.902	 7.940
    8.2	 44.7	 42.3	 24.5	 24.2	 34.6	 50.2	 37.4	 26.2	 0.273	 7.922	 7.940
    9.0	 44.7	 42.5	 24.5	 24.0	 34.5	 50.1	 37.4	 26.4	 0.273	 7.922	 7.940
    9.8	 44.6	 42.7	 24.5	 24.0	 34.4	 50.0	 37.3	 26.6	 0.282	 7.922	 7.940
   10.6	 44.5	 43.0	 24.5	 24.0	 34.2	 50.0	 37.3	 26.7	 0.278	 7.922	 7.940
   11.5	 44.5	 43.1	 24.4	 24.0	 34.1	 49.9	 37.3	 26.8	 0.281	 7.922	 7.940
   12.3	 44.5	 43.2	 24.5	 23.9	 34.1	 49.8	 37.3	 27.0	 0.266	 7.922	 7.940
   13.1	 44.4	 43.5	 24.5	 23.9	 33.9	 49.8	 37.2	 27.0	 0.278	 7.922	 7.960
   13.9	 44.4	 43.5	 24.5	 23.9	 33.9	 49.7	 37.2	 27.2	 0.279	 7.922	 7.940
   14.8	 44.4	 43.6	 24.6	 23.9	 33.9	 49.6	 37.2	 27.3	 0.276	 7.922	 7.940
   15.6	 44.4	 43.6	 24.8	 23.9	 33.8	 49.5	 37.2	 27.3	 0.273	 7.922	 7.940
   16.5	 44.4	 43.7	 24.7	 23.7	 33.7	 49.4	 37.2	 27.5	 0.275	 7.922	 8.062
   17.3	 44.4	 43.8	 24.8	 23.7	 33.7	 49.4	 37.1	 27.5	 0.270	 7.922	 7.919
   18.1	 44.4	 43.8	 24.6	 23.7	 33.6	 49.3	 37.1	 27.6	 0.276	 7.922	 7.960
   18.9	 44.4	 43.9	 24.6	 23.7	 33.6	 49.3	 37.1	 27.7	 0.277	 7.922	 7.940
   19.8	 44.4	 43.9	 24.7	 23.6	 33.5	 49.2	 37.1	 27.8	 0.273	 7.922	 7.940
   20.6	 44.5	 43.9	 24.7	 23.6	 33.5	 49.1	 37.1	 27.9	 0.282	 7.922	 7.960
   21.4	 44.5	 43.9	 24.7	 23.6	 33.5	 49.1	 37.0	 27.9	 0.264	 7.922	 7.960
   22.2	 44.5	 43.9	 24.6	 23.5	 33.4	 49.0	 37.0	 28.1	 0.278	 7.922	 7.960
   23.1	 44.5	 43.9	 24.4	 23.5	 33.4	 48.9	 37.0	 28.1	 0.273	 7.942	 8.103
   23.9	 44.6	 43.9	 24.3	 23.5	 33.3	 48.9	 37.0	 28.2	 0.271	 7.942	 7.960
   24.8	 44.6	 43.9	 24.4	 23.5	 33.3	 48.8	 37.0	 28.2	 0.278	 7.922	 8.001
   25.6	 44.6	 43.9	 24.4	 23.5	 33.3	 48.7	 36.9	 28.3	 0.276	 7.942	 7.960
   26.4	 44.6	 44.0	 24.3	 23.5	 33.2	 48.7	 36.9	 28.3	 0.267	 7.922	 7.960
   27.2	 44.6	 44.0	 24.4	 23.5	 33.2	 48.6	 36.9	 28.4	 0.271	 7.942	 7.960
   28.1	 44.6	 44.0	 24.3	 23.4	 33.2	 48.6	 36.9	 28.4	 0.271	 7.922	 7.940
   28.9	 44.6	 44.0	 24.3	 23.4	 33.2	 48.5	 36.9	 28.5	 0.272	 7.942	 7.960
   29.8	 44.6	 44.0	 24.3	 23.5	 33.2	 48.4	 36.8	 28.5	 0.276	 7.942	 7.960
   30.5	 44.7	 44.0	 24.3	 23.5	 33.1	 48.4	 36.8	 28.5	 0.282	 7.942	 7.960
   31.4	 44.7	 44.1	 24.4	 23.6	 33.1	 48.3	 36.7	 28.6	 0.274	 7.942	 7.960
   32.2	 44.7	 44.1	 24.4	 23.6	 33.1	 48.2	 36.7	 28.6	 0.270	 7.942	 7.981
   33.1	 44.7	 44.1	 24.4	 23.6	 33.1	 48.2	 36.7	 28.7	 0.277	 7.942	 7.981
   33.9	 44.7	 44.2	 24.5	 23.5	 33.1	 48.2	 36.7	 28.7	 0.275	 7.942	 7.981
   34.7	 44.7	 44.2	 24.7	 23.5	 33.1	 48.1	 36.7	 28.8	 0.274	 7.922	 7.960
   35.5	 44.7	 44.2	 24.7	 23.5	 33.1	 48.1	 36.7	 28.8	 0.273	 7.942	 7.960
   36.4	 44.7	 44.3	 24.6	 23.5	 33.1	 48.1	 36.7	 28.9	 0.280	 7.942	 7.960
   37.2	 44.7	 44.3	 24.6	 23.7	 33.1	 48.0	 36.6	 28.9	 0.275	 7.922	 7.960
   38.1	 44.7	 44.3	 24.5	 23.8	 33.1	 47.9	 36.6	 28.9	 0.279	 7.942	 7.960
   38.9	 44.7	 44.4	 24.5	 23.9	 33.0	 47.9	 36.6	 29.0	 0.275	 7.942	 8.124
   39.7	 44.7	 44.4	 24.5	 24.0	 33.0	 47.8	 36.6	 29.0	 0.274	 7.942	 7.960
   40.5	 44.7	 44.5	 24.5	 24.1	 33.0	 47.8	 36.6	 29.0	 0.266	 7.942	 7.960
   41.4	 44.7	 44.5	 24.4	 24.1	 33.0	 47.8	 36.5	 29.1	 0.273	 7.942	 7.960
   42.2	 44.7	 44.5	 24.3	 24.1	 33.0	 47.8	 36.5	 29.1	 0.273	 7.942	 7.960
   43.0	 44.7	 44.5	 24.5	 24.2	 33.0	 47.7	 36.5	 29.1	 0.277	 7.942	 7.960
   43.8	 44.7	 44.5	 24.4	 24.2	 32.9	 47.6	 36.5	 29.1	 0.273	 7.942	 7.960
   44.7	 44.7	 44.5	 24.4	 24.2	 33.0	 47.6	 36.4	 29.1	 0.277	 7.942	 7.960
   45.5	 44.7	 44.5	 24.4	 24.2	 32.9	 47.5	 36.4	 29.1	 0.280	 7.942	 7.960
   46.4	 44.7	 44.5	 24.5	 24.1	 32.9	 47.5	 36.4	 29.2	 0.272	 7.942	 7.940
   47.2	 44.7	 44.5	 24.6	 24.0	 32.9	 47.5	 36.4	 29.2	 0.278	 7.942	 7.960
   48.0	 44.7	 44.5	 24.6	 24.0	 32.9	 47.4	 36.4	 29.2	 0.277	 7.942	 7.940
   48.8	 44.6	 44.5	 24.4	 24.0	 32.9	 47.4	 36.3	 29.2	 0.277	 8.004	 7.940
   49.7	 44.6	 44.5	 24.4	 24.0	 32.9	 47.3	 36.3	 29.3	 0.271	 7.942	 7.960
   50.5	 44.7	 44.6	 24.5	 24.0	 32.9	 47.3	 36.3	 29.3	 0.272	 7.922	 7.960
   51.4	 44.7	 44.6	 24.5	 24.0	 32.9	 47.3	 36.3	 29.3	 0.277	 8.004	 7.960
   52.2	 44.7	 44.6	 24.5	 24.0	 32.9	 47.2	 36.3	 29.3	 0.270	 7.922	 7.960
   53.0	 44.7	 44.6	 24.4	 23.9	 32.9	 47.1	 36.3	 29.3	 0.276	 7.922	 7.960
   53.8	 44.6	 44.6	 24.3	 23.9	 32.9	 47.1	 36.2	 29.3	 0.283	 7.922	 7.960
   54.7	 44.6	 44.5	 24.3	 23.8	 32.9	 47.1	 36.2	 29.4	 0.272	 7.922	 7.960
   55.5	 44.6	 44.5	 24.2	 23.8	 32.8	 47.0	 36.2	 29.4	 0.278	 7.922	 7.940
   56.4	 44.6	 44.5	 24.1	 23.8	 32.9	 47.0	 36.2	 29.4	 0.270	 7.922	 7.960
   57.2	 44.6	 44.5	 24.2	 23.8	 32.8	 46.9	 36.1	 29.4	 0.277	 7.922	 7.960
   58.0	 44.6	 44.5	 24.1	 23.8	 32.9	 46.9	 36.1	 29.4	 0.274	 7.922	 7.960
   58.8	 44.6	 44.5	 24.1	 23.8	 32.8	 46.9	 36.1	 29.4	 0.281	 7.922	 7.940
   59.7	 44.6	 44.5	 24.1	 24.0	 32.9	 46.9	 36.1	 29.5	 0.276	 8.045	 7.940
   60.5	 44.6	 44.5	 24.1	 24.0	 32.9	 46.8	 36.1	 29.5	 0.275	 7.942	 7.940
   61.4	 44.6	 44.5	 24.3	 24.0	 32.8	 46.7	 36.1	 29.5	 0.276	 7.922	 7.960
   62.2	 44.6	 44.5	 24.4	 23.9	 32.8	 46.7	 36.0	 29.5	 0.279	 7.922	 7.960
   63.1	 44.6	 44.5	 24.3	 24.1	 32.8	 46.7	 36.0	 29.5	 0.276	 7.922	 7.940
   63.8	 44.6	 44.5	 24.1	 25.5	 32.8	 46.6	 36.0	 29.5	 0.270	 7.922	 7.940
   64.7	 44.6	 44.5	 23.8	 26.8	 32.8	 46.6	 35.9	 29.5	 0.277	 7.881	 7.919
   65.5	 44.6	 44.5	 23.7	 28.8	 32.8	 46.5	 35.9	 29.5	 0.281	 7.861	 7.879
   66.4	 44.6	 44.5	 23.6	 29.2	 32.8	 46.5	 35.9	 29.5	 0.278	 7.799	 7.838
   67.2	 44.6	 44.5	 23.6	 29.2	 32.7	 46.5	 35.8	 29.5	 0.277	 7.758	 7.776
   68.0	 44.6	 44.5	 23.6	 29.1	 32.7	 46.4	 35.8	 29.4	 0.275	 7.697	 7.736
   68.8	 44.6	 44.5	 23.6	 28.9	 32.6	 46.4	 35.7	 29.4	 0.277	 7.656	 7.695
   69.7	 44.6	 44.5	 24.0	 28.9	 32.6	 46.3	 35.7	 29.3	 0.272	 7.615	 7.654
   70.5	 44.6	 44.5	 24.1	 28.7	 32.6	 46.3	 35.6	 29.3	 0.270	 7.574	 7.613
   71.4	 44.5	 44.4	 24.1	 28.5	 32.5	 46.2	 35.6	 29.2	 0.270	 7.513	 7.572
   72.2	 44.5	 44.4	 24.2	 28.5	 32.5	 46.2	 35.5	 29.2	 0.273	 7.513	 7.531
   73.1	 44.5	 44.4	 24.3	 28.3	 32.5	 46.2	 35.5	 29.2	 0.278	 7.472	 7.552
   73.8	 44.5	 44.4	 24.2	 28.2	 32.5	 46.2	 35.5	 29.2	 0.273	 7.431	 7.470
   74.7	 44.5	 44.4	 24.2	 28.2	 32.4	 46.1	 35.4	 29.2	 0.275	 7.411	 7.450
   75.5	 44.5	 44.4	 24.3	 28.1	 32.4	 46.1	 35.4	 29.2	 0.267	 7.390	 7.429
   76.4	 44.5	 44.4	 24.4	 28.0	 32.3	 46.1	 35.4	 29.2	 0.278	 7.370	 7.368
   77.2	 44.5	 44.4	 24.6	 27.9	 32.3	 46.0	 35.3	 29.1	 0.283	 7.329	 7.388
   78.1	 44.5	 44.4	 24.5	 27.8	 32.3	 46.0	 35.3	 29.1	 0.280	 7.308	 7.347
   78.9	 44.6	 44.4	 24.5	 27.8	 32.2	 46.0	 35.3	 29.1	 0.277	 7.349	 7.327
   79.7	 44.5	 44.3	 24.6	 27.7	 32.2	 45.9	 35.2	 29.1	 0.273	 7.268	 7.307
   80.5	 44.5	 44.3	 24.3	 27.6	 32.1	 45.9	 35.2	 29.0	 0.265	 7.247	 7.286
   81.4	 44.5	 44.4	 24.2	 27.5	 32.1	 45.8	 35.1	 29.0	 0.276	 7.227	 7.266
   82.2	 44.5	 44.4	 24.4	 27.5	 32.0	 45.8	 35.0	 29.0	 0.282	 7.206	 7.245
   83.1	 44.5	 44.3	 24.5	 27.4	 32.0	 45.8	 35.0	 28.9	 0.284	 7.186	 7.225
   83.9	 44.5	 44.3	 24.6	 27.3	 32.0	 45.7	 35.0	 28.9	 0.273	 7.165	 7.204
   84.8	 44.5	 44.3	 24.3	 27.3	 31.9	 45.7	 34.9	 28.8	 0.275	 7.145	 7.184
   85.6	 44.5	 44.3	 24.1	 27.2	 31.9	 45.6	 34.9	 28.8	 0.268	 7.145	 7.164
   86.4	 44.5	 44.3	 24.2	 27.1	 31.8	 45.6	 34.8	 28.6	 0.277	 7.124	 7.164
   87.2	 44.5	 44.3	 24.2	 27.1	 31.8	 45.6	 34.8	 28.5	 0.276	 7.104	 7.143
   88.1	 44.5	 44.4	 24.3	 27.1	 31.7	 45.5	 34.8	 28.4	 0.279	 7.083	 7.123
   88.9	 44.5	 44.3	 24.2	 27.0	 31.7	 45.5	 34.7	 28.1	 0.271	 7.083	 7.123
   89.8	 44.5	 44.3	 24.1	 27.0	 31.7	 45.4	 34.7	 28.0	 0.274	 7.104	 7.102
   90.6	 44.5	 44.3	 24.2	 26.9	 31.6	 45.4	 34.7	 27.9	 0.266	 7.063	 7.102
   91.5	 44.5	 44.3	 24.3	 26.9	 31.6	 45.3	 34.7	 27.7	 0.274	 7.063	 7.082
   92.3	 44.5	 44.3	 24.1	 26.8	 31.6	 45.3	 34.7	 27.6	 0.272	 7.043	 7.082
   93.1	 44.5	 44.4	 24.0	 26.8	 31.6	 45.3	 34.8	 27.6	 0.271	 7.022	 7.061
   93.9	 44.5	 44.4	 24.1	 26.8	 31.5	 45.3	 34.8	 27.4	 0.277	 7.022	 7.041
   94.8	 44.5	 44.4	 24.5	 26.8	 31.5	 45.2	 34.8	 27.4	 0.279	 7.002	 7.021
   95.6	 44.5	 44.4	 24.5	 26.7	 31.5	 45.2	 34.8	 27.3	 0.281	 7.002	 7.021
   96.5	 44.5	 44.4	 24.5	 26.7	 31.5	 45.2	 34.8	 27.2	 0.275	 7.043	 7.041
   97.3	 44.5	 44.4	 24.7	 26.6	 31.4	 45.1	 34.9	 27.1	 0.281	 6.981	 7.000
   98.2	 44.5	 44.3	 24.8	 26.6	 31.4	 45.1	 34.9	 27.1	 0.276	 6.961	 7.000
   98.9	 44.5	 44.3	 24.8	 26.5	 31.4	 45.1	 34.9	 27.0	 0.273	 7.043	 6.980
   99.8	 44.5	 44.3	 24.5	 26.5	 31.3	 45.0	 34.9	 27.0	 0.272	 6.940	 7.102
  100.6	 44.5	 44.3	 24.5	 26.5	 31.3	 45.0	 35.0	 26.9	 0.270	 6.940	 6.980
  101.5	 44.5	 44.3	 24.6	 26.4	 31.3	 45.0	 35.0	 26.8	 0.272	 6.940	 6.959
  102.3	 44.5	 44.3	 24.8	 26.4	 31.2	 44.9	 35.0	 26.8	 0.276	 6.920	 6.959
  103.1	 44.4	 44.3	 24.6	 26.4	 31.2	 44.9	 34.8	 26.8	 0.266	 6.920	 6.959
  103.9	 44.4	 44.3	 24.8	 26.3	 31.2	 44.9	 34.7	 26.7	 0.275	 6.899	 6.939
  104.8	 44.4	 44.3	 24.9	 26.3	 31.1	 44.8	 34.6	 26.6	 0.274	 6.899	 6.939
  105.6	 44.5	 44.3	 25.0	 26.3	 31.1	 44.8	 34.3	 26.6	 0.279	 6.899	 6.918
  106.4	 44.4	 44.3	 25.0	 26.2	 31.1	 44.8	 34.2	 26.5	 0.276	 6.899	 6.918
  107.2	 44.4	 44.3	 25.0	 26.2	 31.1	 44.7	 34.1	 26.5	 0.279	 6.879	 6.918
  108.1	 44.4	 44.3	 24.4	 26.2	 31.0	 44.7	 33.8	 26.5	 0.274	 6.981	 6.898
  108.9	 44.4	 44.3	 24.2	 26.1	 31.0	 44.6	 33.7	 26.4	 0.274	 6.858	 6.898
  109.8	 44.4	 44.3	 24.1	 26.1	 31.0	 44.6	 33.6	 26.4	 0.274	 6.858	 6.898
  110.6	 44.4	 44.3	 24.3	 26.1	 30.9	 44.6	 33.3	 26.3	 0.276	 6.838	 6.878
  111.4	 44.4	 44.3	 24.1	 26.1	 30.9	 44.5	 33.1	 26.3	 0.282	 6.838	 6.878
  112.2	 44.4	 44.4	 24.0	 26.1	 30.9	 44.5	 32.9	 26.2	 0.269	 6.838	 6.857
  113.1	 44.4	 44.3	 24.4	 26.1	 30.9	 44.5	 32.5	 26.2	 0.274	 6.838	 6.878
  113.9	 44.4	 44.4	 24.8	 26.1	 30.8	 44.5	 32.3	 26.2	 0.280	 6.818	 6.857
  114.7	 44.4	 44.4	 24.8	 26.1	 30.8	 44.4	 32.1	 26.1	 0.271	 7.165	 6.837
  115.5	 44.4	 44.4	 25.0	 26.1	 31.3	 45.2	 31.9	 26.1	 0.268	 8.658	 6.347
  116.4	 44.4	 44.3	 25.1	 26.1	 31.4	 46.7	 31.5	 26.0	 0.269	 9.926	 6.224
  117.2	 44.4	 44.3	 25.1	 25.8	 31.2	 49.2	 31.6	 26.0	 0.268	10.888	 6.122
  118.0	 44.4	 44.4	 25.0	 25.7	 24.3	 50.4	 31.9	 25.9	 0.278	11.665	 5.979
  118.8	 44.4	 44.5	 25.1	 25.6	 23.0	 51.6	 32.9	 25.8	 0.279	12.054	 5.918
  119.7	 44.4	 44.5	 25.3	 25.3	 22.3	 53.6	 33.0	 25.6	 0.274	12.463	 5.754
  120.5	 44.4	 44.7	 25.3	 25.2	 21.8	 54.4	 32.9	 25.5	 0.267	12.626	 5.632
  121.4	 44.4	 45.2	 25.4	 25.1	 21.1	 55.1	 32.5	 25.4	 0.270	12.892	 5.713
  122.2	 44.4	 45.6	 25.4	 24.9	 21.0	 56.3	 32.2	 25.1	 0.274	13.138	 5.652
  123.0	 44.4	 46.0	 25.4	 24.8	 20.8	 56.7	 31.8	 25.0	 0.274	13.260	 5.611
  123.8	 44.4	 46.4	 25.3	 24.7	 20.5	 57.2	 31.0	 24.9	 0.271	13.424	 5.591
  124.7	 44.4	 47.2	 25.2	 24.5	 20.4	 58.0	 30.6	 24.7	 0.280	13.608	 5.550
  125.5	 44.4	 47.6	 25.4	 24.4	 20.2	 58.3	 30.2	 24.6	 0.282	13.690	 5.489
  126.4	 44.4	 48.4	 25.6	 24.3	 19.9	 58.6	 29.6	 24.5	 0.271	13.833	 5.509
  127.5	 44.4	 48.7	 25.5	 24.2	 19.7	 59.2	 29.3	 24.3	 0.274	13.956	 5.489
  128.5	 44.4	 49.8	 25.0	 23.9	 19.4	 60.0	 28.8	 24.0	 0.277	14.119	 5.427
  130.5	 44.4	 50.0	 25.0	 23.7	 19.3	 60.4	 28.7	 23.8	 0.275	14.099	 5.407
  131.4	 44.4	 50.2	 25.3	 23.6	 19.1	 60.5	 28.8	 23.6	 0.281	14.140	 5.407
  132.2	 44.4	 50.5	 25.3	 23.5	 19.1	 60.9	 28.9	 23.5	 0.274	14.242	 5.407
  133.0	 44.4	 50.6	 25.2	 23.4	 19.0	 61.0	 29.1	 23.3	 0.276	14.365	 5.346
  133.8	 44.4	 50.7	 24.9	 23.3	 18.8	 61.2	 29.7	 23.3	 0.276	14.467	 5.366
  134.7	 44.4	 50.9	 25.0	 23.2	 18.8	 61.5	 30.2	 23.2	 0.276	14.467	 5.366
  135.5	 44.4	 51.0	 25.1	 23.1	 18.7	 61.6	 30.8	 23.0	 0.273	14.447	 5.346
  136.4	 44.4	 51.1	 25.1	 23.0	 18.6	 61.7	 32.3	 22.9	 0.280	14.692	 5.346
  137.2	 44.4	 51.3	 25.2	 22.9	 18.5	 61.9	 33.3	 22.8	 0.283	14.569	 5.346
  138.0	 44.4	 51.4	 24.9	 22.8	 18.4	 62.2	 34.4	 22.7	 0.279	14.692	 5.284
  138.8	 44.4	 51.5	 25.0	 22.7	 18.3	 62.3	 37.1	 22.6	 0.271	14.794	 5.264
  139.7	 44.3	 51.7	 25.0	 22.6	 18.2	 62.6	 38.8	 22.6	 0.272	14.692	 5.284
  140.5	 44.3	 51.7	 25.0	 22.6	 18.1	 62.7	 40.5	 22.5	 0.277	14.713	 5.223
  141.4	 44.3	 51.8	 25.3	 22.5	 18.1	 62.9	 43.8	 22.4	 0.271	14.917	 5.203
  142.2	 44.3	 52.0	 25.5	 22.5	 18.0	 63.0	 45.1	 22.3	 0.271	14.978	 5.243
  143.0	 44.3	 52.1	 25.4	 22.3	 17.9	 63.3	 46.2	 22.2	 0.273	14.897	 5.162
  143.8	 44.3	 52.2	 25.6	 22.3	 17.9	 63.4	 47.2	 22.1	 0.275	14.958	 5.141
  144.7	 44.3	 52.3	 25.8	 22.3	 17.9	 63.5	 48.7	 22.1	 0.268	15.101	 5.141
  145.5	 44.3	 52.4	 25.7	 22.3	 17.8	 63.6	 49.2	 21.9	 0.271	15.142	 5.162
  146.4	 44.3	 52.5	 25.7	 22.2	 17.7	 63.7	 49.6	 21.8	 0.277	15.081	 5.162
  147.2	 44.3	 52.6	 25.8	 22.2	 17.7	 63.8	 50.4	 21.8	 0.272	15.060	 5.141
  148.0	 44.3	 52.7	 25.8	 22.1	 17.6	 64.0	 50.7	 21.6	 0.276	15.285	 5.121
  148.8	 44.3	 52.8	 25.8	 22.2	 17.6	 64.1	 50.9	 21.6	 0.272	15.326	 5.121
  149.7	 44.3	 52.9	 25.8	 22.1	 17.5	 64.2	 51.3	 21.5	 0.272	15.265	 5.100
  150.5	 44.3	 53.0	 25.9	 22.1	 17.5	 64.3	 51.5	 21.4	 0.274	15.347	 5.264
  151.3	 44.3	 53.0	 25.8	 22.1	 17.5	 64.4	 51.6	 21.4	 0.272	15.449	 5.121
  152.1	 44.3	 53.1	 25.9	 22.1	 17.4	 64.5	 51.8	 21.3	 0.271	15.408	 5.121
  153.0	 44.3	 53.2	 25.9	 22.1	 17.5	 64.6	 52.0	 21.2	 0.278	15.408	 5.141
  153.8	 44.3	 53.3	 26.0	 22.1	 17.5	 64.6	 52.0	 21.2	 0.269	15.572	 5.141
  154.7	 44.3	 53.4	 25.5	 22.1	 17.5	 64.6	 52.2	 21.1	 0.273	15.592	 5.121
  155.5	 44.3	 53.5	 25.2	 22.1	 17.4	 64.7	 52.2	 21.1	 0.271	15.551	 5.141
  156.3	 44.3	 53.5	 24.9	 22.0	 17.4	 64.8	 52.3	 21.0	 0.273	15.592	 5.162
  157.1	 44.3	 53.6	 25.0	 22.0	 17.4	 64.7	 52.4	 21.0	 0.273	15.776	 5.162
  158.0	 44.3	 53.7	 24.9	 22.0	 17.4	 64.9	 52.4	 20.9	 0.275	15.633	 5.182
  158.8	 44.3	 53.8	 24.9	 21.9	 17.5	 64.9	 52.4	 20.8	 0.273	15.837	 5.182
  159.7	 44.3	 53.8	 25.1	 21.9	 17.4	 64.8	 52.4	 20.8	 0.273	15.715	 5.203
  160.5	 44.3	 53.9	 25.1	 21.8	 17.4	 65.0	 52.4	 20.7	 0.276	15.960	 5.182
  161.4	 44.3	 54.0	 25.0	 21.8	 17.4	 65.0	 52.4	 20.7	 0.283	15.960	 5.182
  162.2	 44.3	 54.1	 25.2	 21.8	 17.3	 65.1	 52.3	 20.6	 0.280	15.858	 5.182
  163.1	 44.3	 54.2	 25.2	 21.7	 17.3	 65.2	 52.2	 20.5	 0.284	16.042	 5.162
  164.0	 44.3	 54.2	 25.1	 21.6	 17.2	 65.2	 52.1	 20.5	 0.277	15.981	 5.162
  164.9	 44.4	 54.3	 25.1	 21.5	 17.2	 65.3	 52.0	 20.4	 0.278	16.124	 5.162
  165.7	 44.4	 54.4	 25.4	 21.5	 17.2	 65.3	 52.0	 20.3	 0.281	16.103	 5.162
  166.6	 44.4	 54.5	 25.5	 21.5	 17.2	 65.4	 51.9	 20.2	 0.268	16.022	 5.162
  167.4	 44.4	 54.6	 25.5	 21.5	 17.1	 65.5	 51.8	 20.2	 0.277	16.083	 5.223
  168.4	 44.4	 54.6	 24.9	 21.4	 17.1	 65.5	 51.7	 20.1	 0.277	16.165	 5.162
  169.2	 44.5	 54.7	 25.3	 21.4	 17.1	 65.6	 51.6	 20.0	 0.272	16.185	 5.141
  170.1	 44.5	 54.8	 25.4	 21.3	 17.0	 65.7	 51.6	 19.9	 0.276	16.226	 5.162
  170.9	 44.5	 54.8	 25.4	 21.3	 17.0	 65.8	 51.5	 19.9	 0.273	16.247	 5.162
  171.8	 44.5	 54.9	 25.6	 21.2	 17.0	 65.8	 51.4	 19.8	 0.271	16.308	 5.162
  172.6	 44.5	 55.0	 25.6	 21.2	 16.9	 65.8	 51.4	 19.7	 0.274	16.328	 5.162
  173.5	 44.5	 55.0	 25.6	 21.1	 16.9	 65.8	 51.2	 19.7	 0.274	16.308	 5.141
  174.3	 44.5	 55.1	 25.5	 21.1	 16.8	 65.9	 51.2	 19.6	 0.271	16.328	 5.141
  175.2	 44.6	 55.2	 25.5	 21.1	 16.8	 65.9	 51.1	 19.5	 0.272	16.431	 5.141
  176.0	 44.6	 55.2	 25.3	 21.1	 16.7	 65.9	 51.0	 19.5	 0.280	16.451	 5.141
  176.9	 44.6	 55.3	 25.4	 21.0	 16.7	 66.0	 51.0	 19.4	 0.282	16.328	 5.141
  177.7	 44.7	 55.4	 25.4	 21.1	 16.7	 66.0	 50.9	 19.3	 0.269	16.410	 5.141
  178.6	 44.7	 55.5	 25.7	 21.0	 16.6	 66.0	 50.8	 19.3	 0.277	16.492	 5.121
  179.4	 44.7	 55.5	 25.7	 21.0	 16.6	 66.0	 50.8	 19.2	 0.275	16.431	 5.100
  180.3	 44.7	 55.5	 25.7	 20.9	 16.5	 66.1	 50.7	 19.1	 0.271	16.472	 5.121
  181.1	 44.7	 55.5	 25.7	 20.9	 16.5	 66.2	 50.7	 19.1	 0.274	16.615	 5.100
  182.0	 44.7	 55.6	 25.7	 20.9	 16.5	 66.2	 50.6	 19.0	 0.279	16.512	 5.100
  182.8	 44.8	 55.6	 25.6	 20.9	 16.5	 66.2	 50.5	 18.9	 0.279	16.553	 5.080
  183.6	 44.8	 55.7	 25.2	 20.9	 16.4	 66.2	 50.4	 18.9	 0.277	16.512	 5.080
  184.4	 44.8	 55.7	 25.1	 20.8	 16.4	 66.4	 50.4	 18.8	 0.276	16.472	 5.060
  185.3	 44.8	 55.7	 25.0	 20.8	 16.5	 66.4	 50.4	 18.7	 0.270	16.574	 5.060
  186.1	 44.8	 55.8	 25.1	 20.8	 16.5	 66.5	 50.3	 18.7	 0.269	16.656	 5.039
  187.0	 44.8	 55.8	 25.2	 20.8	 16.6	 66.6	 50.3	 18.6	 0.279	16.512	 5.060
  187.8	 44.8	 55.8	 25.3	 20.8	 16.7	 66.6	 50.2	 18.5	 0.277	16.676	 5.019
  188.7	 44.8	 55.9	 25.4	 20.7	 16.9	 66.6	 50.2	 18.5	 0.273	16.697	 5.019
  189.5	 44.9	 55.9	 25.5	 20.7	 17.0	 66.7	 50.2	 18.4	 0.270	16.635	 5.019
  190.4	 44.9	 56.0	 25.2	 20.7	 17.2	 66.7	 50.1	 18.4	 0.272	16.778	 5.080
  191.2	 44.9	 56.0	 25.3	 20.7	 17.3	 66.8	 50.1	 18.3	 0.273	16.594	 4.998
  192.0	 45.0	 56.1	 25.2	 20.7	 17.4	 66.9	 50.0	 18.2	 0.273	16.737	 4.978
  192.9	 45.0	 56.1	 25.0	 20.7	 17.6	 67.0	 50.0	 18.2	 0.276	16.635	 4.978
  193.7	 45.0	 56.1	 24.9	 20.6	 17.7	 67.0	 50.0	 18.1	 0.279	16.635	 4.957
  194.5	 45.0	 56.1	 24.9	 20.6	 17.8	 67.1	 50.0	 18.0	 0.273	16.799	 4.917
  195.4	 45.1	 56.1	 25.2	 20.5	 18.0	 67.2	 50.0	 18.0	 0.273	16.778	 4.937
  196.2	 45.1	 56.1	 25.2	 20.5	 18.1	 67.2	 50.0	 17.9	 0.276	16.697	 4.937
  197.1	 45.1	 56.2	 25.2	 20.5	 18.2	 67.3	 50.0	 17.8	 0.276	16.676	 4.917
  197.9	 45.2	 56.1	 25.1	 20.5	 18.3	 67.4	 50.0	 17.8	 0.273	16.840	 4.917
  198.8	 45.1	 56.2	 25.0	 20.4	 18.4	 67.4	 50.1	 17.8	 0.279	16.676	 4.917
  199.6	 45.2	 56.2	 25.0	 20.4	 18.5	 67.4	 50.1	 17.7	 0.276	16.758	 4.896
  200.5	 45.2	 56.2	 25.2	 20.4	 18.6	 67.4	 50.1	 17.6	 0.267	16.819	 4.876
  201.3	 45.2	 56.2	 25.3	 20.5	 18.7	 67.4	 50.2	 17.6	 0.270	16.615	 4.876
  202.1	 45.2	 56.2	 25.3	 20.5	 18.8	 67.4	 50.2	 17.6	 0.275	16.676	 4.876
  202.9	 45.3	 56.2	 25.1	 20.5	 18.9	 67.5	 50.3	 17.5	 0.271	16.737	 4.835
  203.8	 45.3	 56.3	 24.9	 20.5	 19.0	 67.5	 50.4	 17.5	 0.270	16.819	 4.855
  204.6	 45.3	 56.3	 25.2	 20.5	 19.1	 67.7	 50.4	 17.5	 0.269	16.594	 4.855
  205.5	 45.3	 56.3	 25.4	 20.5	 19.2	 67.8	 50.5	 17.5	 0.273	16.697	 4.855
  206.3	 45.4	 56.3	 25.2	 20.5	 19.3	 67.8	 50.6	 17.5	 0.278	16.922	 4.855
  207.2	 45.4	 56.3	 25.2	 20.5	 19.4	 67.9	 50.7	 17.4	 0.273	16.819	 4.876
  208.0	 45.4	 56.3	 25.1	 20.4	 19.5	 68.0	 50.8	 17.4	 0.277	16.594	 4.876
  208.9	 45.4	 56.3	 25.0	 20.5	 19.6	 67.9	 50.9	 17.4	 0.275	16.656	 4.876
  209.7	 45.4	 56.3	 25.2	 20.5	 19.6	 67.9	 51.0	 17.4	 0.267	16.717	 4.876
  210.6	 45.5	 56.3	 24.3	 20.5	 19.7	 67.9	 51.1	 17.4	 0.277	16.962	 4.876
  211.4	 45.5	 56.3	 24.5	 20.5	 19.8	 67.9	 51.2	 17.4	 0.280	16.615	 4.896
  212.2	 45.5	 56.4	 24.7	 20.5	 19.9	 68.0	 51.3	 17.4	 0.270	16.697	 4.876
  213.0	 45.5	 56.3	 25.1	 20.5	 20.0	 67.9	 51.3	 17.4	 0.275	16.860	 4.937
  213.9	 45.5	 56.4	 25.2	 20.5	 20.0	 67.9	 51.5	 17.4	 0.282	16.860	 4.896
  214.7	 45.5	 56.4	 25.2	 20.5	 20.1	 67.8	 51.5	 17.4	 0.285	16.676	 4.896
  215.6	 45.6	 56.4	 24.9	 20.5	 20.2	 67.9	 51.6	 17.4	 0.265	16.778	 4.896
  216.4	 45.6	 56.4	 24.5	 20.5	 20.2	 68.0	 51.7	 17.4	 0.278	16.737	 4.896
  217.3	 45.6	 56.4	 24.7	 20.5	 20.3	 68.0	 51.7	 17.4	 0.276	16.676	 4.896
  218.1	 45.6	 56.4	 25.3	 20.5	 20.3	 68.0	 51.8	 17.4	 0.277	16.901	 4.896
  219.0	 45.6	 56.5	 24.9	 20.5	 20.4	 68.1	 51.9	 17.4	 0.270	16.901	 4.896
  219.8	 45.6	 56.5	 24.5	 20.5	 20.4	 68.1	 51.9	 17.4	 0.278	16.676	 4.896
  220.7	 45.7	 56.5	 24.3	 20.5	 20.5	 68.1	 52.0	 17.4	 0.283	16.778	 4.917
  221.5	 45.7	 56.5	 24.3	 20.5	 20.5	 68.1	 52.1	 17.4	 0.285	16.901	 4.896
  222.4	 45.7	 56.5	 24.3	 20.5	 20.6	 68.2	 52.1	 17.4	 0.268	16.758	 4.896
  223.2	 45.8	 56.5	 24.7	 20.4	 20.6	 68.2	 52.2	 17.4	 0.271	16.717	 4.896
  224.1	 45.8	 56.6	 25.0	 20.4	 20.6	 68.3	 52.3	 17.4	 0.268	16.656	 5.060
  224.9	 45.8	 56.6	 25.2	 20.4	 20.7	 68.3	 52.3	 17.4	 0.271	16.922	 4.896
  225.8	 45.8	 56.6	 25.5	 20.5	 20.7	 68.3	 52.4	 17.5	 0.271	16.901	 4.896
  226.6	 45.9	 56.6	 25.5	 20.4	 20.7	 68.3	 52.4	 17.5	 0.277	16.860	 4.917
  227.4	 45.9	 56.6	 25.6	 20.4	 20.8	 68.3	 52.4	 17.5	 0.276	16.942	 4.917
  228.2	 45.9	 56.6	 25.2	 20.5	 20.8	 68.3	 52.5	 17.5	 0.278	16.778	 4.917
  229.1	 45.9	 56.6	 25.3	 20.5	 20.8	 68.3	 52.6	 17.5	 0.276	16.758	 4.917
  229.9	 46.0	 56.7	 25.3	 20.5	 20.9	 68.3	 52.6	 17.5	 0.279	16.717	 4.937
  230.8	 46.1	 56.7	 25.2	 20.5	 20.9	 68.4	 52.6	 17.5	 0.274	16.942	 4.937
  231.6	 46.1	 56.7	 24.9	 20.6	 20.9	 68.4	 52.7	 17.5	 0.271	16.962	 4.937
  232.5	 46.2	 56.8	 24.7	 20.6	 21.0	 68.4	 52.7	 17.6	 0.272	17.003	 4.917
  233.4	 46.2	 56.8	 24.9	 20.6	 21.0	 68.4	 52.8	 17.6	 0.273	17.044	 4.937
  234.2	 46.2	 56.8	 25.0	 20.6	 21.0	 68.4	 52.8	 17.6	 0.279	16.799	 4.957
  235.1	 46.2	 56.8	 25.0	 20.6	 21.0	 68.4	 52.8	 17.6	 0.278	17.003	 4.957
  236.0	 46.3	 56.9	 24.9	 20.6	 21.0	 68.4	 52.9	 17.6	 0.273	16.901	 4.957
  236.8	 46.2	 56.9	 24.6	 20.5	 21.0	 68.4	 52.9	 17.7	 0.283	16.942	 4.957
  237.7	 46.3	 56.9	 24.1	 20.5	 21.1	 68.4	 52.9	 17.7	 0.271	16.962	 4.957
  238.5	 46.3	 56.9	 24.1	 20.5	 21.1	 68.5	 52.9	 17.7	 0.272	17.024	 4.937
  239.4	 46.3	 57.0	 24.4	 20.5	 21.1	 68.4	 53.0	 17.7	 0.272	17.044	 4.957
  240.2	 46.3	 57.0	 24.9	 20.5	 21.1	 68.4	 53.0	 17.7	 0.279	17.085	 4.957
  241.1	 46.3	 57.0	 24.9	 20.5	 21.1	 68.4	 53.0	 17.8	 0.283	16.881	 4.978
  241.9	 46.4	 57.1	 24.8	 20.6	 21.1	 68.4	 53.1	 17.8	 0.272	17.106	 5.039
  242.8	 46.4	 57.1	 24.6	 20.5	 21.1	 68.4	 53.1	 17.8	 0.272	16.901	 4.978
  243.6	 46.4	 57.2	 24.7	 20.6	 21.1	 68.4	 53.1	 17.8	 0.279	16.901	 4.978
  244.5	 46.4	 57.2	 24.8	 20.6	 21.1	 68.4	 53.2	 17.8	 0.271	16.962	 4.998
  245.3	 46.5	 57.2	 25.1	 20.6	 21.1	 68.4	 53.2	 17.9	 0.282	17.126	 4.978
  246.2	 46.5	 57.2	 25.3	 20.6	 21.1	 68.5	 53.2	 17.9	 0.275	17.106	 4.978
  247.1	 46.6	 57.2	 25.1	 20.6	 21.1	 68.5	 53.3	 17.9	 0.266	17.044	 4.998
  248.0	 46.6	 57.3	 24.8	 20.5	 21.1	 68.5	 53.3	 17.9	 0.277	17.024	 4.998
  248.8	 46.6	 57.3	 24.9	 20.5	 21.1	 68.5	 53.3	 17.9	 0.280	17.024	 4.998
  249.7	 46.6	 57.3	 25.0	 20.6	 21.1	 68.5	 53.3	 17.9	 0.274	17.208	 4.998
  250.5	 46.6	 57.3	 25.1	 20.5	 21.0	 68.5	 53.3	 18.0	 0.276	16.983	 5.162
  251.4	 46.7	 57.3	 25.3	 20.5	 21.0	 68.5	 53.4	 18.0	 0.271	17.167	 4.998
  252.2	 46.7	 57.3	 25.5	 20.5	 21.0	 68.5	 53.4	 18.0	 0.276	17.044	 5.019
  253.1	 46.7	 57.4	 25.2	 20.5	 21.0	 68.4	 53.4	 18.0	 0.279	17.126	 5.019
  253.9	 46.7	 57.4	 24.7	 20.6	 21.0	 68.5	 53.5	 18.0	 0.272	17.106	 5.121
  254.8	 46.7	 57.5	 24.7	 20.5	 21.0	 68.5	 53.5	 18.0	 0.279	17.187	 5.019
  255.7	 46.7	 57.5	 24.8	 20.5	 21.0	 68.5	 53.5	 18.1	 0.276	17.269	 5.019
  256.6	 46.8	 57.5	 25.0	 20.5	 20.9	 68.5	 53.5	 18.1	 0.273	17.228	 5.019
  257.4	 46.8	 57.5	 24.8	 20.6	 20.9	 68.5	 53.6	 18.1	 0.274	17.208	 5.039
  258.3	 46.9	 57.5	 25.0	 20.6	 20.9	 68.6	 53.6	 18.1	 0.274	17.187	 5.039
  259.1	 46.9	 57.5	 25.1	 20.5	 20.9	 68.6	 53.6	 18.1	 0.272	17.269	 5.039
  260.0	 46.9	 57.6	 24.9	 20.5	 20.8	 68.6	 53.6	 18.2	 0.285	17.167	 5.039
  260.8	 46.9	 57.6	 24.9	 20.5	 20.8	 68.6	 53.7	 18.2	 0.275	17.331	 5.039
  261.6	 46.9	 57.6	 24.5	 20.6	 20.8	 68.6	 53.7	 18.2	 0.276	17.351	 5.039
  262.5	 46.9	 57.6	 25.0	 20.5	 20.7	 68.7	 53.7	 18.2	 0.281	17.290	 5.019
  263.4	 47.0	 57.7	 25.2	 20.6	 20.6	 68.7	 53.7	 18.3	 0.276	17.208	 5.039
  264.2	 47.0	 57.7	 25.3	 20.5	 20.6	 68.8	 53.7	 18.3	 0.274	17.392	 5.141
  265.1	 47.0	 57.7	 25.4	 20.5	 20.5	 68.9	 53.7	 18.3	 0.275	17.371	 4.998
  265.9	 47.0	 57.7	 24.9	 20.5	 20.3	 68.9	 53.8	 18.3	 0.269	17.290	 4.998
  266.8	 47.0	 57.8	 24.8	 20.5	 20.1	 68.9	 53.8	 18.3	 0.280	17.331	 5.019
  267.6	 47.1	 57.8	 24.8	 20.5	 20.0	 68.9	 53.8	 18.3	 0.270	17.208	 5.039
  268.5	 47.1	 57.8	 25.1	 20.5	 19.6	 68.8	 53.9	 18.4	 0.279	17.228	 5.019
  269.4	 47.1	 57.8	 25.2	 20.5	 19.5	 68.9	 53.9	 18.4	 0.278	17.290	 5.203
  270.2	 47.2	 57.9	 25.4	 20.6	 19.2	 68.9	 53.9	 18.4	 0.272	17.331	 5.039
  271.1	 47.2	 57.9	 25.2	 20.6	 19.0	 68.8	 53.9	 18.5	 0.282	17.351	 5.039
  271.9	 47.2	 57.9	 25.4	 20.6	 18.9	 68.8	 54.0	 18.5	 0.281	17.249	 5.039
  272.8	 47.2	 57.9	 25.1	 20.6	 18.6	 68.8	 54.0	 18.5	 0.279	17.228	 5.039
  273.7	 47.2	 58.0	 24.7	 20.6	 18.4	 68.8	 54.0	 18.5	 0.265	17.433	 5.039
  274.5	 47.2	 58.0	 25.0	 20.6	 18.2	 68.7	 54.1	 18.5	 0.271	17.290	 5.060
  275.3	 47.3	 58.0	 25.2	 20.6	 17.7	 68.8	 54.1	 18.5	 0.277	17.412	 5.060
  276.2	 47.3	 58.0	 25.2	 20.6	 17.4	 68.8	 54.1	 18.6	 0.275	17.351	 5.060
  277.0	 47.4	 58.1	 25.2	 20.6	 17.2	 68.8	 54.1	 18.6	 0.275	17.494	 5.060
  277.8	 47.4	 58.1	 25.3	 20.6	 17.0	 68.7	 54.1	 18.6	 0.270	17.453	 5.060
  278.7	 47.4	 58.1	 25.4	 20.6	 16.9	 68.6	 54.2	 18.6	 0.277	17.453	 5.060
  279.6	 47.5	 58.1	 25.6	 20.6	 16.9	 68.6	 54.2	 18.6	 0.267	17.494	 5.080
  280.4	 47.5	 58.2	 25.5	 20.6	 16.7	 68.6	 54.2	 18.6	 0.274	17.433	 5.060
  281.3	 47.5	 58.2	 25.6	 20.6	 16.7	 68.7	 54.2	 18.6	 0.276	17.371	 5.080
  282.2	 47.5	 58.2	 25.7	 20.6	 16.7	 68.7	 54.2	 18.6	 0.276	17.453	 5.080
  283.0	 47.5	 58.3	 25.7	 20.5	 16.7	 68.8	 54.3	 18.6	 0.271	17.556	 5.060
  283.9	 47.5	 58.3	 25.8	 20.6	 16.7	 68.7	 54.3	 18.6	 0.275	17.494	 5.039
  284.7	 47.5	 58.3	 25.9	 20.6	 16.7	 68.6	 54.3	 18.5	 0.271	17.515	 5.203
  285.6	 47.6	 58.4	 25.8	 20.5	 16.7	 68.7	 54.2	 18.5	 0.281	17.515	 5.039
  286.4	 47.6	 58.4	 25.7	 20.6	 16.6	 68.7	 54.2	 18.5	 0.282	17.474	 5.019
  287.3	 47.7	 58.4	 25.9	 20.5	 16.7	 68.7	 54.2	 18.5	 0.273	17.576	 5.039
  288.1	 47.7	 58.4	 25.9	 20.5	 16.7	 68.9	 54.2	 18.5	 0.265	17.658	 5.039
  289.0	 47.7	 58.4	 25.8	 20.5	 16.6	 69.0	 54.2	 18.4	 0.268	17.596	 5.019
  289.8	 47.7	 58.5	 25.7	 20.5	 16.6	 69.0	 54.2	 18.4	 0.276	17.637	 5.019
  290.7	 47.7	 58.5	 25.8	 20.5	 16.5	 69.1	 54.2	 18.4	 0.279	17.474	 5.019
  291.5	 47.8	 58.5	 25.8	 20.5	 16.5	 69.2	 54.1	 18.4	 0.274	17.474	 5.039
  292.4	 47.8	 58.5	 25.0	 20.5	 16.4	 69.2	 54.0	 18.3	 0.277	17.740	 5.019
  293.2	 47.8	 58.6	 25.3	 20.5	 16.4	 69.2	 54.0	 18.3	 0.271	17.719	 4.998
  294.1	 47.8	 58.6	 25.4	 20.4	 16.4	 69.2	 54.0	 18.3	 0.274	17.740	 5.019
  294.9	 47.8	 58.6	 25.2	 20.4	 16.3	 69.2	 54.0	 18.3	 0.271	17.596	 4.998
  295.8	 47.9	 58.6	 25.3	 20.3	 16.3	 69.1	 54.0	 18.3	 0.273	17.617	 5.019
  296.6	 47.9	 58.6	 25.4	 20.3	 16.3	 69.1	 54.0	 18.2	 0.276	17.658	 4.998
  297.5	 47.9	 58.7	 25.4	 20.3	 16.3	 69.2	 54.0	 18.2	 0.271	17.740	 4.998
  298.3	 47.9	 58.8	 25.4	 20.3	 16.3	 69.2	 53.9	 18.2	 0.267	17.699	 4.998
  299.2	 47.9	 58.8	 25.0	 20.4	 16.3	 69.2	 53.9	 18.2	 0.279	17.719	 4.978
  300.0	 48.0	 58.8	 25.0	 20.3	 16.3	 69.2	 53.8	 18.1	 0.271	17.699	 4.978
  301.0	 48.1	 58.8	 24.9	 20.3	 16.3	 69.3	 53.8	 18.0	 0.270	17.719	 4.978
  301.8	 48.1	 58.8	 25.1	 20.3	 16.4	 69.3	 53.8	 18.0	 0.277	17.740	 4.978
  302.7	 48.1	 58.8	 25.3	 20.3	 16.5	 69.4	 53.8	 18.0	 0.269	17.637	 4.978
  303.5	 48.1	 58.9	 25.4	 20.3	 16.6	 69.3	 53.7	 17.9	 0.275	17.617	 4.957
  304.4	 48.1	 58.9	 25.4	 20.3	 16.8	 69.4	 53.7	 17.9	 0.279	17.862	 4.957
  305.2	 48.1	 58.9	 25.3	 20.3	 16.9	 69.4	 53.7	 17.9	 0.279	17.760	 4.957
  306.1	 48.1	 58.9	 25.4	 20.3	 17.2	 69.5	 53.7	 17.8	 0.274	17.719	 4.957
  306.9	 48.2	 59.0	 25.4	 20.3	 17.3	 69.6	 53.7	 17.8	 0.279	17.699	 4.957
  307.8	 48.2	 58.9	 25.4	 20.3	 17.4	 69.5	 53.7	 17.8	 0.273	17.781	 4.957
  308.6	 48.2	 58.9	 25.4	 20.2	 17.6	 69.4	 53.7	 17.8	 0.271	17.821	 4.937
  309.5	 48.2	 59.0	 25.4	 20.2	 17.7	 69.4	 53.7	 17.7	 0.284	17.637	 4.957
  310.3	 48.2	 59.0	 25.5	 20.2	 17.8	 69.4	 53.7	 17.7	 0.268	17.842	 4.937
  311.2	 48.3	 59.0	 25.5	 20.2	 18.0	 69.4	 53.7	 17.7	 0.278	17.801	 4.917
  312.0	 48.3	 59.0	 25.4	 20.1	 18.1	 69.6	 53.7	 17.7	 0.274	17.719	 4.917
  312.9	 48.4	 59.1	 25.4	 20.2	 18.2	 69.6	 53.7	 17.6	 0.267	17.924	 4.917
  313.7	 48.4	 59.1	 25.4	 20.2	 18.4	 69.6	 53.7	 17.6	 0.273	17.944	 4.917
  314.6	 48.4	 59.1	 25.3	 20.2	 18.5	 69.5	 53.7	 17.6	 0.287	17.699	 4.917
  315.4	 48.5	 59.2	 25.4	 20.2	 18.5	 69.6	 53.7	 17.5	 0.274	17.965	 5.060
  316.3	 48.5	 59.2	 25.3	 20.2	 18.7	 69.7	 53.7	 17.5	 0.268	17.740	 4.917
  317.2	 48.5	 59.2	 25.3	 20.1	 18.8	 69.6	 53.7	 17.5	 0.278	17.760	 4.896
  318.0	 48.5	 59.2	 25.4	 20.2	 18.9	 69.7	 53.7	 17.5	 0.287	17.883	 4.896
  318.9	 48.5	 59.2	 25.4	 20.2	 19.0	 69.8	 53.7	 17.5	 0.278	17.985	 4.917
  319.8	 48.6	 59.2	 25.0	 20.1	 19.1	 69.8	 53.8	 17.5	 0.273	17.678	 4.917
  320.6	 48.6	 59.2	 25.3	 20.1	 19.3	 69.9	 53.8	 17.5	 0.269	17.781	 4.896
  321.5	 48.6	 59.2	 25.4	 20.1	 19.3	 69.8	 53.8	 17.5	 0.279	17.903	 4.917
  322.3	 48.6	 59.2	 25.1	 20.1	 19.4	 69.9	 53.9	 17.5	 0.281	17.842	 4.896
  323.2	 48.6	 59.3	 24.8	 20.1	 19.5	 70.0	 53.9	 17.5	 0.272	17.821	 4.917
  324.0	 48.6	 59.3	 24.8	 20.1	 19.6	 69.8	 54.0	 17.5	 0.283	17.719	 4.896
  324.9	 48.7	 59.3	 25.0	 20.1	 19.6	 69.7	 54.0	 17.5	 0.271	17.985	 4.896
  325.7	 48.7	 59.3	 24.5	 20.1	 19.7	 69.8	 54.0	 17.5	 0.267	18.026	 4.917
  326.6	 48.7	 59.3	 24.7	 20.1	 19.8	 69.7	 54.1	 17.5	 0.270	17.719	 4.917
  327.4	 48.7	 59.3	 24.7	 20.1	 19.8	 69.8	 54.1	 17.5	 0.270	17.760	 4.917
  328.3	 48.8	 59.4	 24.8	 20.2	 19.9	 69.8	 54.2	 17.5	 0.272	17.985	 4.917
  329.1	 48.7	 59.3	 24.4	 20.2	 20.0	 69.9	 54.2	 17.5	 0.271	17.842	 4.917
  330.0	 48.7	 59.4	 24.5	 20.2	 20.1	 69.9	 54.2	 17.5	 0.272	17.903	 4.917
  330.8	 48.7	 59.4	 24.6	 20.2	 20.1	 70.0	 54.3	 17.5	 0.268	17.944	 4.917
  331.8	 48.8	 59.4	 24.7	 20.2	 20.2	 70.0	 54.4	 17.5	 0.278	17.801	 4.917
  332.7	 48.8	 59.4	 24.5	 20.2	 20.2	 69.9	 54.4	 17.6	 0.278	17.719	 4.937
  333.6	 48.9	 59.4	 24.4	 20.2	 20.2	 70.0	 54.4	 17.6	 0.274	17.801	 4.937
  334.6	 48.9	 59.4	 24.7	 20.2	 20.3	 70.0	 54.5	 17.6	 0.279	17.903	 4.917
  335.5	 49.0	 59.5	 25.0	 20.2	 20.4	 70.0	 54.6	 17.6	 0.271	17.924	 4.937
  336.4	 49.0	 59.5	 24.9	 20.2	 20.4	 69.9	 54.6	 17.6	 0.275	18.108	 4.937
  337.4	 49.1	 59.5	 24.9	 20.2	 20.4	 69.9	 54.7	 17.6	 0.273	17.862	 4.937
  338.3	 49.1	 59.5	 25.3	 20.2	 20.5	 70.0	 54.7	 17.7	 0.281	17.924	 4.937
  339.2	 49.1	 59.5	 25.4	 20.2	 20.5	 70.0	 54.8	 17.7	 0.276	17.965	 4.937
  340.2	 49.1	 59.6	 25.4	 20.2	 20.6	 70.1	 54.8	 17.7	 0.275	17.842	 4.957
  341.1	 49.1	 59.6	 25.4	 20.2	 20.6	 70.2	 54.9	 17.7	 0.271	17.924	 4.957
  342.0	 49.2	 59.6	 25.3	 20.2	 20.6	 70.2	 54.9	 17.8	 0.277	18.087	 4.978
  343.0	 49.2	 59.6	 25.3	 20.2	 20.7	 70.2	 55.0	 17.8	 0.277	18.006	 4.978
  343.9	 49.2	 59.7	 25.6	 20.3	 20.7	 70.2	 55.0	 17.8	 0.275	18.169	 4.978
  344.8	 49.2	 59.7	 25.6	 20.3	 20.7	 70.0	 55.0	 17.9	 0.280	18.067	 4.978
  345.8	 49.3	 59.7	 25.6	 20.3	 20.7	 69.9	 55.1	 17.9	 0.274	18.108	 4.998
  346.7	 49.3	 59.7	 25.6	 20.4	 20.7	 69.9	 55.1	 17.9	 0.270	18.108	 4.998
  347.6	 49.4	 59.8	 25.2	 20.4	 20.8	 70.0	 55.1	 17.9	 0.280	18.169	 5.019
  348.6	 49.3	 59.8	 25.2	 20.4	 20.7	 70.0	 55.2	 18.0	 0.268	18.067	 5.019
  349.5	 49.4	 59.8	 25.2	 20.4	 20.8	 69.9	 55.2	 18.0	 0.273	18.169	 4.998
  350.4	 49.4	 59.8	 25.2	 20.4	 20.7	 69.9	 55.3	 18.0	 0.283	18.210	 4.998
  351.4	 49.4	 59.9	 25.5	 20.4	 20.6	 70.0	 55.3	 18.1	 0.272	17.944	 4.998
  352.3	 49.4	 59.9	 25.6	 20.4	 20.6	 70.2	 55.4	 18.1	 0.279	18.046	 5.019
  353.2	 49.5	 59.9	 25.7	 20.4	 20.5	 70.3	 55.4	 18.2	 0.273	18.210	 5.060
  354.2	 49.5	 60.0	 25.6	 20.4	 20.5	 70.3	 55.5	 18.2	 0.282	17.965	 5.019
  355.1	 49.5	 60.0	 25.3	 20.4	 20.4	 70.4	 55.5	 18.2	 0.264	18.087	 4.998
  356.0	 49.5	 60.0	 25.1	 20.4	 20.4	 70.5	 55.5	 18.3	 0.271	18.210	 4.998
  357.0	 49.6	 60.0	 24.6	 20.4	 20.3	 70.5	 55.6	 18.3	 0.279	18.190	 4.978
  357.9	 49.6	 60.1	 24.9	 20.4	 20.3	 70.8	 55.6	 18.4	 0.277	18.026	 4.978
  358.8	 49.6	 60.1	 24.8	 20.4	 20.2	 70.8	 55.7	 18.4	 0.269	18.128	 4.957
  359.8	 49.7	 60.1	 24.5	 20.4	 19.9	 70.8	 55.7	 18.4	 0.273	18.006	 4.957
  360.7	 49.7	 60.1	 24.7	 20.4	 19.8	 70.8	 55.7	 18.5	 0.273	18.271	 4.978
  361.6	 49.7	 60.1	 24.3	 20.4	 19.4	 70.9	 55.8	 18.5	 0.272	18.169	 4.998
  362.6	 49.8	 60.1	 24.6	 20.4	 19.3	 70.9	 55.8	 18.6	 0.279	17.924	 5.019
  363.5	 49.7	 60.1	 24.8	 20.4	 18.9	 71.0	 55.9	 18.6	 0.267	18.087	 5.019
  364.4	 49.8	 60.1	 25.0	 20.5	 18.8	 71.1	 56.0	 18.6	 0.261	18.169	 5.019
  365.4	 49.8	 60.1	 25.2	 20.4	 17.8	 71.1	 56.0	 18.7	 0.279	18.251	 5.019
  366.3	 49.8	 60.2	 25.3	 20.5	 16.8	 71.2	 56.0	 18.7	 0.278	18.108	 5.019
  367.3	 49.8	 60.2	 25.2	 20.5	 16.4	 71.3	 56.1	 18.7	 0.275	18.108	 5.019
  368.2	 49.9	 60.2	 25.0	 20.5	 16.4	 71.3	 56.1	 18.8	 0.274	18.108	 5.039
  369.1	 49.9	 60.2	 25.2	 20.5	 16.4	 71.3	 56.2	 18.8	 0.276	18.169	 5.019
  370.1	 49.9	 60.3	 25.3	 20.6	 16.4	 71.5	 56.2	 18.8	 0.267	18.210	 5.019
  371.0	 50.0	 60.3	 25.3	 20.6	 16.4	 71.5	 56.3	 18.9	 0.276	18.067	 5.019
  371.9	 50.0	 60.3	 25.4	 20.6	 16.4	 71.5	 56.3	 18.9	 0.272	18.108	 5.162
  372.9	 50.0	 60.3	 25.3	 20.6	 16.4	 71.6	 56.3	 18.9	 0.278	18.292	 4.998
  373.8	 50.0	 60.3	 25.3	 20.6	 16.4	 71.7	 56.3	 18.9	 0.280	18.312	 4.998
  374.7	 50.0	 60.3	 25.3	 20.6	 16.3	 71.7	 56.4	 18.9	 0.270	18.353	 4.998
  375.7	 50.1	 60.4	 25.3	 20.5	 16.3	 71.8	 56.3	 18.9	 0.268	18.108	 5.019
  376.6	 50.1	 60.4	 25.3	 20.5	 16.3	 71.7	 56.4	 18.9	 0.270	18.231	 5.121
  377.6	 50.1	 60.5	 25.4	 20.5	 16.3	 71.7	 56.3	 18.9	 0.271	18.353	 4.978
  378.5	 50.2	 60.4	 25.4	 20.5	 16.2	 71.7	 56.3	 18.9	 0.274	18.394	 4.978
  379.4	 50.2	 60.5	 25.4	 20.5	 16.2	 71.7	 56.3	 18.8	 0.274	18.456	 4.998
  380.4	 50.2	 60.5	 25.4	 20.5	 16.2	 71.7	 56.3	 18.8	 0.279	18.190	 5.019
  381.3	 50.2	 60.5	 25.0	 20.5	 16.2	 71.7	 56.2	 18.8	 0.273	18.271	 4.998
  382.2	 50.2	 60.5	 25.1	 20.5	 16.2	 71.7	 56.2	 18.7	 0.270	18.374	 4.998
  383.2	 50.2	 60.5	 25.1	 20.4	 16.2	 71.7	 56.2	 18.7	 0.277	18.435	 4.998
  384.1	 50.2	 60.6	 25.2	 20.4	 16.1	 71.8	 56.1	 18.7	 0.278	18.496	 4.998
  385.0	 50.2	 60.6	 25.3	 20.4	 16.1	 71.7	 56.1	 18.7	 0.278	18.231	 4.998
  386.0	 50.2	 60.6	 25.5	 20.4	 16.1	 71.8	 56.1	 18.6	 0.270	18.333	 4.998
  386.9	 50.3	 60.7	 25.4	 20.4	 16.1	 71.8	 56.1	 18.6	 0.279	18.435	 5.019
  387.8	 50.3	 60.7	 25.4	 20.4	 16.1	 71.9	 56.0	 18.6	 0.272	18.537	 4.998
  388.8	 50.3	 60.7	 25.5	 20.3	 16.1	 71.9	 56.0	 18.5	 0.278	18.537	 4.978
  389.7	 50.4	 60.7	 25.4	 20.3	 16.1	 71.9	 56.0	 18.5	 0.268	18.353	 4.998
  390.7	 50.4	 60.7	 25.3	 20.2	 16.1	 71.9	 55.9	 18.5	 0.267	18.312	 4.998
  391.7	 50.4	 60.8	 25.2	 20.3	 16.1	 72.0	 56.0	 18.5	 0.266	18.476	 4.998
  392.6	 50.4	 60.8	 25.1	 20.3	 16.1	 72.1	 55.9	 18.4	 0.273	18.456	 4.978
  393.6	 50.4	 60.8	 25.1	 20.3	 16.2	 72.1	 55.9	 18.4	 0.273	18.496	 4.998
  394.5	 50.5	 60.8	 25.1	 20.2	 16.2	 72.1	 55.8	 18.3	 0.273	18.578	 4.978
  395.5	 50.5	 60.9	 25.3	 20.2	 16.1	 72.1	 55.8	 18.3	 0.270	18.456	 4.978
  396.5	 50.6	 60.9	 25.3	 20.2	 16.1	 72.1	 55.7	 18.2	 0.283	18.435	 4.978
  397.4	 50.6	 61.0	 25.3	 20.2	 16.1	 72.1	 55.7	 18.2	 0.275	18.394	 5.019
  398.4	 50.6	 61.0	 24.9	 20.1	 16.1	 72.1	 55.7	 18.1	 0.281	18.578	 4.978
  399.3	 50.6	 61.0	 24.6	 20.1	 16.2	 72.2	 55.7	 18.1	 0.275	18.660	 4.978
  400.3	 50.7	 61.0	 24.9	 20.1	 16.4	 72.3	 55.7	 18.0	 0.275	18.619	 4.957
  401.3	 50.7	 61.0	 24.8	 20.0	 16.5	 72.3	 55.6	 18.0	 0.267	18.435	 4.937
  402.3	 50.7	 61.1	 24.6	 20.0	 16.7	 72.3	 55.6	 17.9	 0.275	18.640	 4.937
  403.2	 50.7	 61.1	 24.6	 20.0	 16.9	 72.4	 55.5	 17.9	 0.270	18.701	 4.937
  404.2	 50.8	 61.1	 24.5	 20.0	 17.1	 72.5	 55.5	 17.9	 0.261	18.803	 4.917
  405.2	 50.8	 61.1	 24.7	 19.9	 17.2	 72.6	 55.5	 17.9	 0.272	18.640	 4.917
  406.1	 50.8	 61.2	 24.9	 19.9	 17.5	 72.6	 55.5	 17.8	 0.275	18.783	 4.896
  407.1	 50.8	 61.2	 25.0	 19.9	 17.6	 72.6	 55.5	 17.8	 0.277	18.660	 4.896
  408.1	 50.8	 61.2	 24.9	 19.9	 17.8	 72.6	 55.5	 17.7	 0.268	18.721	 4.876
  409.1	 50.9	 61.2	 24.8	 19.9	 17.9	 72.7	 55.5	 17.7	 0.279	18.701	 4.876
  410.0	 50.8	 61.3	 25.0	 19.8	 18.1	 72.9	 55.4	 17.6	 0.275	18.558	 4.876
  411.0	 50.9	 61.3	 24.8	 19.8	 18.2	 72.8	 55.4	 17.6	 0.269	18.803	 4.876
  412.0	 50.9	 61.3	 24.8	 19.8	 18.3	 72.8	 55.4	 17.5	 0.276	18.537	 4.876
  413.0	 51.0	 61.3	 24.8	 19.8	 18.5	 72.9	 55.4	 17.5	 0.267	18.844	 4.876
  413.9	 51.0	 61.3	 24.8	 19.8	 18.6	 73.1	 55.5	 17.5	 0.280	18.660	 4.855
  414.9	 51.0	 61.3	 24.7	 19.8	 18.7	 73.1	 55.5	 17.5	 0.279	18.660	 4.855
  415.8	 51.1	 61.3	 24.8	 19.8	 18.8	 73.2	 55.5	 17.5	 0.285	18.660	 4.855
  416.8	 51.1	 61.4	 24.7	 19.8	 19.0	 73.2	 55.6	 17.5	 0.266	18.496	 4.876
  417.8	 51.1	 61.4	 24.6	 19.9	 19.1	 73.3	 55.6	 17.5	 0.270	18.537	 4.876
  418.7	 51.1	 61.4	 24.6	 19.9	 19.2	 73.4	 55.7	 17.5	 0.280	18.558	 4.876
  419.7	 51.1	 61.4	 24.6	 19.9	 19.3	 73.5	 55.7	 17.5	 0.275	18.803	 4.876
  420.7	 51.2	 61.4	 24.4	 19.9	 19.4	 73.6	 55.8	 17.5	 0.268	18.742	 4.855
  421.6	 51.2	 61.4	 24.5	 19.9	 19.4	 73.7	 55.8	 17.5	 0.275	18.824	 4.876
  422.6	 51.2	 61.5	 24.4	 19.9	 19.5	 73.8	 55.9	 17.5	 0.264	18.803	 4.855
  423.6	 51.2	 61.5	 24.5	 20.0	 19.6	 73.8	 56.0	 17.6	 0.273	18.721	 4.876
  424.6	 51.3	 61.5	 24.6	 19.9	 19.7	 74.0	 56.1	 17.6	 0.279	18.680	 4.876
  425.6	 51.3	 61.5	 24.9	 20.0	 19.7	 74.0	 56.1	 17.6	 0.271	18.640	 4.896
  426.6	 51.3	 61.5	 24.9	 20.0	 19.8	 74.0	 56.2	 17.6	 0.272	18.599	 4.896
  427.5	 51.4	 61.5	 24.9	 20.0	 19.8	 74.0	 56.2	 17.6	 0.278	18.885	 4.896
  428.5	 51.4	 61.5	 24.7	 20.0	 19.9	 74.1	 56.3	 17.7	 0.269	18.844	 4.896
  429.5	 51.4	 61.6	 24.6	 20.0	 19.9	 74.1	 56.3	 17.7	 0.271	18.783	 4.917
  430.5	 51.4	 61.6	 25.0	 20.0	 20.0	 74.3	 56.4	 17.7	 0.269	18.742	 4.917
  431.5	 51.4	 61.6	 25.1	 20.0	 20.1	 74.3	 56.5	 17.8	 0.277	18.721	 5.060
  432.5	 51.4	 61.6	 24.7	 20.0	 20.1	 74.4	 56.5	 17.8	 0.273	18.619	 4.937
  433.5	 51.5	 61.6	 24.7	 20.0	 20.1	 74.4	 56.6	 17.8	 0.276	18.660	 4.937
  434.4	 51.5	 61.6	 24.8	 20.0	 20.1	 74.3	 56.7	 17.9	 0.270	18.680	 4.957
  435.4	 51.6	 61.7	 24.9	 20.1	 20.1	 74.3	 56.8	 17.9	 0.274	18.721	 4.957
  436.4	 51.6	 61.7	 24.9	 20.1	 20.1	 74.3	 56.9	 17.9	 0.270	18.885	 4.957
  437.4	 51.7	 61.7	 24.9	 20.1	 20.2	 74.5	 57.0	 17.9	 0.279	18.967	 4.957
  438.4	 51.7	 61.8	 24.7	 20.1	 20.1	 74.5	 57.0	 17.9	 0.271	18.967	 4.957
  439.4	 51.7	 61.8	 24.8	 20.1	 20.1	 74.6	 57.0	 18.0	 0.274	18.926	 4.957
  440.3	 51.7	 61.8	 24.9	 20.2	 20.1	 74.7	 57.1	 18.0	 0.274	18.742	 4.957
  441.3	 51.7	 61.8	 25.0	 20.2	 20.1	 74.8	 57.1	 18.1	 0.280	18.803	 4.957
  442.3	 51.7	 61.9	 25.0	 20.2	 20.1	 74.9	 57.1	 18.0	 0.269	18.905	 4.957
  443.3	 51.8	 61.9	 25.0	 20.2	 20.0	 74.9	 57.1	 18.1	 0.277	19.008	 4.937
  444.3	 51.8	 61.9	 25.0	 20.2	 20.0	 75.1	 57.1	 18.1	 0.278	19.008	 4.937
  445.3	 51.8	 61.9	 25.1	 20.2	 20.0	 75.0	 57.1	 18.2	 0.271	18.701	 4.957
  446.3	 51.8	 62.0	 25.0	 20.2	 20.0	 75.1	 57.2	 18.2	 0.268	19.028	 4.957
  447.3	 51.8	 62.0	 25.1	 20.3	 20.0	 75.2	 57.2	 18.3	 0.266	18.803	 4.957
  448.3	 51.8	 62.0	 24.8	 20.3	 19.8	 75.3	 57.3	 18.3	 0.278	18.844	 4.957
  449.3	 51.9	 62.0	 25.0	 20.3	 19.7	 75.3	 57.3	 18.3	 0.273	19.049	 4.978
  450.2	 51.9	 62.0	 24.5	 20.3	 19.5	 75.3	 57.3	 18.4	 0.276	18.905	 4.978
  451.1	 51.9	 62.0	 24.5	 20.3	 19.4	 75.2	 57.4	 18.4	 0.272	18.946	 4.998
  452.0	 52.0	 62.1	 24.4	 20.3	 19.0	 75.3	 57.4	 18.5	 0.274	19.130	 5.019
  452.9	 52.0	 62.1	 24.4	 20.4	 18.8	 75.3	 57.5	 18.5	 0.269	18.844	 5.019
  453.7	 52.0	 62.1	 24.5	 20.3	 18.3	 75.3	 57.5	 18.5	 0.276	18.844	 5.019
  454.6	 52.0	 62.1	 24.5	 20.4	 17.7	 75.2	 57.5	 18.6	 0.273	19.008	 5.019
  455.5	 52.0	 62.1	 24.5	 20.4	 16.8	 75.3	 57.5	 18.6	 0.276	19.049	 5.039
  456.4	 52.1	 62.1	 24.7	 20.4	 16.5	 75.3	 57.5	 18.6	 0.274	19.008	 5.039
  457.2	 52.1	 62.2	 24.8	 20.5	 16.5	 75.4	 57.6	 18.7	 0.273	18.987	 5.039
  458.1	 52.1	 62.2	 25.0	 20.4	 16.4	 75.4	 57.6	 18.7	 0.275	19.008	 5.141
  459.0	 52.1	 62.2	 24.9	 20.4	 16.4	 75.3	 57.6	 18.7	 0.269	19.212	 5.039
  459.9	 52.1	 62.3	 25.1	 20.4	 16.4	 75.2	 57.6	 18.7	 0.270	19.049	 5.039
  460.8	 52.1	 62.3	 25.2	 20.4	 16.4	 75.3	 57.6	 18.7	 0.276	19.028	 5.039
  461.6	 52.1	 62.3	 25.1	 20.3	 16.4	 75.4	 57.6	 18.8	 0.272	19.069	 5.019
  462.5	 52.2	 62.4	 25.1	 20.4	 16.4	 75.4	 57.7	 18.8	 0.276	19.069	 5.019
  463.4	 52.2	 62.4	 25.1	 20.4	 16.4	 75.5	 57.7	 18.8	 0.273	19.110	 5.019
  464.3	 52.1	 62.4	 25.1	 20.4	 16.3	 75.5	 57.7	 18.7	 0.275	19.130	 5.039
  465.2	 52.1	 62.4	 25.1	 20.3	 16.3	 75.6	 57.7	 18.7	 0.268	19.130	 5.019
  466.1	 52.1	 62.5	 25.1	 20.3	 16.3	 75.6	 57.7	 18.7	 0.279	19.130	 5.019
  466.9	 52.1	 62.5	 25.0	 20.3	 16.2	 75.7	 57.6	 18.7	 0.276	19.151	 5.019
  467.8	 52.1	 62.5	 24.8	 20.3	 16.2	 75.7	 57.6	 18.7	 0.266	19.151	 5.019
  468.7	 52.0	 62.5	 24.7	 20.3	 16.2	 75.6	 57.7	 18.6	 0.278	19.171	 5.019
  469.6	 52.0	 62.5	 24.9	 20.3	 16.2	 75.6	 57.6	 18.6	 0.283	19.192	 5.019
  470.5	 52.0	 62.6	 24.9	 20.3	 16.1	 75.6	 57.6	 18.6	 0.278	19.212	 4.998
  471.3	 52.0	 62.6	 24.9	 20.2	 16.1	 75.5	 57.5	 18.6	 0.271	19.151	 4.998
  472.2	 52.0	 62.6	 24.8	 20.3	 16.1	 75.5	 57.5	 18.5	 0.267	19.171	 4.998
  473.1	 52.0	 62.7	 24.8	 20.3	 16.1	 75.5	 57.5	 18.5	 0.268	19.376	 4.998
  474.0	 52.0	 62.7	 25.1	 20.3	 16.1	 75.5	 57.4	 18.5	 0.271	19.396	 5.019
  474.8	 52.0	 62.7	 25.2	 20.2	 16.0	 75.6	 57.4	 18.4	 0.276	19.417	 4.978
  475.7	 52.0	 62.7	 25.3	 20.2	 16.0	 75.6	 57.4	 18.4	 0.270	19.130	 4.998
  476.6	 52.0	 62.7	 25.1	 20.2	 16.0	 75.6	 57.4	 18.4	 0.275	19.274	 4.998
  477.5	 52.0	 62.8	 24.8	 20.2	 16.0	 75.6	 57.3	 18.4	 0.272	19.294	 4.998
  478.3	 51.9	 62.8	 24.6	 20.2	 16.0	 75.6	 57.3	 18.3	 0.272	19.376	 4.998
  479.2	 51.9	 62.8	 24.9	 20.1	 16.1	 75.7	 57.3	 18.3	 0.269	19.110	 5.019
  480.1	 51.9	 62.8	 25.1	 20.2	 16.1	 75.7	 57.3	 18.3	 0.270	19.151	 4.998
  481.0	 51.9	 62.8	 25.2	 20.1	 16.1	 75.7	 57.2	 18.2	 0.276	19.192	 4.978
  481.9	 51.9	 62.9	 25.3	 20.1	 16.1	 75.7	 57.2	 18.2	 0.277	19.315	 4.978
  482.9	 51.9	 62.8	 24.8	 20.1	 16.1	 75.7	 57.1	 18.2	 0.269	19.396	 4.978
  483.8	 51.9	 62.8	 24.3	 20.1	 16.1	 75.7	 57.1	 18.1	 0.276	19.376	 4.957
  484.7	 51.8	 62.8	 24.7	 20.1	 16.2	 75.8	 57.0	 18.1	 0.269	19.294	 4.937
  485.6	 51.8	 62.8	 24.9	 20.1	 16.3	 75.8	 57.1	 18.0	 0.275	19.171	 4.957
  486.5	 51.8	 62.8	 25.0	 20.1	 16.5	 75.8	 57.0	 18.0	 0.278	19.192	 4.957
  487.6	 51.8	 62.8	 25.1	 20.0	 16.6	 75.8	 57.0	 17.9	 0.267	19.212	 4.937
  488.6	 51.8	 62.8	 25.0	 20.0	 16.9	 75.9	 57.0	 17.9	 0.270	19.417	 4.937
  489.7	 51.8	 62.8	 24.8	 20.0	 17.2	 75.9	 56.9	 17.9	 0.272	19.396	 4.937
  490.7	 51.8	 62.8	 24.9	 19.9	 17.3	 76.0	 56.9	 17.8	 0.273	19.274	 4.937
  491.7	 51.7	 62.8	 25.2	 19.9	 17.5	 76.0	 56.9	 17.8	 0.278	19.376	 5.039
  492.6	 51.7	 62.8	 25.3	 20.0	 17.7	 76.1	 56.9	 17.8	 0.270	19.417	 4.896
  493.5	 51.7	 62.8	 25.7	 19.9	 17.9	 76.1	 56.9	 17.7	 0.275	19.090	 4.917
  494.4	 51.7	 62.8	 25.3	 19.9	 18.0	 76.2	 56.9	 17.7	 0.274	19.315	 4.896
  495.3	 51.7	 62.8	 24.9	 20.0	 18.3	 76.3	 56.9	 17.7	 0.269	19.151	 4.896
  496.2	 51.7	 62.8	 25.0	 20.0	 18.4	 76.3	 56.9	 17.6	 0.275	19.069	 4.896
  497.1	 51.7	 62.8	 25.1	 19.9	 18.6	 76.3	 56.9	 17.6	 0.275	19.212	 4.876
  498.1	 51.7	 62.7	 25.2	 19.9	 18.7	 76.3	 56.9	 17.6	 0.268	19.233	 4.896
  499.0	 51.6	 62.7	 24.6	 19.9	 18.8	 76.4	 56.9	 17.6	 0.278	19.069	 4.876
  500.0	 51.6	 62.7	 24.9	 19.9	 19.0	 76.5	 57.0	 17.6	 0.278	19.151	 4.876
  500.9	 51.6	 62.6	 25.2	 19.9	 19.1	 76.5	 57.0	 17.6	 0.274	19.274	 4.876
  501.9	 51.6	 62.6	 25.2	 20.0	 19.2	 76.5	 57.0	 17.6	 0.276	19.294	 4.876
  502.8	 51.6	 62.6	 25.0	 20.0	 19.3	 76.5	 57.1	 17.6	 0.275	19.192	 4.876
  503.7	 51.6	 62.6	 25.2	 20.1	 19.4	 76.6	 57.1	 17.6	 0.271	19.315	 4.896
  504.7	 51.6	 62.6	 25.4	 20.1	 19.5	 76.6	 57.2	 17.6	 0.274	19.090	 4.896
  505.6	 51.6	 62.5	 25.4	 20.1	 19.6	 76.6	 57.2	 17.6	 0.275	18.967	 4.896
  506.6	 51.5	 62.5	 25.3	 20.1	 19.7	 76.6	 57.3	 17.6	 0.272	19.151	 4.896
  507.5	 51.5	 62.5	 25.4	 20.2	 19.8	 76.7	 57.3	 17.6	 0.271	18.926	 4.876
  508.4	 51.5	 62.5	 25.4	 20.2	 19.9	 76.7	 57.4	 17.6	 0.272	19.110	 4.896
  509.4	 51.5	 62.4	 25.4	 20.2	 19.9	 76.7	 57.4	 17.6	 0.274	19.233	 4.896
  510.3	 51.4	 62.4	 25.3	 20.1	 20.0	 76.8	 57.5	 17.6	 0.267	18.987	 4.917
  511.2	 51.4	 62.4	 25.4	 20.2	 20.1	 76.8	 57.5	 17.7	 0.273	19.171	 4.917
  512.2	 51.4	 62.4	 25.3	 20.2	 20.1	 76.8	 57.6	 17.7	 0.275	18.946	 4.917
  513.1	 51.4	 62.4	 25.3	 20.3	 20.2	 76.8	 57.6	 17.7	 0.273	19.192	 4.978
  514.0	 51.4	 62.4	 25.2	 20.2	 20.2	 76.7	 57.7	 17.8	 0.269	18.967	 4.917
  514.9	 51.4	 62.4	 25.0	 20.3	 20.3	 76.7	 57.7	 17.8	 0.281	19.151	 4.957
  515.8	 51.4	 62.3	 25.2	 20.2	 20.3	 76.8	 57.8	 17.8	 0.276	18.967	 4.957
  516.7	 51.4	 62.4	 25.3	 20.3	 20.4	 76.8	 57.8	 17.8	 0.272	18.905	 4.957
  517.6	 51.4	 62.3	 25.2	 20.2	 20.4	 76.8	 57.9	 17.9	 0.281	19.090	 4.957
  518.5	 51.3	 62.3	 25.4	 20.3	 20.5	 76.8	 57.9	 17.9	 0.271	19.233	 4.978
  519.4	 51.3	 62.3	 25.4	 20.3	 20.5	 76.8	 57.9	 17.9	 0.272	19.110	 5.100
  520.3	 51.3	 62.2	 25.3	 20.3	 20.5	 76.8	 58.1	 17.9	 0.270	19.028	 4.978
  521.2	 51.3	 62.2	 25.3	 20.3	 20.6	 76.8	 58.1	 18.0	 0.280	18.865	 4.978
  522.1	 51.3	 62.2	 25.3	 20.3	 20.6	 76.8	 58.2	 18.0	 0.272	19.069	 4.998
  523.0	 51.3	 62.2	 25.3	 20.2	 20.7	 76.9	 58.2	 18.1	 0.272	19.192	 4.978
  523.9	 51.3	 62.2	 25.3	 20.3	 20.7	 76.9	 58.3	 18.1	 0.272	19.110	 5.100
  524.8	 51.3	 62.2	 25.3	 20.3	 20.7	 76.9	 58.3	 18.1	 0.274	19.008	 4.998
  525.8	 51.3	 62.3	 25.1	 20.3	 20.7	 77.0	 58.3	 18.1	 0.277	19.049	 4.998
  526.7	 51.3	 62.2	 24.7	 20.3	 20.8	 76.9	 58.3	 18.2	 0.278	19.171	 4.998
  527.6	 51.3	 62.3	 24.7	 20.3	 20.8	 76.9	 58.3	 18.2	 0.278	19.130	 4.998
  528.6	 51.3	 62.2	 24.8	 20.3	 20.8	 76.8	 58.4	 18.2	 0.269	18.885	 4.998
  529.5	 51.2	 62.2	 24.9	 20.3	 20.8	 76.9	 58.4	 18.3	 0.273	18.844	 4.998
  530.4	 51.2	 62.2	 25.0	 20.3	 20.9	 77.0	 58.4	 18.3	 0.277	19.110	 4.998
  531.3	 51.2	 62.2	 24.9	 20.3	 20.9	 77.0	 58.4	 18.3	 0.279	19.090	 4.998
  532.2	 51.2	 62.2	 25.0	 20.3	 20.9	 76.9	 58.4	 18.4	 0.272	19.008	 5.039
  533.2	 51.2	 62.2	 24.8	 20.3	 21.0	 76.9	 58.5	 18.4	 0.269	18.987	 5.080
  534.1	 51.2	 62.2	 24.5	 20.3	 20.9	 77.0	 58.5	 18.5	 0.279	18.987	 5.019
  535.0	 51.1	 62.2	 24.9	 20.3	 21.0	 76.9	 58.5	 18.5	 0.273	19.130	 5.019
  535.9	 51.1	 62.2	 25.1	 20.3	 21.0	 76.9	 58.5	 18.5	 0.267	19.151	 5.060
  536.8	 51.1	 62.2	 24.4	 20.3	 21.0	 77.0	 58.6	 18.6	 0.277	18.905	 5.039
  537.7	 51.1	 62.2	 24.2	 20.3	 21.0	 77.1	 58.6	 18.6	 0.271	19.110	 5.039
  538.6	 51.1	 62.1	 24.0	 20.3	 21.0	 77.1	 58.6	 18.7	 0.272	19.110	 5.039
  539.6	 51.1	 62.1	 24.4	 20.3	 20.9	 77.1	 58.6	 18.7	 0.278	18.885	 5.039
  540.5	 51.1	 62.1	 24.9	 20.3	 20.9	 77.1	 58.6	 18.7	 0.276	18.967	 5.019
  541.4	 51.1	 62.1	 24.3	 20.3	 20.7	 77.1	 58.6	 18.8	 0.270	18.865	 5.019
  542.3	 51.1	 62.1	 24.2	 20.4	 20.6	 77.2	 58.7	 18.8	 0.270	19.151	 5.039
  543.2	 51.1	 62.1	 24.3	 20.4	 20.4	 77.2	 58.7	 18.9	 0.268	18.926	 5.039
  544.1	 51.0	 62.1	 24.1	 20.5	 20.3	 77.3	 58.7	 18.9	 0.269	18.783	 5.060
  544.9	 51.1	 62.1	 24.1	 20.4	 20.0	 77.3	 58.7	 19.0	 0.279	19.130	 5.080
  545.8	 51.0	 62.1	 24.2	 20.5	 19.9	 77.2	 58.8	 19.0	 0.271	19.049	 5.080
  546.7	 51.0	 62.1	 24.6	 20.5	 19.7	 77.2	 58.7	 19.1	 0.276	18.824	 5.080
  547.6	 51.0	 62.1	 25.2	 20.5	 19.3	 77.2	 58.7	 19.1	 0.263	18.783	 5.100
  548.5	 51.0	 62.1	 25.3	 20.5	 19.1	 77.2	 58.7	 19.1	 0.273	18.946	 5.100
  549.4	 51.0	 62.1	 25.4	 20.5	 18.3	 77.2	 58.7	 19.2	 0.277	19.069	 5.080
  550.3	 51.0	 62.1	 25.4	 20.6	 17.7	 77.3	 58.8	 19.2	 0.270	19.171	 5.100
  551.2	 51.0	 62.1	 25.4	 20.6	 17.4	 77.2	 58.7	 19.3	 0.270	19.008	 5.100
  552.1	 51.0	 62.1	 25.3	 20.6	 17.3	 77.2	 58.7	 19.3	 0.285	18.844	 5.100
  553.0	 51.0	 62.0	 25.2	 20.6	 17.2	 77.2	 58.8	 19.3	 0.270	18.885	 5.121
  553.9	 51.0	 62.1	 25.2	 20.7	 17.1	 77.2	 58.7	 19.3	 0.279	18.967	 5.100
  554.8	 50.9	 62.0	 25.1	 20.6	 17.1	 77.1	 58.7	 19.3	 0.278	19.110	 5.121
  555.7	 50.9	 62.0	 25.1	 20.7	 17.0	 77.1	 58.7	 19.3	 0.278	19.130	 5.121
  556.6	 50.9	 62.1	 25.2	 20.7	 17.0	 77.0	 58.7	 19.3	 0.276	18.987	 5.121
  557.5	 50.9	 62.1	 25.2	 20.6	 16.9	 77.0	 58.7	 19.3	 0.277	18.905	 5.121
  558.4	 50.9	 62.1	 25.4	 20.6	 16.8	 76.9	 58.6	 19.2	 0.266	18.987	 5.100
  559.3	 50.9	 62.1	 25.4	 20.7	 16.8	 76.9	 58.6	 19.2	 0.279	19.049	 5.100
  560.2	 50.9	 62.1	 25.0	 20.6	 16.8	 76.9	 58.6	 19.2	 0.269	19.130	 5.080
  561.1	 50.9	 62.1	 24.9	 20.6	 16.8	 76.9	 58.5	 19.2	 0.275	19.049	 5.080
  562.0	 50.9	 62.1	 24.5	 20.6	 16.8	 76.9	 58.5	 19.1	 0.280	18.885	 5.060
  562.9	 50.9	 62.1	 24.5	 20.6	 16.9	 77.0	 58.4	 19.1	 0.267	18.987	 5.060
  563.8	 50.9	 62.1	 24.4	 20.6	 16.9	 77.0	 58.4	 19.1	 0.272	18.844	 5.039
  564.7	 50.9	 62.1	 24.6	 20.6	 16.9	 76.9	 58.4	 19.1	 0.280	18.926	 5.080
  565.6	 50.8	 62.1	 25.1	 20.6	 16.9	 76.9	 58.3	 19.1	 0.268	19.049	 5.060
  566.5	 50.9	 62.1	 25.0	 20.6	 16.8	 76.9	 58.3	 19.1	 0.276	19.130	 5.039
  567.4	 50.9	 62.1	 25.1	 20.6	 16.8	 76.9	 58.3	 19.1	 0.262	18.824	 5.060
  568.3	 50.8	 62.1	 25.2	 20.5	 16.8	 76.8	 58.3	 19.0	 0.271	18.946	 5.060
  569.1	 50.8	 62.1	 25.0	 20.5	 16.7	 76.7	 58.2	 19.0	 0.276	19.049	 5.039
  570.0	 50.8	 62.1	 25.3	 20.5	 16.7	 76.7	 58.2	 19.0	 0.269	19.110	 5.039
  571.0	 50.8	 62.1	 25.4	 20.5	 16.7	 76.7	 58.2	 18.9	 0.284	19.151	 5.039
  571.9	 50.7	 62.1	 25.3	 20.4	 16.7	 76.5	 58.1	 18.9	 0.274	18.967	 5.039
  572.8	 50.7	 62.1	 24.6	 20.4	 16.7	 76.5	 58.0	 18.8	 0.285	19.049	 5.019
  573.7	 50.7	 62.0	 24.8	 20.4	 16.7	 76.5	 58.0	 18.8	 0.271	18.967	 5.019
  574.6	 50.7	 62.0	 24.7	 20.4	 16.7	 76.4	 57.9	 18.8	 0.277	18.946	 5.019
  575.6	 50.7	 62.0	 24.8	 20.4	 16.7	 76.4	 57.9	 18.8	 0.268	18.926	 5.039
  576.5	 50.6	 62.0	 24.8	 20.4	 16.7	 76.5	 57.9	 18.8	 0.281	19.090	 5.019
  577.4	 50.6	 62.0	 25.3	 20.4	 16.7	 76.5	 57.8	 18.7	 0.274	19.151	 5.019
  578.4	 50.6	 62.0	 24.9	 20.4	 16.8	 76.5	 57.8	 18.6	 0.267	19.069	 5.019
  579.3	 50.7	 62.0	 25.1	 20.4	 16.9	 76.5	 57.7	 18.6	 0.268	19.049	 5.019
  580.2	 50.7	 62.0	 25.1	 20.5	 17.0	 76.5	 57.7	 18.6	 0.271	19.049	 5.019
  581.2	 50.6	 62.0	 25.2	 20.4	 17.1	 76.5	 57.7	 18.5	 0.278	19.008	 4.998
  582.1	 50.7	 62.0	 25.1	 20.4	 17.3	 76.5	 57.7	 18.5	 0.279	19.110	 4.998
  583.0	 50.6	 62.0	 25.0	 20.4	 17.5	 76.6	 57.7	 18.5	 0.266	18.885	 4.998
  583.9	 50.6	 62.0	 25.1	 20.4	 17.7	 76.5	 57.6	 18.5	 0.275	19.049	 4.998
  584.8	 50.6	 61.9	 24.9	 20.4	 17.8	 76.5	 57.6	 18.5	 0.275	18.967	 5.039
  585.7	 50.6	 61.9	 24.8	 20.4	 17.9	 76.5	 57.6	 18.4	 0.273	18.885	 4.978
  586.6	 50.6	 61.9	 24.8	 20.4	 18.1	 76.5	 57.6	 18.4	 0.275	19.069	 4.978
  587.5	 50.6	 61.9	 24.8	 20.3	 18.3	 76.6	 57.5	 18.4	 0.272	18.885	 4.978
  588.4	 50.5	 61.9	 24.8	 20.3	 18.4	 76.6	 57.5	 18.3	 0.278	18.824	 4.978
  589.3	 50.5	 61.9	 24.9	 20.3	 18.5	 76.6	 57.6	 18.3	 0.269	19.049	 4.957
  590.2	 50.5	 61.9	 25.0	 20.3	 18.7	 76.6	 57.5	 18.3	 0.279	18.885	 4.978
  591.2	 50.5	 61.9	 25.2	 20.2	 18.8	 76.6	 57.5	 18.3	 0.275	18.865	 4.957
  592.1	 50.5	 61.9	 25.1	 20.2	 18.9	 76.7	 57.5	 18.2	 0.269	19.028	 4.978
  593.0	 50.5	 61.9	 25.1	 20.2	 19.0	 76.6	 57.4	 18.2	 0.269	18.844	 4.978
  593.9	 50.5	 61.9	 25.1	 20.2	 19.1	 76.7	 57.4	 18.2	 0.273	18.844	 4.978
  594.8	 50.5	 61.9	 24.5	 20.2	 19.2	 76.6	 57.4	 18.2	 0.269	18.946	 4.937
  595.7	 50.5	 61.9	 24.2	 20.2	 19.3	 76.7	 57.4	 18.2	 0.277	19.069	 4.957
  596.6	 50.5	 61.8	 24.3	 20.2	 19.4	 76.8	 57.4	 18.2	 0.284	18.987	 4.937
  597.5	 50.5	 61.8	 24.7	 20.1	 19.5	 76.8	 57.4	 18.1	 0.278	18.865	 4.937
  598.4	 50.4	 61.8	 24.5	 20.1	 19.6	 76.8	 57.5	 18.2	 0.272	19.028	 4.937
  599.3	 50.4	 61.8	 24.9	 20.1	 19.6	 76.8	 57.5	 18.1	 0.272	18.742	 4.937
  600.2	 50.4	 61.8	 25.0	 20.2	 19.7	 76.8	 57.5	 18.1	 0.276	18.762	 4.937
  601.1	 50.4	 61.7	 25.0	 20.2	 19.8	 76.9	 57.5	 18.1	 0.280	19.008	 4.937
  601.9	 50.4	 61.7	 25.2	 20.2	 19.8	 76.9	 57.5	 18.1	 0.277	18.721	 4.957
  602.8	 50.4	 61.7	 24.9	 20.2	 20.0	 76.9	 57.5	 18.1	 0.279	18.824	 4.957
  603.7	 50.4	 61.7	 25.0	 20.2	 20.0	 77.0	 57.5	 18.1	 0.268	18.803	 4.937
  604.6	 50.4	 61.7	 25.0	 20.2	 20.0	 77.0	 57.6	 18.2	 0.275	18.926	 4.937
  605.5	 50.4	 61.7	 24.7	 20.2	 20.1	 77.0	 57.6	 18.2	 0.270	18.742	 4.957
  606.4	 50.4	 61.6	 24.8	 20.3	 20.2	 77.0	 57.7	 18.2	 0.271	18.905	 4.957
  607.3	 50.4	 61.6	 25.1	 20.3	 20.2	 77.0	 57.7	 18.2	 0.279	18.865	 4.957
  608.2	 50.4	 61.6	 25.2	 20.4	 20.2	 77.0	 57.7	 18.2	 0.273	18.762	 4.978
  609.1	 50.4	 61.6	 25.4	 20.3	 20.3	 77.0	 57.8	 18.2	 0.273	18.701	 4.978
  610.0	 50.4	 61.6	 25.3	 20.4	 20.3	 76.9	 57.8	 18.3	 0.271	18.844	 4.978
  610.8	 50.4	 61.6	 24.9	 20.4	 20.4	 76.9	 57.8	 18.3	 0.277	18.803	 4.998
  611.7	 50.3	 61.6	 25.2	 20.4	 20.4	 76.9	 57.8	 18.3	 0.278	18.967	 4.998
  612.6	 50.3	 61.6	 25.5	 20.4	 20.5	 76.9	 57.9	 18.3	 0.275	18.640	 4.998
  613.5	 50.3	 61.6	 25.7	 20.4	 20.5	 76.8	 57.9	 18.3	 0.279	18.762	 4.998
  614.3	 50.3	 61.6	 25.7	 20.4	 20.5	 76.8	 57.9	 18.4	 0.271	18.680	 4.998
  615.2	 50.3	 61.6	 25.2	 20.5	 20.6	 76.9	 58.0	 18.4	 0.266	18.660	 4.998
  616.1	 50.3	 61.6	 25.0	 20.4	 20.6	 77.0	 58.0	 18.4	 0.273	18.803	 5.019
  617.0	 50.3	 61.6	 25.0	 20.5	 20.6	 76.9	 58.0	 18.4	 0.277	18.926	 4.998
  617.8	 50.3	 61.5	 25.3	 20.5	 20.6	 76.9	 58.0	 18.4	 0.274	18.885	 5.019
  618.7	 50.3	 61.5	 25.1	 20.5	 20.7	 76.9	 58.1	 18.5	 0.271	18.701	 5.019
  619.6	 50.3	 61.5	 24.9	 20.5	 20.7	 76.8	 58.1	 18.5	 0.273	18.701	 5.019
  620.5	 50.3	 61.5	 24.8	 20.5	 20.7	 76.9	 58.1	 18.5	 0.272	18.640	 5.039
  621.3	 50.3	 61.5	 25.0	 20.5	 20.8	 76.9	 58.1	 18.5	 0.267	18.803	 5.019
  622.2	 50.3	 61.5	 25.0	 20.5	 20.8	 77.0	 58.1	 18.6	 0.270	18.844	 5.039
  623.1	 50.2	 61.5	 25.0	 20.5	 20.8	 77.0	 58.1	 18.6	 0.281	18.967	 5.039
  624.0	 50.2	 61.5	 25.0	 20.5	 20.8	 77.1	 58.1	 18.6	 0.277	18.599	 5.039
  624.8	 50.2	 61.5	 25.1	 20.5	 20.8	 77.1	 58.1	 18.6	 0.277	18.701	 5.060
  625.7	 50.2	 61.5	 25.1	 20.6	 20.8	 77.1	 58.1	 18.7	 0.278	18.619	 5.060
  626.6	 50.2	 61.4	 25.5	 20.5	 20.8	 77.1	 58.1	 18.7	 0.274	18.824	 5.039
  627.5	 50.1	 61.4	 25.3	 20.6	 20.8	 77.1	 58.1	 18.7	 0.273	18.762	 5.039
  628.3	 50.1	 61.4	 25.2	 20.6	 20.8	 77.1	 58.1	 18.7	 0.271	18.926	 5.039
  629.2	 50.1	 61.4	 24.9	 20.6	 20.7	 77.1	 58.2	 18.7	 0.278	18.599	 5.039
  630.1	 50.1	 61.4	 25.0	 20.6	 20.7	 77.1	 58.2	 18.8	 0.275	18.619	 5.039
  630.9	 50.1	 61.4	 25.0	 20.6	 20.6	 77.1	 58.2	 18.8	 0.279	18.578	 5.039
  631.8	 50.1	 61.4	 25.2	 20.6	 20.5	 77.1	 58.1	 18.8	 0.274	18.721	 5.039
  632.6	 50.1	 61.3	 25.0	 20.6	 20.5	 77.1	 58.2	 18.9	 0.271	18.824	 5.019
  633.5	 50.1	 61.3	 24.9	 20.7	 20.4	 77.1	 58.1	 18.9	 0.282	18.537	 5.060
  634.4	 50.0	 61.3	 24.8	 20.7	 20.2	 77.1	 58.2	 18.9	 0.278	18.578	 5.060
  635.2	 50.0	 61.3	 24.9	 20.7	 20.1	 77.1	 58.2	 19.0	 0.275	18.558	 5.080
  636.1	 50.0	 61.3	 24.8	 20.7	 20.0	 77.1	 58.2	 19.0	 0.279	18.865	 5.080
  636.9	 50.0	 61.3	 25.0	 20.8	 19.6	 77.1	 58.2	 19.1	 0.277	18.742	 5.100
  637.8	 50.0	 61.2	 25.2	 20.7	 19.4	 77.1	 58.2	 19.1	 0.269	18.742	 5.080
  638.6	 50.0	 61.2	 25.3	 20.7	 19.1	 77.1	 58.2	 19.1	 0.276	18.578	 5.100
  639.5	 50.0	 61.2	 25.3	 20.8	 19.0	 77.1	 58.2	 19.1	 0.276	18.578	 5.100
  640.3	 50.0	 61.2	 25.4	 20.8	 18.7	 77.0	 58.2	 19.2	 0.272	18.517	 5.100
  641.2	 50.0	 61.2	 25.5	 20.8	 17.8	 77.1	 58.2	 19.2	 0.272	18.824	 5.100
  642.0	 50.0	 61.2	 25.5	 20.7	 17.4	 77.0	 58.3	 19.2	 0.282	18.803	 5.100
  642.9	 50.0	 61.2	 25.5	 20.7	 17.2	 77.0	 58.2	 19.2	 0.274	18.844	 5.100
  643.8	 50.0	 61.2	 25.3	 20.7	 17.0	 77.0	 58.2	 19.3	 0.278	18.701	 5.121
  644.6	 50.0	 61.2	 25.3	 20.8	 16.9	 77.0	 58.2	 19.3	 0.278	18.680	 5.121
  645.5	 50.0	 61.2	 25.1	 20.8	 16.8	 76.9	 58.2	 19.3	 0.279	18.517	 5.121
  646.3	 49.9	 61.2	 24.9	 20.7	 16.7	 76.9	 58.2	 19.3	 0.270	18.578	 5.121
  647.2	 49.9	 61.2	 24.9	 20.7	 16.7	 76.8	 58.2	 19.3	 0.269	18.599	 5.121
  648.0	 49.9	 61.2	 25.2	 20.7	 16.7	 76.8	 58.1	 19.3	 0.278	18.762	 5.121
  648.9	 49.9	 61.2	 25.4	 20.7	 16.7	 76.8	 58.1	 19.3	 0.281	18.844	 5.121
  649.8	 49.9	 61.2	 25.4	 20.7	 16.6	 76.8	 58.1	 19.2	 0.263	18.824	 5.080
  650.7	 49.9	 61.2	 25.1	 20.7	 16.6	 76.8	 58.1	 19.2	 0.269	18.885	 5.080
  651.6	 49.9	 61.2	 24.8	 20.7	 16.6	 76.7	 58.0	 19.2	 0.268	18.599	 5.080
  652.4	 49.9	 61.2	 24.5	 20.7	 16.6	 76.7	 57.9	 19.1	 0.276	18.599	 5.080
  653.3	 49.9	 61.2	 24.2	 20.7	 16.6	 76.7	 57.9	 19.1	 0.266	18.701	 5.080
  654.2	 49.9	 61.2	 24.4	 20.6	 16.6	 76.7	 57.9	 19.1	 0.273	18.865	 5.080
  655.1	 49.8	 61.2	 24.9	 20.6	 16.5	 76.7	 57.9	 19.1	 0.282	18.803	 5.080
  656.0	 49.8	 61.2	 25.2	 20.7	 16.5	 76.8	 57.9	 19.1	 0.272	18.660	 5.060
  656.9	 49.8	 61.3	 25.5	 20.6	 16.5	 76.8	 57.8	 19.0	 0.271	18.640	 5.080
  657.7	 49.8	 61.3	 25.8	 20.6	 16.5	 76.8	 57.8	 19.0	 0.267	18.619	 5.060
  658.6	 49.8	 61.2	 25.8	 20.5	 16.4	 76.6	 57.7	 19.0	 0.271	18.640	 5.060
  659.5	 49.8	 61.2	 25.2	 20.6	 16.4	 76.7	 57.7	 19.0	 0.273	18.762	 5.060
  660.4	 49.8	 61.2	 25.0	 20.5	 16.4	 76.7	 57.6	 18.9	 0.273	18.803	 5.039
  661.3	 49.8	 61.3	 24.9	 20.5	 16.3	 76.6	 57.5	 18.9	 0.274	18.905	 5.060
  662.1	 49.8	 61.2	 25.0	 20.6	 16.3	 76.6	 57.5	 18.8	 0.270	18.865	 5.039
  663.0	 49.8	 61.2	 24.9	 20.5	 16.3	 76.6	 57.4	 18.8	 0.278	18.824	 5.039
  663.9	 49.8	 61.2	 25.3	 20.5	 16.2	 76.5	 57.4	 18.8	 0.271	18.783	 5.039
  664.8	 49.8	 61.2	 25.5	 20.5	 16.2	 76.6	 57.4	 18.7	 0.273	18.742	 5.039
  665.7	 49.8	 61.2	 25.6	 20.5	 16.2	 76.6	 57.3	 18.7	 0.272	18.721	 5.039
  666.5	 49.8	 61.3	 25.6	 20.5	 16.2	 76.6	 57.3	 18.6	 0.275	18.640	 5.019
  667.4	 49.8	 61.3	 25.6	 20.5	 16.2	 76.6	 57.3	 18.6	 0.274	18.599	 5.039
  668.3	 49.7	 61.2	 25.4	 20.5	 16.1	 76.6	 57.2	 18.6	 0.270	18.680	 5.039
  669.2	 49.7	 61.2	 25.1	 20.5	 16.2	 76.6	 57.2	 18.5	 0.279	18.680	 5.019
  670.1	 49.7	 61.2	 25.0	 20.4	 16.2	 76.5	 57.1	 18.5	 0.279	18.885	 5.019
  670.9	 49.7	 61.2	 24.9	 20.4	 16.3	 76.5	 57.1	 18.4	 0.273	18.824	 4.998
  671.8	 49.7	 61.2	 25.1	 20.4	 16.3	 76.4	 57.1	 18.4	 0.276	18.803	 5.019
  672.7	 49.7	 61.2	 25.3	 20.4	 16.5	 76.4	 57.0	 18.4	 0.265	18.619	 4.998
  673.5	 49.7	 61.2	 25.4	 20.4	 16.6	 76.4	 57.0	 18.3	 0.267	18.783	 4.998
  674.4	 49.7	 61.2	 25.5	 20.4	 16.7	 76.4	 56.9	 18.3	 0.270	18.803	 4.978
  675.3	 49.7	 61.2	 25.4	 20.4	 17.0	 76.4	 56.9	 18.2	 0.278	18.619	 4.998
  676.1	 49.7	 61.2	 25.6	 20.4	 17.1	 76.5	 56.9	 18.2	 0.279	18.742	 4.978
  677.0	 49.7	 61.2	 25.7	 20.4	 17.4	 76.5	 56.8	 18.2	 0.272	18.844	 4.957
  677.8	 49.7	 61.2	 25.6	 20.4	 17.5	 76.5	 56.8	 18.1	 0.275	18.640	 4.957
  678.7	 49.7	 61.1	 25.6	 20.3	 17.7	 76.6	 56.8	 18.1	 0.276	18.701	 4.937
  679.6	 49.6	 61.2	 25.4	 20.4	 17.9	 76.6	 56.8	 18.1	 0.275	18.783	 4.957
  680.4	 49.7	 61.1	 25.4	 20.3	 18.1	 76.6	 56.8	 18.0	 0.271	18.619	 4.957
  681.3	 49.6	 61.1	 25.3	 20.3	 18.2	 76.6	 56.7	 18.0	 0.275	18.660	 4.937
  682.2	 49.6	 61.1	 25.4	 20.3	 18.5	 76.6	 56.7	 18.0	 0.276	18.865	 4.937
  683.0	 49.6	 61.1	 25.3	 20.3	 18.6	 76.7	 56.7	 17.9	 0.279	18.640	 4.937
  683.9	 49.6	 61.1	 25.2	 20.2	 18.8	 76.7	 56.6	 17.9	 0.276	18.619	 4.917
  684.8	 49.6	 61.1	 25.0	 20.3	 18.9	 76.7	 56.7	 17.8	 0.274	18.783	 4.917
  685.6	 49.6	 61.1	 24.9	 20.2	 19.0	 76.8	 56.6	 17.8	 0.280	18.578	 4.978
  686.5	 49.6	 61.0	 25.2	 20.3	 19.2	 76.8	 56.7	 17.8	 0.277	18.558	 4.917
  687.4	 49.6	 61.0	 25.1	 20.3	 19.2	 76.8	 56.7	 17.8	 0.274	18.721	 4.917
  688.2	 49.5	 61.0	 25.1	 20.3	 19.3	 76.8	 56.7	 17.8	 0.272	18.537	 4.917
  689.1	 49.5	 61.0	 25.0	 20.4	 19.5	 76.9	 56.7	 17.8	 0.273	18.476	 4.917
  689.9	 49.5	 60.9	 25.0	 20.4	 19.5	 76.9	 56.7	 17.8	 0.277	18.762	 4.917
  690.8	 49.5	 60.9	 25.1	 20.4	 19.7	 76.9	 56.8	 17.8	 0.272	18.517	 4.917
  691.7	 49.5	 60.9	 24.9	 20.4	 19.7	 76.9	 56.8	 17.8	 0.271	18.721	 4.917
  692.6	 49.5	 60.9	 25.2	 20.4	 19.8	 76.9	 56.8	 17.8	 0.270	18.435	 4.917
  693.5	 49.5	 60.9	 25.2	 20.4	 19.9	 76.9	 56.8	 17.8	 0.277	18.415	 4.917
  694.4	 49.5	 60.8	 25.1	 20.4	 20.0	 77.0	 56.9	 17.8	 0.271	18.496	 4.937
  695.3	 49.5	 60.8	 25.0	 20.4	 20.1	 77.0	 56.9	 17.8	 0.270	18.517	 4.917
  696.1	 49.5	 60.8	 24.9	 20.4	 20.2	 77.0	 56.9	 17.9	 0.271	18.456	 4.937
  697.0	 49.5	 60.8	 25.0	 20.5	 20.2	 77.0	 57.0	 17.9	 0.282	18.619	 4.937
  697.9	 49.4	 60.7	 25.2	 20.5	 20.3	 77.1	 57.0	 17.9	 0.275	18.640	 4.937
  698.8	 49.4	 60.7	 25.2	 20.5	 20.3	 77.1	 57.0	 17.9	 0.273	18.578	 4.957
  699.7	 49.4	 60.7	 25.1	 20.5	 20.4	 77.1	 57.1	 18.0	 0.267	18.312	 4.978
  700.6	 49.4	 60.7	 25.1	 20.5	 20.5	 77.1	 57.2	 18.0	 0.271	18.353	 4.978
  701.4	 49.4	 60.7	 25.2	 20.6	 20.5	 77.1	 57.2	 18.0	 0.271	18.476	 4.978
  702.3	 49.4	 60.7	 25.1	 20.6	 20.6	 77.1	 57.2	 18.1	 0.280	18.537	 4.998
  703.2	 49.4	 60.7	 25.2	 20.6	 20.7	 77.1	 57.2	 18.1	 0.273	18.312	 4.998
  704.1	 49.4	 60.7	 25.3	 20.6	 20.7	 77.1	 57.3	 18.1	 0.280	18.456	 4.998
  704.9	 49.4	 60.6	 25.1	 20.6	 20.7	 77.0	 57.3	 18.1	 0.273	18.374	 4.998
  705.8	 49.4	 60.6	 25.3	 20.6	 20.7	 77.0	 57.3	 18.1	 0.276	18.558	 4.998
  706.7	 49.4	 60.6	 25.3	 20.6	 20.8	 76.9	 57.3	 18.1	 0.273	18.496	 5.019
  707.6	 49.3	 60.6	 25.0	 20.6	 20.8	 76.9	 57.4	 18.2	 0.281	18.660	 5.019
  708.4	 49.3	 60.6	 25.3	 20.6	 20.9	 77.0	 57.4	 18.2	 0.283	18.415	 5.019
  709.3	 49.4	 60.6	 25.5	 20.6	 20.9	 77.0	 57.4	 18.3	 0.275	18.537	 5.019
  710.2	 49.4	 60.6	 25.7	 20.6	 20.9	 77.0	 57.4	 18.3	 0.274	18.394	 5.039
  711.1	 49.3	 60.6	 25.7	 20.6	 21.0	 77.0	 57.5	 18.3	 0.272	18.456	 5.039
  711.9	 49.3	 60.6	 25.5	 20.6	 21.0	 77.0	 57.4	 18.3	 0.279	18.476	 5.039
  712.8	 49.3	 60.6	 25.4	 20.6	 21.0	 76.9	 57.4	 18.4	 0.280	18.537	 5.039
  713.7	 49.3	 60.6	 25.5	 20.6	 21.0	 77.0	 57.4	 18.4	 0.283	18.435	 5.039
  714.6	 49.3	 60.6	 25.4	 20.6	 21.1	 77.0	 57.5	 18.5	 0.278	18.558	 5.060
  715.4	 49.3	 60.6	 25.9	 20.7	 21.1	 77.1	 57.5	 18.5	 0.278	18.333	 5.060
  716.3	 49.3	 60.5	 25.9	 20.7	 21.1	 77.1	 57.6	 18.5	 0.276	18.312	 5.060
  717.2	 49.2	 60.5	 25.9	 20.6	 21.1	 77.1	 57.6	 18.6	 0.266	18.394	 5.060
  718.1	 49.2	 60.5	 25.6	 20.6	 21.2	 77.2	 57.6	 18.6	 0.269	18.558	 5.060
  718.9	 49.2	 60.5	 25.5	 20.7	 21.1	 77.2	 57.6	 18.6	 0.279	18.537	 5.060
  719.8	 49.2	 60.5	 25.4	 20.7	 21.1	 77.2	 57.6	 18.6	 0.274	18.537	 5.060
  720.7	 49.2	 60.5	 25.5	 20.7	 21.1	 77.1	 57.6	 18.7	 0.265	18.292	 5.060
  721.5	 49.2	 60.5	 25.5	 20.7	 21.1	 77.1	 57.6	 18.7	 0.273	18.312	 5.080
  722.4	 49.2	 60.5	 25.4	 20.6	 21.0	 77.1	 57.5	 18.7	 0.274	18.599	 5.080
  723.2	 49.2	 60.5	 25.6	 20.7	 21.0	 77.1	 57.5	 18.7	 0.272	18.292	 5.080
  724.1	 49.2	 60.5	 25.8	 20.7	 21.0	 77.1	 57.5	 18.8	 0.274	18.415	 5.060
  724.9	 49.2	 60.5	 25.8	 20.7	 20.9	 77.2	 57.6	 18.8	 0.273	18.517	 5.060
  725.8	 49.2	 60.5	 26.0	 20.7	 20.8	 77.2	 57.6	 18.8	 0.266	18.599	 5.060
  726.6	 49.2	 60.5	 25.6	 20.8	 20.6	 77.2	 57.6	 18.9	 0.267	18.312	 5.080
  727.5	 49.2	 60.5	 25.5	 20.7	 20.6	 77.1	 57.6	 18.9	 0.279	18.599	 5.080
  728.3	 49.2	 60.5	 25.5	 20.8	 20.5	 77.2	 57.6	 19.0	 0.271	18.496	 5.100
  729.2	 49.1	 60.4	 25.2	 20.8	 20.3	 77.2	 57.6	 19.0	 0.272	18.353	 5.100
  730.0	 49.1	 60.5	 25.1	 20.8	 20.2	 77.2	 57.6	 19.1	 0.273	18.578	 5.100
  730.9	 49.1	 60.4	 25.2	 20.8	 20.1	 77.1	 57.7	 19.1	 0.274	18.456	 5.100
  731.7	 49.1	 60.4	 25.4	 20.8	 19.9	 77.1	 57.7	 19.2	 0.277	18.374	 5.121
  732.6	 49.1	 60.4	 25.4	 20.9	 19.7	 77.0	 57.6	 19.2	 0.276	18.456	 5.121
  733.4	 49.1	 60.4	 25.5	 20.9	 19.4	 77.0	 57.6	 19.2	 0.276	18.353	 5.121
  734.3	 49.1	 60.4	 25.6	 20.9	 18.6	 76.9	 57.6	 19.2	 0.268	18.415	 5.100
  735.2	 49.1	 60.4	 25.7	 20.9	 17.9	 77.0	 57.6	 19.3	 0.274	18.517	 5.121
  736.1	 49.1	 60.4	 25.5	 20.9	 17.1	 76.9	 57.6	 19.3	 0.279	18.415	 5.141
  736.9	 49.1	 60.4	 25.5	 21.0	 17.0	 76.9	 57.7	 19.3	 0.273	18.271	 5.162
  737.8	 49.1	 60.4	 25.6	 21.0	 17.0	 77.0	 57.7	 19.4	 0.278	18.517	 5.141
  738.6	 49.1	 60.4	 25.0	 21.0	 16.9	 77.0	 57.6	 19.4	 0.278	18.496	 5.141
  739.5	 49.1	 60.4	 24.9	 21.0	 16.9	 77.0	 57.6	 19.4	 0.266	18.496	 5.141
  740.4	 49.0	 60.4	 25.1	 20.9	 16.8	 76.9	 57.6	 19.3	 0.273	18.394	 5.121
  741.2	 49.0	 60.4	 25.7	 20.9	 16.8	 76.9	 57.6	 19.3	 0.276	18.353	 5.141
  742.1	 49.0	 60.4	 25.6	 20.9	 16.7	 76.9	 57.5	 19.3	 0.279	18.558	 5.121
  743.0	 49.0	 60.4	 25.1	 20.9	 16.7	 76.9	 57.5	 19.3	 0.276	18.435	 5.141
  743.8	 49.0	 60.4	 25.1	 20.9	 16.7	 76.9	 57.5	 19.3	 0.273	18.374	 5.141
  744.7	 49.0	 60.4	 25.2	 20.8	 16.7	 76.9	 57.5	 19.3	 0.280	18.558	 5.121
  745.5	 49.0	 60.4	 25.5	 20.8	 16.7	 76.9	 57.5	 19.2	 0.272	18.619	 5.121
  746.4	 49.0	 60.4	 25.6	 20.8	 16.7	 76.9	 57.4	 19.2	 0.273	18.456	 5.121
  747.3	 49.0	 60.4	 25.2	 20.8	 16.6	 76.8	 57.3	 19.1	 0.274	18.353	 5.100
  748.1	 49.0	 60.4	 25.3	 20.8	 16.7	 76.8	 57.2	 19.1	 0.269	18.599	 5.100
  749.0	 49.0	 60.4	 25.5	 20.8	 16.6	 76.7	 57.2	 19.0	 0.273	18.517	 5.100
  749.9	 49.0	 60.4	 25.0	 20.8	 16.6	 76.7	 57.2	 19.0	 0.278	18.435	 5.100
  750.7	 49.0	 60.4	 25.1	 20.8	 16.6	 76.7	 57.1	 19.0	 0.275	18.496	 5.100
  751.6	 48.9	 60.4	 25.1	 20.8	 16.6	 76.7	 57.1	 19.0	 0.273	18.578	 5.100
  752.4	 48.9	 60.4	 24.7	 20.8	 16.5	 76.7	 57.1	 19.0	 0.271	18.394	 5.080
  753.3	 48.9	 60.4	 24.4	 20.7	 16.5	 76.7	 57.0	 18.9	 0.280	18.640	 5.203
  754.1	 48.9	 60.5	 24.9	 20.7	 16.5	 76.7	 57.0	 18.9	 0.274	18.578	 5.100
  755.0	 48.9	 60.5	 24.6	 20.7	 16.4	 76.7	 56.9	 18.9	 0.278	18.374	 5.100
  755.8	 48.9	 60.5	 25.1	 20.7	 16.4	 76.7	 56.9	 18.9	 0.278	18.456	 5.080
  756.7	 48.9	 60.5	 24.7	 20.7	 16.4	 76.7	 56.9	 18.8	 0.275	18.496	 5.080
  757.5	 48.9	 60.5	 24.4	 20.7	 16.4	 76.7	 56.8	 18.8	 0.266	18.537	 5.080
  758.4	 48.9	 60.5	 24.3	 20.6	 16.4	 76.6	 56.8	 18.8	 0.273	18.537	 5.080
  759.2	 48.9	 60.5	 24.7	 20.6	 16.3	 76.5	 56.8	 18.7	 0.272	18.476	 5.080
  760.1	 48.9	 60.5	 24.6	 20.6	 16.3	 76.5	 56.7	 18.7	 0.277	18.394	 5.060
  760.9	 48.9	 60.5	 24.9	 20.6	 16.4	 76.5	 56.6	 18.6	 0.279	18.517	 5.060
  761.8	 48.9	 60.5	 25.2	 20.5	 16.4	 76.5	 56.6	 18.6	 0.275	18.619	 5.039
  762.6	 48.9	 60.4	 25.1	 20.5	 16.5	 76.5	 56.6	 18.6	 0.273	18.415	 5.039
  763.5	 48.9	 60.5	 25.3	 20.5	 16.6	 76.5	 56.5	 18.5	 0.271	18.456	 5.019
  764.4	 48.8	 60.5	 25.0	 20.5	 16.8	 76.5	 56.5	 18.5	 0.269	18.456	 5.060
  765.3	 48.8	 60.5	 24.8	 20.5	 16.9	 76.6	 56.5	 18.4	 0.277	18.353	 5.039
  766.2	 48.8	 60.5	 24.7	 20.4	 17.1	 76.6	 56.5	 18.4	 0.267	18.456	 5.019
  767.0	 48.8	 60.5	 25.4	 20.4	 17.3	 76.6	 56.4	 18.4	 0.276	18.435	 5.019
  767.9	 48.8	 60.5	 25.5	 20.4	 17.5	 76.7	 56.4	 18.3	 0.277	18.476	 5.162
  768.8	 48.8	 60.5	 25.6	 20.3	 17.7	 76.7	 56.4	 18.3	 0.282	18.537	 4.978
  769.7	 48.8	 60.4	 25.7	 20.3	 17.9	 76.7	 56.4	 18.2	 0.273	18.660	 4.978
  770.6	 48.8	 60.5	 25.4	 20.3	 18.0	 76.7	 56.4	 18.2	 0.270	18.619	 4.978
  771.5	 48.8	 60.5	 25.2	 20.3	 18.2	 76.7	 56.3	 18.2	 0.269	18.476	 4.957
  772.4	 48.8	 60.4	 24.9	 20.3	 18.3	 76.7	 56.3	 18.1	 0.277	18.312	 4.957
  773.3	 48.8	 60.4	 25.1	 20.3	 18.5	 76.8	 56.3	 18.1	 0.280	18.374	 4.957
  774.2	 48.8	 60.4	 25.2	 20.2	 18.7	 76.8	 56.3	 18.0	 0.275	18.435	 4.937
  775.1	 48.8	 60.4	 25.6	 20.2	 18.9	 76.9	 56.3	 18.0	 0.278	18.476	 5.060
  776.0	 48.8	 60.4	 25.6	 20.2	 19.0	 77.0	 56.3	 18.0	 0.276	18.517	 4.937
  776.9	 48.8	 60.4	 25.6	 20.2	 19.1	 77.0	 56.3	 18.0	 0.273	18.578	 4.937
  777.8	 48.8	 60.4	 25.2	 20.2	 19.3	 77.0	 56.3	 18.0	 0.279	18.333	 4.957
  778.7	 48.8	 60.3	 25.3	 20.2	 19.4	 77.0	 56.3	 18.0	 0.278	18.271	 4.957
  779.6	 48.8	 60.3	 25.4	 20.3	 19.5	 77.0	 56.3	 17.9	 0.273	18.210	 4.937
  780.5	 48.8	 60.3	 25.5	 20.3	 19.6	 77.0	 56.3	 17.9	 0.271	18.312	 4.957
  781.4	 48.8	 60.3	 25.5	 20.3	 19.7	 77.1	 56.3	 17.9	 0.277	18.537	 4.917
  782.3	 48.8	 60.3	 25.4	 20.4	 19.8	 77.1	 56.3	 17.9	 0.281	18.435	 4.917
  783.3	 48.8	 60.3	 25.6	 20.4	 19.9	 77.1	 56.4	 18.0	 0.274	18.415	 4.937
  784.2	 48.8	 60.2	 25.2	 20.4	 20.0	 77.1	 56.4	 17.9	 0.273	18.456	 4.937
  785.1	 48.8	 60.2	 25.2	 20.4	 20.1	 77.1	 56.4	 18.0	 0.275	18.231	 4.957
  786.0	 48.8	 60.2	 25.2	 20.5	 20.2	 77.2	 56.5	 18.0	 0.280	18.271	 4.957
  786.9	 48.7	 60.2	 25.5	 20.5	 20.2	 77.2	 56.5	 18.0	 0.282	18.353	 4.957
  787.9	 48.7	 60.2	 25.7	 20.5	 20.3	 77.2	 56.6	 18.0	 0.279	18.394	 4.978
  788.8	 48.8	 60.1	 25.7	 20.6	 20.4	 77.2	 56.6	 18.0	 0.275	18.333	 4.978
  789.7	 48.7	 60.1	 25.6	 20.6	 20.5	 77.3	 56.7	 18.1	 0.273	18.394	 4.998
  790.6	 48.7	 60.1	 25.1	 20.6	 20.5	 77.2	 56.6	 18.1	 0.279	18.476	 4.978
  791.5	 48.7	 60.1	 25.2	 20.5	 20.6	 77.2	 56.7	 18.1	 0.272	18.394	 4.978
  792.4	 48.7	 60.1	 25.3	 20.6	 20.6	 77.3	 56.7	 18.1	 0.276	18.128	 4.998
  793.4	 48.7	 60.0	 25.6	 20.6	 20.7	 77.2	 56.7	 18.1	 0.271	18.190	 5.019
  794.3	 48.7	 60.1	 25.5	 20.5	 20.7	 77.2	 56.8	 18.2	 0.274	18.271	 5.019
  795.2	 48.7	 60.0	 25.3	 20.5	 20.8	 77.2	 56.8	 18.2	 0.270	18.333	 4.998
  796.1	 48.7	 60.0	 25.2	 20.5	 20.8	 77.2	 56.8	 18.2	 0.270	18.169	 5.019
  797.0	 48.6	 60.0	 25.1	 20.5	 20.8	 77.2	 56.8	 18.2	 0.281	18.190	 5.019
  797.9	 48.6	 60.0	 25.0	 20.5	 20.9	 77.2	 56.9	 18.2	 0.272	18.456	 5.019
  798.8	 48.6	 60.0	 25.2	 20.5	 20.9	 77.2	 56.9	 18.3	 0.278	18.128	 5.039
  799.7	 48.6	 60.0	 25.2	 20.5	 20.9	 77.2	 56.9	 18.3	 0.277	18.333	 5.039
  800.6	 48.7	 60.0	 25.1	 20.5	 21.0	 77.3	 57.0	 18.3	 0.273	18.374	 5.019
  801.6	 48.6	 60.0	 25.0	 20.5	 21.0	 77.3	 57.0	 18.3	 0.276	18.353	 5.039
  802.5	 48.6	 60.0	 25.0	 20.6	 21.0	 77.2	 57.0	 18.4	 0.264	18.353	 5.039
  803.4	 48.6	 60.0	 24.7	 20.6	 21.0	 77.2	 57.0	 18.4	 0.280	18.210	 5.039
  804.3	 48.6	 60.0	 24.7	 20.6	 21.1	 77.3	 57.0	 18.4	 0.278	18.333	 5.039
  805.2	 48.6	 60.0	 24.8	 20.6	 21.1	 77.3	 57.1	 18.5	 0.274	18.251	 5.039
  806.1	 48.6	 60.0	 24.9	 20.7	 21.1	 77.3	 57.1	 18.5	 0.275	18.435	 5.182
  807.0	 48.6	 60.0	 24.9	 20.7	 21.1	 77.3	 57.1	 18.6	 0.277	18.251	 5.060
  807.9	 48.5	 59.9	 24.8	 20.7	 21.2	 77.3	 57.1	 18.6	 0.274	18.169	 5.080
  808.8	 48.5	 59.9	 24.8	 20.7	 21.2	 77.3	 57.1	 18.6	 0.280	18.353	 5.080
  809.7	 48.5	 59.9	 24.6	 20.7	 21.2	 77.3	 57.1	 18.6	 0.270	18.210	 5.060
  810.6	 48.5	 60.0	 24.7	 20.7	 21.2	 77.3	 57.1	 18.7	 0.276	18.128	 5.080
  811.5	 48.5	 60.0	 25.0	 20.7	 21.2	 77.3	 57.1	 18.7	 0.271	18.210	 5.243
  812.4	 48.6	 59.9	 25.5	 20.7	 21.2	 77.3	 57.1	 18.7	 0.277	18.169	 5.080
  813.3	 48.5	 59.9	 25.6	 20.7	 21.3	 77.3	 57.1	 18.8	 0.274	18.190	 5.100
  814.3	 48.5	 59.9	 25.4	 20.7	 21.2	 77.3	 57.1	 18.8	 0.273	18.190	 5.100
  815.2	 48.5	 59.9	 25.3	 20.7	 21.2	 77.3	 57.1	 18.8	 0.268	18.149	 5.121
  816.1	 48.5	 59.9	 25.1	 20.7	 21.1	 77.3	 57.1	 18.8	 0.268	18.210	 5.121
  817.0	 48.5	 59.9	 25.0	 20.7	 21.0	 77.3	 57.1	 18.8	 0.277	18.108	 5.121
  817.9	 48.5	 59.9	 24.8	 20.7	 21.0	 77.2	 57.1	 18.8	 0.269	18.292	 5.100
  818.8	 48.4	 59.9	 24.9	 20.7	 20.9	 77.3	 57.1	 18.9	 0.272	18.292	 5.100
  819.7	 48.4	 59.9	 25.2	 20.6	 20.8	 77.3	 57.1	 18.9	 0.273	18.374	 5.100
  820.6	 48.4	 59.9	 25.3	 20.7	 20.8	 77.3	 57.1	 18.9	 0.270	18.210	 5.100
  821.5	 48.4	 59.9	 25.3	 20.7	 20.8	 77.3	 57.1	 19.0	 0.278	18.292	 5.100
  822.4	 48.4	 59.9	 25.2	 20.7	 20.6	 77.4	 57.1	 19.0	 0.275	18.190	 5.100
  823.3	 48.4	 59.9	 25.4	 20.8	 20.5	 77.4	 57.1	 19.1	 0.270	18.128	 5.100
  824.2	 48.5	 59.9	 25.4	 20.7	 20.2	 77.4	 57.1	 19.1	 0.275	18.271	 5.100
  825.1	 48.5	 59.9	 25.3	 20.8	 20.0	 77.3	 57.1	 19.2	 0.267	18.128	 5.100
  826.1	 48.4	 59.9	 25.2	 20.8	 19.5	 77.3	 57.1	 19.2	 0.277	18.271	 5.100
  827.0	 48.4	 59.9	 25.4	 20.7	 19.1	 77.3	 57.1	 19.2	 0.273	18.190	 5.100
  827.9	 48.4	 59.9	 25.3	 20.7	 18.0	 77.2	 57.1	 19.2	 0.270	18.169	 5.121
  828.8	 48.4	 59.9	 25.3	 20.8	 17.5	 77.2	 57.1	 19.3	 0.271	18.149	 5.141
  829.8	 48.4	 59.8	 25.3	 20.8	 17.3	 77.2	 57.1	 19.3	 0.271	18.333	 5.141
  830.7	 48.4	 59.9	 25.1	 20.8	 17.2	 77.2	 57.1	 19.3	 0.270	18.251	 5.141
  831.6	 48.4	 59.8	 25.1	 20.8	 17.1	 77.1	 57.1	 19.3	 0.267	18.251	 5.141
  832.5	 48.4	 59.9	 25.1	 20.8	 17.0	 77.1	 57.1	 19.3	 0.271	18.271	 5.141
  833.4	 48.4	 59.9	 25.1	 20.8	 16.9	 77.2	 57.1	 19.4	 0.279	18.394	 5.141
  834.3	 48.4	 59.9	 24.9	 20.8	 16.9	 77.1	 57.1	 19.4	 0.277	18.374	 5.141
  835.3	 48.4	 59.9	 24.9	 20.9	 16.9	 77.0	 57.1	 19.3	 0.273	18.353	 5.121
  836.2	 48.3	 59.9	 24.5	 20.9	 16.8	 77.0	 57.1	 19.3	 0.280	18.415	 5.121
  837.1	 48.3	 59.9	 24.6	 20.9	 16.8	 77.0	 57.0	 19.3	 0.281	18.435	 5.121
  838.0	 48.4	 59.9	 24.7	 20.9	 16.8	 77.1	 57.0	 19.3	 0.273	18.149	 5.223
  838.9	 48.4	 59.9	 25.0	 20.9	 16.8	 77.1	 57.0	 19.3	 0.269	18.169	 5.121
  839.9	 48.4	 59.9	 25.0	 20.8	 16.7	 77.1	 57.0	 19.3	 0.274	18.271	 5.080
  840.8	 48.3	 59.9	 25.0	 20.8	 16.7	 77.1	 56.9	 19.3	 0.274	18.190	 5.100
  841.7	 48.3	 59.9	 25.0	 20.8	 16.7	 77.0	 56.9	 19.2	 0.274	18.149	 5.100
  842.6	 48.3	 59.9	 25.0	 20.8	 16.6	 77.0	 56.9	 19.2	 0.270	18.190	 5.121
  843.5	 48.3	 59.9	 25.1	 20.8	 16.6	 77.0	 56.8	 19.2	 0.280	18.374	 5.100
  844.3	 48.3	 59.9	 25.0	 20.8	 16.5	 77.0	 56.8	 19.1	 0.276	18.456	 5.100
  845.2	 48.3	 59.9	 24.9	 20.8	 16.5	 77.0	 56.8	 19.1	 0.281	18.456	 5.100
  846.1	 48.3	 59.9	 25.0	 20.8	 16.5	 76.9	 56.7	 19.1	 0.270	18.251	 5.100
  847.0	 48.3	 59.9	 24.9	 20.7	 16.5	 77.0	 56.6	 19.0	 0.263	18.169	 5.100
  847.9	 48.3	 59.9	 25.0	 20.8	 16.4	 76.9	 56.6	 19.0	 0.270	18.210	 5.100
  848.8	 48.3	 59.9	 25.1	 20.7	 16.4	 76.8	 56.6	 19.0	 0.279	18.456	 5.080
  849.6	 48.3	 59.9	 25.1	 20.7	 16.4	 76.7	 56.5	 18.9	 0.274	18.415	 5.080
  850.5	 48.3	 59.9	 24.7	 20.7	 16.4	 76.7	 56.5	 18.9	 0.270	18.415	 5.060
  851.4	 48.3	 60.0	 25.0	 20.7	 16.3	 76.7	 56.4	 18.9	 0.279	18.251	 5.080
  852.3	 48.3	 60.0	 25.2	 20.6	 16.3	 76.6	 56.4	 18.8	 0.275	18.210	 5.080
  853.2	 48.3	 60.0	 25.4	 20.6	 16.3	 76.6	 56.3	 18.7	 0.276	18.190	 5.060
  854.1	 48.3	 60.0	 25.4	 20.6	 16.3	 76.6	 56.3	 18.7	 0.281	18.415	 5.060
  854.9	 48.2	 60.0	 25.3	 20.6	 16.4	 76.6	 56.3	 18.7	 0.278	18.517	 5.060
  855.8	 48.2	 60.0	 25.2	 20.5	 16.4	 76.6	 56.2	 18.6	 0.273	18.271	 5.039
  856.7	 48.2	 60.0	 25.3	 20.5	 16.4	 76.6	 56.2	 18.6	 0.268	18.190	 5.019
  857.6	 48.2	 60.0	 25.3	 20.5	 16.6	 76.5	 56.2	 18.5	 0.274	18.292	 5.019
  858.5	 48.2	 60.0	 25.3	 20.4	 16.7	 76.5	 56.1	 18.5	 0.271	18.476	 4.998
  859.4	 48.2	 60.0	 25.4	 20.4	 16.8	 76.5	 56.1	 18.5	 0.281	18.374	 4.998
  860.3	 48.2	 59.9	 25.5	 20.3	 16.9	 76.6	 56.0	 18.4	 0.281	18.190	 4.998
  861.2	 48.2	 59.9	 25.5	 20.3	 17.0	 76.6	 56.0	 18.3	 0.269	18.190	 4.978
  862.1	 48.2	 59.9	 25.5	 20.3	 17.1	 76.6	 55.9	 18.3	 0.273	18.394	 4.957
  862.9	 48.2	 59.9	 25.0	 20.3	 17.2	 76.7	 55.9	 18.2	 0.267	18.271	 4.998
  863.8	 48.2	 59.9	 25.3	 20.3	 17.4	 76.7	 55.9	 18.2	 0.280	18.169	 4.978
  864.7	 48.2	 59.9	 25.3	 20.2	 17.5	 76.7	 55.9	 18.1	 0.278	18.169	 4.957
  865.6	 48.2	 59.9	 24.9	 20.3	 17.8	 76.8	 55.8	 18.1	 0.268	18.210	 4.957
  866.5	 48.2	 59.9	 25.0	 20.2	 17.9	 76.8	 55.8	 18.1	 0.282	18.271	 4.957
  867.4	 48.2	 59.9	 25.1	 20.2	 18.0	 76.8	 55.8	 18.0	 0.271	18.087	 4.937
  868.3	 48.2	 59.9	 25.6	 20.2	 18.3	 76.9	 55.8	 18.0	 0.267	18.128	 4.937
  869.2	 48.2	 59.9	 25.6	 20.1	 18.4	 76.9	 55.8	 18.0	 0.279	18.292	 4.937
  870.1	 48.2	 59.8	 25.4	 20.1	 18.6	 77.0	 55.7	 17.9	 0.276	18.292	 4.937
  871.0	 48.2	 59.8	 25.4	 20.1	 18.7	 77.0	 55.7	 17.9	 0.271	18.046	 4.937
  871.9	 48.1	 59.8	 25.1	 20.2	 18.9	 77.1	 55.7	 17.9	 0.271	18.231	 4.937
  872.8	 48.1	 59.8	 25.0	 20.1	 19.0	 77.1	 55.7	 17.9	 0.278	18.312	 4.917
  873.7	 48.1	 59.8	 25.2	 20.2	 19.1	 77.1	 55.8	 17.9	 0.271	18.149	 4.937
  874.6	 48.1	 59.7	 25.3	 20.1	 19.3	 77.2	 55.8	 17.9	 0.263	18.271	 4.937
  875.5	 48.1	 59.7	 25.3	 20.2	 19.4	 77.2	 55.8	 17.9	 0.272	18.046	 4.937
  876.5	 48.1	 59.7	 25.6	 20.2	 19.5	 77.2	 55.9	 17.9	 0.275	18.210	 4.917
  877.4	 48.1	 59.6	 25.7	 20.2	 19.6	 77.2	 55.9	 17.9	 0.268	18.087	 4.917
  878.3	 48.1	 59.6	 25.9	 20.2	 19.7	 77.2	 55.9	 17.9	 0.277	18.169	 4.937
  879.2	 48.1	 59.6	 25.9	 20.3	 19.8	 77.3	 56.0	 17.9	 0.272	18.067	 4.937
  880.1	 48.1	 59.6	 26.0	 20.3	 19.9	 77.3	 56.0	 17.9	 0.282	18.169	 4.937
  881.0	 48.1	 59.6	 26.0	 20.3	 20.0	 77.3	 56.1	 18.0	 0.280	17.903	 4.937
  881.9	 48.1	 59.6	 26.0	 20.3	 20.1	 77.3	 56.1	 18.0	 0.273	18.128	 4.937
  882.8	 48.1	 59.6	 25.3	 20.4	 20.2	 77.3	 56.1	 18.0	 0.272	18.190	 4.937
  883.7	 48.1	 59.5	 25.5	 20.4	 20.2	 77.2	 56.2	 18.0	 0.277	18.067	 4.957
  884.6	 48.1	 59.5	 25.7	 20.4	 20.3	 77.2	 56.2	 18.0	 0.272	18.210	 4.957
  885.5	 48.1	 59.5	 25.4	 20.4	 20.4	 77.3	 56.3	 18.1	 0.270	17.965	 4.957
  886.4	 48.1	 59.5	 25.3	 20.5	 20.5	 77.3	 56.3	 18.1	 0.269	18.210	 4.937
  887.3	 48.1	 59.5	 25.2	 20.4	 20.5	 77.3	 56.3	 18.1	 0.279	17.965	 4.957
  888.3	 48.1	 59.5	 25.5	 20.4	 20.6	 77.3	 56.3	 18.1	 0.270	18.108	 4.978
  889.2	 48.0	 59.5	 25.3	 20.4	 20.6	 77.3	 56.4	 18.2	 0.268	18.067	 4.957
  890.1	 48.0	 59.5	 25.4	 20.4	 20.7	 77.2	 56.4	 18.2	 0.277	17.944	 4.978
  891.0	 48.0	 59.5	 25.5	 20.4	 20.7	 77.3	 56.4	 18.2	 0.277	18.128	 4.978
  891.9	 48.0	 59.4	 25.5	 20.4	 20.8	 77.3	 56.4	 18.3	 0.273	17.944	 4.978
  892.8	 48.0	 59.4	 25.4	 20.4	 20.8	 77.3	 56.4	 18.3	 0.282	18.128	 4.978
  893.7	 48.0	 59.4	 25.4	 20.4	 20.8	 77.3	 56.5	 18.3	 0.259	17.903	 4.978
  894.6	 48.0	 59.5	 25.6	 20.5	 20.9	 77.3	 56.5	 18.3	 0.279	18.087	 4.998
  895.6	 48.0	 59.5	 25.6	 20.4	 20.9	 77.3	 56.5	 18.4	 0.267	17.985	 4.998
  896.5	 48.0	 59.5	 25.5	 20.5	 20.9	 77.3	 56.5	 18.4	 0.279	17.944	 5.019
  897.4	 48.0	 59.4	 25.4	 20.5	 20.9	 77.3	 56.5	 18.4	 0.266	17.965	 4.998
  898.3	 48.0	 59.4	 25.5	 20.5	 21.0	 77.3	 56.5	 18.4	 0.274	17.944	 4.998
  899.2	 48.0	 59.4	 25.6	 20.5	 21.0	 77.3	 56.5	 18.5	 0.278	17.842	 5.019
  900.1	 48.0	 59.4	 25.6	 20.5	 21.0	 77.3	 56.5	 18.5	 0.272	17.842	 5.121
  901.1	 48.0	 59.4	 25.7	 20.5	 21.1	 77.2	 56.6	 18.5	 0.278	16.860	 5.570
  902.0	 48.0	 59.4	 25.7	 20.4	 21.1	 77.0	 56.5	 18.6	 0.047	16.287	 5.652
  902.9	 47.9	 59.3	 25.3	 20.4	 21.1	 76.8	 56.4	 18.6	 0.001	16.083	 5.693
  903.8	 47.9	 59.2	 25.3	 20.5	 21.1	 76.6	 56.3	 18.5	 0.010	16.103	 5.734
  904.7	 48.0	 59.3	 24.9	 20.6	 21.1	 76.5	 56.3	 18.6	 0.006	16.472	 5.713
  905.6	 48.0	 59.3	 25.0	 20.8	 21.1	 76.2	 56.2	 18.6	 0.006	16.451	 5.754
  906.5	 48.4	 59.3	 25.0	 20.8	 21.1	 76.1	 56.1	 18.6	 0.003	16.431	 5.775
  907.4	 48.9	 59.3	 25.0	 20.9	 21.1	 75.9	 55.9	 18.7	 0.000	16.390	 5.775
  908.3	 49.8	 59.3	 24.8	 20.9	 21.1	 75.8	 55.8	 18.8	 0.001	16.390	 5.795
  909.3	 50.1	 59.3	 25.2	 21.0	 21.2	 75.7	 55.7	 18.8	 0.001	16.369	 5.815
  910.2	 50.2	 59.3	 25.5	 21.1	 21.2	 75.5	 55.7	 18.9	 0.000	16.369	 5.815
  911.1	 50.1	 59.2	 26.0	 21.1	 21.2	 75.3	 55.5	 19.0	 0.001	16.349	 5.836
  912.0	 49.8	 59.2	 26.1	 21.2	 21.2	 75.1	 55.5	 19.0	 0.001	16.308	 5.856
  912.9	 49.4	 59.3	 26.1	 21.3	 21.2	 75.0	 55.4	 19.1	 0.000	16.267	 5.856
  913.8	 49.3	 59.2	 26.2	 21.4	 21.3	 74.8	 55.3	 19.2	 0.000	16.247	 5.856
  914.7	 49.3	 59.2	 26.3	 21.4	 21.3	 74.7	 55.3	 19.3	 0.000	16.226	 5.877
  915.6	 49.3	 59.2	 26.0	 21.5	 21.3	 74.5	 55.2	 19.3	 0.000	16.226	 5.877
  916.5	 49.3	 59.2	 26.1	 21.6	 21.3	 74.3	 55.2	 19.4	 0.001	16.226	 5.877
  917.4	 49.3	 59.2	 26.3	 21.6	 21.3	 74.2	 55.1	 19.4	 0.000	16.287	 5.897
  918.3	 49.4	 59.2	 26.3	 21.6	 21.3	 74.0	 55.0	 19.5	 0.000	16.185	 5.918
  919.2	 49.5	 59.2	 26.2	 21.7	 21.3	 73.9	 54.9	 19.5	 0.001	16.226	 5.918
  920.1	 49.5	 59.2	 25.9	 21.8	 21.3	 73.7	 54.9	 19.6	 0.000	16.185	 5.918
  921.1	 49.2	 59.2	 25.5	 21.8	 21.4	 73.6	 54.8	 19.6	 0.000	16.165	 5.938
  922.0	 49.1	 59.2	 25.3	 21.9	 21.4	 73.3	 54.8	 19.7	 0.000	16.165	 5.938
  922.9	 49.2	 59.2	 25.0	 21.9	 21.4	 73.2	 54.7	 19.7	-0.000	16.165	 5.938
  923.8	 49.4	 59.2	 25.0	 21.9	 21.4	 73.0	 54.6	 19.8	 0.000	16.165	 5.938
  924.7	 49.5	 59.1	 24.9	 22.0	 21.4	 72.9	 54.6	 19.8	 0.000	16.144	 5.938
  925.6	 49.4	 59.1	 24.8	 22.0	 21.4	 72.8	 54.5	 19.8	-0.000	16.144	 5.938
  926.5	 49.4	 59.1	 24.8	 22.1	 21.5	 72.6	 54.5	 19.9	 0.001	16.144	 5.958
  927.4	 49.4	 59.1	 24.7	 22.1	 21.5	 72.5	 54.4	 20.0	-0.000	16.103	 5.958
  928.3	 49.4	 59.1	 24.7	 22.1	 21.5	 72.3	 54.3	 20.0	 0.000	16.226	 5.958
  929.2	 49.4	 59.1	 24.7	 22.2	 21.5	 72.3	 54.3	 20.0	 0.000	16.124	 5.958
  930.1	 49.4	 59.1	 24.7	 22.3	 21.6	 72.0	 54.2	 20.0	 0.001	16.124	 5.979
  931.0	 49.4	 59.1	 24.6	 22.3	 21.6	 71.9	 54.1	 20.1	 0.000	16.124	 5.958
  931.9	 49.4	 59.1	 24.6	 22.4	 21.6	 71.7	 54.0	 20.1	 0.001	16.124	 5.979
  932.8	 49.4	 59.0	 24.6	 22.5	 21.6	 71.6	 54.0	 20.1	 0.000	16.103	 5.979
  933.7	 49.4	 59.0	 24.7	 22.5	 21.6	 71.5	 53.9	 20.1	 0.000	16.103	 5.979
  934.5	 49.3	 59.0	 24.6	 22.5	 21.6	 71.3	 53.8	 20.1	-0.000	16.103	 5.979
  935.4	 49.3	 59.0	 24.5	 22.5	 21.6	 71.2	 53.8	 20.2	 0.000	16.103	 5.979
  936.3	 49.2	 58.9	 24.6	 22.6	 21.6	 71.1	 53.6	 20.2	-0.000	16.103	 5.979
  937.2	 49.3	 58.9	 24.5	 22.6	 21.7	 70.9	 53.6	 20.3	 0.000	16.083	 5.999
  938.1	 49.3	 58.9	 24.5	 22.7	 21.7	 70.9	 53.5	 20.3	 0.001	16.083	 5.999
  939.0	 49.3	 58.9	 24.5	 22.6	 21.7	 70.7	 53.4	 20.3	 0.001	16.083	 5.999
  939.9	 49.3	 58.9	 24.5	 22.7	 21.7	 70.6	 53.4	 20.4	 0.001	16.083	 5.979
  940.7	 49.3	 58.8	 24.6	 22.9	 21.7	 70.4	 53.3	 20.4	 0.001	16.083	 5.999
  941.6	 49.3	 58.8	 24.6	 22.9	 21.7	 70.3	 53.2	 20.4	 0.001	16.083	 5.999
  942.5	 49.3	 58.8	 24.6	 22.9	 21.7	 70.2	 53.1	 20.4	 0.000	16.062	 5.999
  943.4	 49.3	 58.8	 24.7	 22.9	 21.8	 70.0	 53.1	 20.4	-0.000	16.083	 5.999
  944.3	 49.3	 58.8	 24.6	 22.8	 21.8	 70.0	 53.1	 20.4	 0.000	16.062	 6.122
  945.2	 49.3	 58.7	 24.6	 22.8	 21.8	 69.8	 53.0	 20.4	 0.000	16.062	 5.999
  946.0	 49.3	 58.7	 24.7	 23.0	 21.8	 69.7	 52.9	 20.5	 0.001	16.062	 5.999
  946.9	 49.3	 58.7	 24.8	 23.0	 21.8	 69.6	 52.8	 20.5	 0.000	16.062	 6.020
  947.8	 49.3	 58.7	 24.7	 23.1	 21.8	 69.4	 52.8	 20.5	 0.000	16.042	 6.020
  948.7	 49.3	 58.7	 24.8	 23.1	 21.9	 69.4	 52.8	 20.5	 0.000	16.042	 5.999
  949.6	 49.3	 58.6	 24.8	 23.1	 21.9	 69.2	 52.6	 20.5	 0.000	16.042	 6.020
  950.5	 49.3	 58.6	 24.7	 23.2	 21.9	 69.1	 52.5	 20.5	 0.000	16.042	 6.020
  951.4	 49.2	 58.6	 24.7	 23.4	 21.9	 69.0	 52.4	 20.6	 0.001	16.042	 6.122
  952.2	 49.2	 58.6	 24.7	 23.7	 21.9	 68.8	 52.4	 20.6	 0.001	16.022	 6.020
  953.1	 49.2	 58.6	 24.7	 23.7	 21.9	 68.7	 52.3	 20.6	 0.000	16.022	 6.081
  954.0	 49.2	 58.5	 24.6	 23.6	 21.9	 68.6	 52.2	 20.6	 0.000	16.022	 6.020
  954.9	 49.2	 58.6	 24.7	 23.6	 21.9	 68.5	 52.1	 20.6	 0.000	16.022	 6.020
  955.8	 49.2	 58.5	 24.7	 23.5	 21.9	 68.3	 52.0	 20.6	 0.000	16.022	 6.020
  956.7	 49.2	 58.5	 24.7	 23.5	 21.9	 68.2	 51.9	 20.6	-0.000	16.022	 5.999
  957.6	 49.1	 58.5	 24.7	 23.5	 22.0	 68.2	 51.9	 20.7	-0.000	16.001	 6.020
  958.4	 49.1	 58.5	 24.8	 23.5	 22.0	 68.0	 51.8	 20.7	 0.000	16.001	 6.020
  959.3	 49.1	 58.5	 24.8	 23.5	 22.0	 67.9	 51.7	 20.7	 0.001	16.001	 6.020
  960.2	 49.1	 58.4	 24.8	 23.7	 22.0	 67.8	 51.6	 20.7	 0.001	15.981	 6.040
  961.1	 49.1	 58.4	 24.8	 23.6	 22.1	 67.7	 51.6	 20.7	 0.000	15.981	 6.020
  962.0	 49.1	 58.4	 24.8	 23.6	 22.1	 67.6	 51.5	 20.8	 0.000	15.960	 6.020
  962.9	 49.1	 58.4	 24.8	 23.6	 22.1	 67.5	 51.4	 20.7	 0.000	16.083	 6.020
  963.7	 49.1	 58.4	 24.9	 23.7	 22.1	 67.4	 51.3	 20.8	 0.001	15.960	 6.040
  964.6	 49.1	 58.4	 24.8	 23.7	 22.1	 67.2	 51.2	 20.8	 0.001	15.960	 6.020
  965.5	 49.1	 58.4	 24.8	 23.7	 22.1	 67.1	 51.1	 20.8	-0.000	15.960	 6.020
  966.4	 49.0	 58.4	 24.8	 23.7	 22.1	 67.0	 51.0	 20.8	 0.000	15.960	 6.040
  967.3	 49.0	 58.3	 24.9	 23.6	 22.2	 66.9	 50.9	 20.8	 0.001	15.960	 6.040
  968.2	 49.0	 58.3	 24.8	 23.5	 22.2	 66.9	 50.9	 20.9	 0.000	15.940	 6.040
  969.0	 49.0	 58.3	 24.7	 23.5	 22.2	 66.7	 50.8	 20.8	 0.000	15.940	 6.040
  969.9	 49.0	 58.3	 24.7	 23.5	 22.2	 66.6	 50.8	 20.9	 0.001	15.940	 6.040
  970.8	 49.0	 58.3	 24.7	 23.5	 22.3	 66.6	 50.7	 20.8	-0.000	15.940	 6.040
  971.7	 49.0	 58.3	 24.7	 23.4	 22.3	 66.4	 50.7	 20.9	-0.000	15.919	 6.040
  972.6	 49.0	 58.2	 24.7	 23.4	 22.3	 66.3	 50.6	 20.9	 0.001	15.919	 6.101
  973.5	 48.9	 58.2	 24.8	 23.4	 22.3	 66.2	 50.5	 20.9	 0.000	15.919	 6.040
  974.4	 48.9	 58.2	 24.8	 23.3	 22.3	 66.1	 50.4	 20.9	 0.000	15.899	 6.040
  975.3	 48.9	 58.2	 24.8	 23.3	 22.4	 66.0	 50.4	 20.9	 0.001	15.899	 6.040
  976.2	 48.9	 58.2	 24.8	 23.3	 22.4	 65.9	 50.3	 20.9	-0.000	15.899	 6.040
  977.0	 48.9	 58.1	 24.8	 23.3	 22.4	 65.8	 50.3	 20.9	 0.000	15.899	 6.040
  977.9	 48.9	 58.1	 24.9	 23.3	 22.4	 65.6	 50.2	 20.9	 0.001	15.899	 6.040
  978.8	 48.9	 58.1	 25.0	 23.3	 22.4	 65.6	 50.1	 20.9	 0.000	15.899	 6.040
  979.7	 48.9	 58.1	 24.9	 23.3	 22.4	 65.4	 50.0	 20.9	 0.000	15.899	 6.040
  980.6	 48.8	 58.1	 24.9	 23.3	 22.4	 65.3	 50.0	 21.0	 0.000	15.878	 6.040
  981.5	 48.8	 58.1	 24.9	 23.3	 22.5	 65.3	 49.9	 21.0	 0.000	15.878	 6.040
  982.3	 48.8	 58.1	 24.9	 23.4	 22.5	 65.1	 49.8	 21.0	 0.001	15.878	 6.061
  983.2	 48.8	 58.1	 25.1	 23.4	 22.5	 65.1	 49.8	 21.0	-0.000	15.858	 6.040
  984.1	 48.8	 58.1	 25.1	 23.3	 22.6	 64.9	 49.7	 21.0	 0.000	15.858	 6.061
  985.0	 48.8	 58.1	 25.0	 23.3	 22.6	 64.8	 49.6	 21.0	 0.001	15.858	 6.061
  985.9	 48.8	 58.0	 25.0	 23.3	 22.6	 64.8	 49.6	 21.0	-0.000	15.858	 6.061
  986.7	 48.8	 58.0	 25.0	 23.4	 22.6	 64.6	 49.5	 21.0	-0.000	15.837	 6.061
  987.6	 48.7	 58.0	 25.0	 23.4	 22.6	 64.6	 49.4	 21.0	 0.000	15.837	 6.040
  988.5	 48.7	 58.0	 25.0	 23.4	 22.7	 64.4	 49.3	 21.0	 0.001	15.837	 6.061
  989.4	 48.7	 57.9	 25.0	 23.3	 22.7	 64.3	 49.3	 21.0	 0.000	15.837	 6.061
  990.3	 48.7	 57.9	 25.0	 23.2	 22.7	 64.3	 49.3	 21.0	 0.000	15.837	 6.061
  991.2	 48.7	 57.9	 24.9	 23.0	 22.7	 64.1	 49.2	 21.1	 0.000	15.817	 6.061
  992.1	 48.7	 57.9	 24.9	 23.0	 22.7	 64.0	 49.1	 21.0	 0.001	15.797	 6.061
  993.0	 48.6	 57.9	 24.8	 23.1	 22.8	 63.9	 49.0	 21.0	-0.000	15.817	 6.061
  993.9	 48.6	 57.9	 24.8	 23.2	 22.8	 63.8	 49.0	 21.1	 0.001	15.817	 6.061
  994.9	 48.6	 57.8	 24.8	 23.3	 22.8	 63.7	 48.9	 21.1	-0.000	15.817	 6.061
  995.8	 48.6	 57.8	 24.7	 23.4	 22.8	 63.6	 48.8	 21.1	 0.000	15.817	 6.061
  996.7	 48.6	 57.8	 24.6	 23.5	 22.9	 63.5	 48.8	 21.1	 0.001	15.797	 6.081
  997.6	 48.6	 57.8	 24.6	 23.5	 22.9	 63.4	 48.8	 21.1	 0.000	15.797	 6.061
  998.5	 48.6	 57.8	 24.5	 23.5	 22.9	 63.3	 48.7	 21.1	 0.001	15.797	 6.061
  999.4	 48.6	 57.7	 24.5	 23.4	 22.9	 63.2	 48.6	 21.1	 0.000	15.797	 6.061
 1000.3	 48.6	 57.8	 24.5	 23.5	 23.0	 63.1	 48.6	 21.1	 0.000	15.776	 6.061
 1001.2	 48.5	 57.7	 24.4	 23.4	 23.0	 63.0	 48.5	 21.1	 0.001	15.776	 6.061
 1002.1	 48.5	 57.7	 24.4	 23.4	 23.1	 63.0	 48.5	 21.2	 0.000	15.776	 6.061
 1003.0	 48.5	 57.7	 24.4	 23.4	 23.1	 62.8	 48.4	 21.2	 0.001	15.756	 6.061
 1003.9	 48.5	 57.7	 24.4	 23.4	 23.1	 62.8	 48.3	 21.2	 0.001	15.756	 6.061
 1004.8	 48.5	 57.6	 24.4	 23.3	 23.1	 62.6	 48.2	 21.2	 0.000	15.756	 6.061
 1005.7	 48.5	 57.6	 24.4	 23.3	 23.2	 62.6	 48.2	 21.2	 0.001	15.756	 6.081
 1006.6	 48.5	 57.6	 24.4	 23.3	 23.2	 62.5	 48.1	 21.2	 0.000	15.756	 6.061
 1007.6	 48.4	 57.6	 24.4	 23.3	 23.2	 62.4	 48.0	 21.2	 0.000	15.735	 6.081
 1008.5	 48.4	 57.6	 24.5	 23.3	 23.2	 62.3	 48.0	 21.2	-0.000	15.817	 6.061
 1009.4	 48.4	 57.5	 24.5	 23.3	 23.2	 62.1	 47.9	 21.2	 0.000	15.735	 6.081
 1010.3	 48.4	 57.5	 24.5	 23.3	 23.3	 62.1	 47.8	 21.2	 0.001	15.735	 6.081
 1011.2	 48.4	 57.5	 24.5	 23.3	 23.3	 61.9	 47.7	 21.2	 0.001	15.715	 6.081
 1012.2	 48.4	 57.5	 24.5	 23.5	 23.3	 61.9	 47.7	 21.2	 0.000	15.715	 6.081
 1013.1	 48.4	 57.5	 24.5	 23.5	 23.4	 61.8	 47.6	 21.2	 0.000	15.715	 6.061
 1014.0	 48.4	 57.5	 24.4	 23.4	 23.4	 61.7	 47.5	 21.2	 0.000	15.715	 6.081
 1014.9	 48.4	 57.5	 24.5	 23.5	 23.4	 61.5	 47.4	 21.2	 0.001	15.715	 6.081
 1015.8	 48.3	 57.4	 24.5	 23.5	 23.5	 61.5	 47.4	 21.3	 0.001	15.715	 6.081
 1016.7	 48.3	 57.4	 24.4	 23.5	 23.5	 61.3	 47.4	 21.2	 0.000	15.694	 6.081
 1017.7	 48.3	 57.4	 24.4	 23.5	 23.5	 61.3	 47.3	 21.2	-0.000	15.694	 6.081
 1018.6	 48.3	 57.4	 24.4	 23.5	 23.5	 61.2	 47.3	 21.3	 0.000	15.694	 6.081
 1019.5	 48.3	 57.4	 24.4	 23.5	 23.6	 61.1	 47.2	 21.3	 0.001	15.674	 6.224
 1020.4	 48.3	 57.4	 24.4	 23.6	 23.6	 61.0	 47.1	 21.3	 0.001	15.674	 6.081
 1021.3	 48.3	 57.3	 24.4	 23.5	 23.6	 60.9	 47.0	 21.3	 0.001	15.674	 6.081
 1022.2	 48.2	 57.3	 24.4	 23.5	 23.7	 60.9	 47.0	 21.3	 0.001	15.735	 6.081
 1023.1	 48.2	 57.3	 24.4	 23.5	 23.7	 60.8	 46.9	 21.3	 0.001	15.674	 6.101
 1024.0	 48.2	 57.3	 24.3	 23.6	 23.7	 60.7	 46.9	 21.3	 0.001	15.653	 6.081
 1024.9	 48.2	 57.2	 24.2	 23.6	 23.8	 60.6	 46.9	 21.3	 0.001	15.653	 6.081
 1025.8	 48.2	 57.3	 24.3	 23.6	 23.8	 60.5	 46.8	 21.3	 0.001	15.653	 6.101
 1026.7	 48.2	 57.2	 24.3	 23.5	 23.8	 60.4	 46.8	 21.3	 0.001	15.653	 6.081
 1027.6	 48.2	 57.2	 24.3	 23.6	 23.8	 60.3	 46.6	 21.3	 0.001	15.633	 6.081
 1028.5	 48.2	 57.2	 24.3	 23.6	 23.9	 60.2	 46.6	 21.4	 0.001	15.633	 6.101
 1029.4	 48.2	 57.2	 24.2	 23.7	 23.9	 60.1	 46.5	 21.3	 0.000	15.633	 6.101
 1030.3	 48.2	 57.2	 24.2	 23.7	 23.9	 60.0	 46.5	 21.3	 0.000	15.633	 6.101
 1031.2	 48.2	 57.2	 24.3	 23.7	 23.9	 60.0	 46.4	 21.3	 0.001	15.633	 6.101
 1032.1	 48.2	 57.2	 24.3	 23.7	 24.0	 59.9	 46.3	 21.4	 0.001	15.612	 6.101
 1032.9	 48.2	 57.2	 24.3	 23.7	 24.0	 59.8	 46.2	 21.4	 0.000	15.612	 6.101
 1033.8	 48.2	 57.1	 24.3	 23.7	 24.0	 59.6	 46.2	 21.4	 0.000	15.612	 6.081
 1034.7	 48.1	 57.1	 24.3	 23.7	 24.1	 59.6	 46.2	 21.4	 0.000	15.592	 6.101
 1035.6	 48.1	 57.1	 24.4	 23.7	 24.1	 59.5	 46.2	 21.4	 0.001	15.592	 6.101
 1036.5	 48.1	 57.1	 24.4	 23.6	 24.1	 59.4	 46.1	 21.4	 0.000	15.592	 6.101
 1037.4	 48.1	 57.1	 24.4	 23.5	 24.1	 59.4	 46.0	 21.4	-0.000	15.653	 6.101
 1038.3	 48.1	 57.0	 24.5	 23.5	 24.2	 59.2	 46.0	 21.4	 0.001	15.592	 6.101
 1039.2	 48.1	 57.0	 24.5	 23.5	 24.2	 59.2	 45.9	 21.4	 0.000	15.592	 6.101
 1040.0	 48.1	 57.0	 24.5	 23.6	 24.2	 59.1	 45.9	 21.4	-0.000	15.572	 6.101
 1040.9	 48.1	 57.0	 24.5	 23.7	 24.2	 59.0	 45.8	 21.4	 0.001	15.572	 6.101
 1041.8	 48.0	 57.0	 24.5	 23.6	 24.3	 58.9	 45.8	 21.4	 0.001	15.572	 6.101
 1042.7	 48.0	 56.9	 24.5	 23.6	 24.3	 58.8	 45.7	 21.4	-0.000	15.551	 6.101
 1043.6	 48.0	 56.9	 24.5	 23.6	 24.3	 58.8	 45.7	 21.4	 0.000	15.551	 6.101
 1044.5	 48.0	 56.9	 24.5	 23.7	 24.4	 58.7	 45.7	 21.5	 0.001	15.551	 6.101
 1045.3	 48.0	 56.9	 24.5	 23.7	 24.4	 58.6	 45.6	 21.5	-0.000	15.531	 6.101
 1046.2	 48.0	 56.9	 24.6	 23.7	 24.4	 58.5	 45.6	 21.4	 0.001	15.531	 6.101
 1047.1	 48.0	 56.9	 24.6	 23.7	 24.4	 58.4	 45.4	 21.5	 0.001	15.531	 6.101
 1048.0	 48.0	 56.8	 24.6	 23.7	 24.5	 58.4	 45.4	 21.4	-0.000	15.531	 6.122
 1048.9	 47.9	 56.8	 24.6	 23.7	 24.5	 58.3	 45.3	 21.5	 0.001	15.510	 6.122
 1049.8	 47.9	 56.8	 24.5	 23.7	 24.5	 58.2	 45.2	 21.4	 0.001	15.551	 6.101
 1050.6	 47.9	 56.8	 24.5	 23.7	 24.5	 58.1	 45.2	 21.4	-0.000	15.612	 6.122
 1051.5	 47.9	 56.8	 24.5	 23.6	 24.5	 58.0	 45.1	 21.4	 0.000	15.510	 6.122
 1052.4	 47.9	 56.7	 24.5	 23.7	 24.6	 58.0	 45.0	 21.5	 0.001	15.510	 6.122
 1053.3	 47.9	 56.7	 24.5	 23.6	 24.6	 57.9	 45.0	 21.5	 0.001	15.490	 6.122
 1054.2	 47.9	 56.7	 24.5	 23.6	 24.6	 57.8	 45.0	 21.5	 0.001	15.490	 6.163
 1055.1	 47.8	 56.7	 24.5	 23.6	 24.6	 57.7	 44.9	 21.5	 0.000	15.490	 6.122
 1056.0	 47.8	 56.6	 24.5	 23.5	 24.7	 57.7	 44.9	 21.5	 0.000	15.469	 6.122
 1056.9	 47.8	 56.6	 24.5	 23.5	 24.7	 57.6	 44.9	 21.5	 0.000	15.469	 6.122
 1057.8	 47.8	 56.6	 24.5	 23.5	 24.7	 57.5	 44.9	 21.5	 0.000	15.469	 6.122
 1058.7	 47.8	 56.6	 24.5	 23.5	 24.8	 57.5	 44.8	 21.5	-0.000	15.469	 6.122
 1059.6	 47.8	 56.6	 24.5	 23.5	 24.8	 57.4	 44.8	 21.5	-0.000	15.469	 6.101
 1060.4	 47.8	 56.6	 24.5	 23.5	 24.8	 57.4	 44.7	 21.5	-0.000	15.449	 6.122
 1061.3	 47.7	 56.6	 24.4	 23.5	 24.8	 57.3	 44.6	 21.5	 0.000	15.408	 6.122
 1062.2	 47.7	 56.5	 24.4	 23.5	 24.8	 57.2	 44.6	 21.5	 0.000	15.449	 6.122
 1063.1	 47.7	 56.5	 24.4	 23.5	 24.9	 57.2	 44.6	 21.5	 0.000	15.428	 6.122
 1064.0	 47.7	 56.5	 24.4	 23.6	 24.9	 57.1	 44.5	 21.5	 0.001	15.428	 6.122
 1064.9	 47.7	 56.4	 24.3	 23.6	 24.9	 57.1	 44.5	 21.6	 0.001	15.428	 6.122
 1065.8	 47.7	 56.4	 24.3	 23.7	 25.0	 57.0	 44.4	 21.6	 0.000	15.428	 6.122
 1066.7	 47.7	 56.4	 24.2	 23.6	 25.0	 57.0	 44.3	 21.6	 0.000	15.408	 6.122
 1067.6	 47.7	 56.4	 24.1	 23.6	 25.0	 56.9	 44.3	 21.5	-0.000	15.408	 6.101
 1068.5	 47.7	 56.4	 24.1	 23.6	 25.0	 56.9	 44.2	 21.6	 0.000	15.408	 6.122
 1069.4	 47.7	 56.4	 24.1	 23.5	 25.1	 56.8	 44.1	 21.6	 0.000	15.408	 6.122
 1070.3	 47.6	 56.4	 24.1	 23.5	 25.1	 56.8	 44.1	 21.6	-0.000	15.388	 6.142
 1071.2	 47.6	 56.4	 24.1	 23.5	 25.1	 56.7	 44.1	 21.6	-0.000	15.408	 6.122
 1072.1	 47.6	 56.3	 24.1	 23.5	 25.1	 56.7	 44.0	 21.6	-0.000	15.388	 6.122
 1073.0	 47.6	 56.3	 24.0	 23.5	 25.2	 56.7	 44.0	 21.6	 0.000	15.388	 6.142
 1073.8	 47.6	 56.3	 24.0	 23.5	 25.2	 56.6	 44.0	 21.6	-0.000	15.367	 6.142
 1074.7	 47.6	 56.3	 24.0	 23.5	 25.2	 56.6	 43.9	 21.6	 0.000	15.367	 6.142
 1075.6	 47.6	 56.3	 24.0	 23.5	 25.3	 56.5	 43.9	 21.6	 0.000	15.367	 6.142
 1076.5	 47.6	 56.2	 24.1	 23.5	 25.3	 56.5	 43.9	 21.7	 0.000	15.367	 6.142
 1077.4	 47.6	 56.2	 24.1	 23.5	 25.3	 56.4	 43.8	 21.6	-0.000	15.469	 6.122
 1078.3	 47.6	 56.2	 24.1	 23.5	 25.3	 56.4	 43.7	 21.6	-0.000	15.347	 6.142
 1079.2	 47.5	 56.2	 24.2	 23.4	 25.3	 56.3	 43.7	 21.6	 0.000	15.367	 6.142
 1080.1	 47.5	 56.2	 24.2	 23.4	 25.4	 56.3	 43.7	 21.7	 0.001	15.347	 6.142
 1081.0	 47.5	 56.1	 24.3	 23.5	 25.4	 56.3	 43.6	 21.7	 0.000	15.347	 6.142
 1082.0	 47.5	 56.1	 24.3	 23.5	 25.4	 56.2	 43.6	 21.7	 0.000	15.347	 6.142
 1082.9	 47.5	 56.1	 24.3	 23.6	 25.4	 56.2	 43.6	 21.7	 0.000	15.326	 6.142
 1083.8	 47.5	 56.1	 24.3	 23.6	 25.5	 56.2	 43.6	 21.7	-0.000	15.326	 6.142
 1084.7	 47.5	 56.1	 24.4	 23.6	 25.5	 56.1	 43.5	 21.7	 0.001	15.326	 6.142
 1085.6	 47.4	 56.1	 24.4	 23.6	 25.5	 56.1	 43.5	 21.7	 0.000	15.326	 6.142
 1086.5	 47.4	 56.1	 24.5	 23.5	 25.5	 56.0	 43.4	 21.7	 0.001	15.306	 6.142
 1087.4	 47.4	 56.0	 24.5	 23.6	 25.5	 56.0	 43.4	 21.7	 0.001	15.306	 6.142
 1088.3	 47.4	 56.0	 24.5	 23.6	 25.6	 56.0	 43.3	 21.7	-0.000	15.306	 6.142
 1089.2	 47.4	 56.0	 24.5	 23.6	 25.6	 55.9	 43.2	 21.7	 0.001	15.306	 6.142
 1090.1	 47.4	 56.0	 24.5	 23.6	 25.6	 55.9	 43.2	 21.7	-0.000	15.285	 6.163
 1091.0	 47.4	 55.9	 24.5	 23.6	 25.6	 55.8	 43.2	 21.7	 0.000	15.285	 6.163
 1091.9	 47.4	 55.9	 24.5	 23.6	 25.7	 55.8	 43.1	 21.7	 0.000	15.285	 6.142
 1092.9	 47.3	 55.9	 24.5	 23.6	 25.7	 55.8	 43.1	 21.7	 0.000	15.285	 6.142
 1093.8	 47.4	 55.9	 24.5	 23.6	 25.7	 55.7	 43.1	 21.7	 0.001	15.285	 6.142
 1094.7	 47.4	 55.9	 24.5	 23.6	 25.8	 55.7	 43.1	 21.7	-0.000	15.265	 6.163
 1095.6	 47.4	 55.9	 24.6	 23.6	 25.8	 55.7	 43.0	 21.7	 0.001	15.265	 6.163
 1096.5	 47.4	 55.9	 24.5	 23.6	 25.8	 55.6	 43.0	 21.7	-0.000	15.265	 6.163
 1097.4	 47.3	 55.9	 24.6	 23.6	 25.8	 55.6	 42.9	 21.7	 0.000	15.244	 6.142
 1098.3	 47.3	 55.9	 24.5	 23.6	 25.8	 55.6	 42.9	 21.7	 0.001	15.244	 6.163
 1099.2	 47.3	 55.8	 24.5	 23.7	 25.9	 55.5	 42.9	 21.7	 0.000	15.244	 6.163
 1100.1	 47.3	 55.8	 24.5	 23.8	 25.9	 55.5	 42.9	 21.7	 0.001	15.244	 6.163
 1101.0	 47.3	 55.8	 24.4	 23.8	 25.9	 55.4	 42.8	 21.7	 0.000	15.244	 6.163
 1101.9	 47.3	 55.8	 24.4	 23.8	 25.9	 55.4	 42.8	 21.7	 0.001	15.224	 6.163
 1102.8	 47.3	 55.8	 24.4	 23.8	 26.0	 55.4	 42.8	 21.7	 0.000	15.224	 6.163
 1103.7	 47.3	 55.8	 24.4	 23.8	 26.0	 55.3	 42.7	 21.7	-0.000	15.224	 6.163
 1104.6	 47.3	 55.7	 24.4	 23.8	 26.0	 55.3	 42.8	 21.8	 0.001	15.224	 6.163
 1105.6	 47.3	 55.7	 24.4	 23.8	 26.0	 55.3	 42.8	 21.7	-0.000	15.203	 6.163
 1106.5	 47.2	 55.7	 24.4	 23.8	 26.1	 55.3	 42.8	 21.8	 0.001	15.203	 6.163
 1107.4	 47.2	 55.7	 24.4	 23.8	 26.1	 55.2	 42.8	 21.7	 0.000	15.183	 6.163
 1108.3	 47.2	 55.7	 24.4	 23.8	 26.1	 55.2	 42.8	 21.7	 0.000	15.285	 6.163
 1109.2	 47.2	 55.7	 24.4	 23.9	 26.1	 55.2	 42.9	 21.7	 0.001	15.163	 6.163
 1110.1	 47.2	 55.6	 24.4	 23.9	 26.2	 55.1	 42.9	 21.7	-0.000	15.183	 6.163
 1111.0	 47.2	 55.6	 24.4	 23.9	 26.2	 55.1	 42.9	 21.7	 0.000	15.183	 6.183
 1111.9	 47.2	 55.6	 24.4	 23.9	 26.2	 55.1	 43.0	 21.7	 0.000	15.224	 6.183
 1112.8	 47.2	 55.6	 24.3	 23.9	 26.2	 55.1	 43.1	 21.7	-0.000	15.183	 6.183
 1113.7	 47.2	 55.6	 24.3	 24.0	 26.3	 55.0	 43.1	 21.8	 0.001	15.163	 6.183
 1114.6	 47.2	 55.6	 24.3	 24.1	 26.3	 55.0	 43.2	 21.8	 0.000	15.163	 6.163
 1115.5	 47.1	 55.5	 24.3	 24.0	 26.3	 55.0	 43.2	 21.8	 0.000	15.142	 6.183
 1116.4	 47.1	 55.5	 24.2	 23.9	 26.3	 54.9	 43.3	 21.8	 0.001	15.142	 6.183
 1117.3	 47.1	 55.5	 24.3	 23.9	 26.4	 54.9	 43.4	 21.8	-0.000	15.142	 6.183
 1118.2	 47.1	 55.5	 24.3	 23.9	 26.4	 54.9	 43.5	 21.8	 0.000	15.122	 6.183
 1119.1	 47.1	 55.5	 24.2	 23.9	 26.4	 54.9	 43.5	 21.8	 0.001	15.122	 6.183
 1120.0	 47.1	 55.4	 24.2	 23.8	 26.4	 54.8	 43.6	 21.8	 0.000	15.122	 6.183
 1120.9	 47.1	 55.4	 24.2	 23.8	 26.5	 54.8	 43.7	 21.8	 0.000	15.101	 6.204
 1121.9	 47.1	 55.4	 24.2	 23.8	 26.5	 54.8	 43.7	 21.8	 0.001	15.122	 6.204
 1122.8	 47.1	 55.4	 24.1	 24.0	 26.6	 54.8	 43.8	 21.8	 0.001	15.101	 6.204
