# Run number 02 on Tue May 28 11:18:31 2019
# time	TA	TB	TC	TD	T1	T2	T3	T4	DP	P2	P1
    1.3	 43.9	 41.6	 24.3	 23.7	 32.9	 47.6	 43.4	 26.1	 0.274	 7.901	 7.939
    1.4	 43.9	 41.6	 24.3	 23.7	 32.9	 47.5	 43.4	 26.1	 0.276	 7.901	 7.919
    2.2	 43.9	 41.3	 24.3	 23.7	 32.7	 47.5	 43.3	 26.3	 0.275	 7.880	 7.919
    3.1	 43.9	 41.2	 24.3	 23.7	 32.7	 47.4	 43.2	 26.5	 0.275	 7.880	 7.898
    3.9	 43.9	 41.2	 24.4	 23.7	 32.6	 47.3	 43.2	 26.8	 0.265	 7.860	 7.898
    4.8	 43.9	 41.3	 24.4	 23.7	 32.6	 47.2	 43.1	 26.9	 0.272	 7.880	 7.898
    5.6	 43.9	 41.4	 24.5	 23.7	 32.5	 47.1	 43.0	 27.1	 0.275	 7.880	 7.898
    6.4	 43.9	 41.5	 24.6	 23.7	 32.5	 47.0	 43.0	 27.3	 0.271	 7.860	 7.898
    7.2	 43.9	 41.6	 24.6	 23.7	 32.5	 46.9	 42.9	 27.4	 0.275	 7.860	 7.898
    8.1	 43.9	 41.9	 24.6	 23.7	 32.5	 46.9	 42.8	 27.5	 0.278	 7.839	 7.898
    8.9	 43.9	 42.0	 24.6	 23.7	 32.4	 46.7	 42.8	 27.7	 0.273	 7.880	 7.898
    9.7	 43.9	 42.2	 24.8	 23.7	 32.4	 46.7	 42.7	 27.8	 0.278	 7.880	 7.898
   10.5	 43.9	 42.4	 24.8	 23.7	 32.4	 46.6	 42.5	 27.8	 0.271	 7.880	 7.898
   11.4	 43.9	 42.5	 24.7	 23.7	 32.3	 46.5	 42.5	 27.9	 0.278	 7.880	 7.919
   12.2	 43.9	 42.6	 24.6	 23.7	 32.3	 46.4	 42.4	 28.0	 0.280	 7.880	 7.898
   13.0	 43.9	 42.7	 24.4	 25.5	 32.3	 46.4	 42.3	 28.1	 0.276	 7.880	 7.919
   13.8	 43.9	 42.8	 24.3	 26.8	 32.3	 46.4	 42.3	 28.1	 0.279	 7.860	 7.898
   14.7	 43.9	 42.8	 24.3	 27.9	 32.3	 46.3	 42.2	 28.2	 0.276	 7.839	 7.857
   15.5	 43.9	 42.9	 24.2	 29.0	 32.2	 46.2	 42.1	 28.2	 0.274	 7.798	 7.837
   16.3	 43.9	 43.0	 24.2	 29.1	 32.2	 46.2	 42.0	 28.3	 0.271	 7.758	 7.796
   17.1	 43.9	 43.0	 24.1	 29.0	 32.2	 46.1	 41.9	 28.3	 0.272	 7.717	 7.755
   18.0	 43.9	 43.1	 24.1	 28.9	 32.1	 46.1	 41.7	 28.3	 0.270	 7.676	 7.714
   18.8	 43.9	 43.1	 24.6	 28.8	 32.1	 46.1	 41.7	 28.3	 0.277	 7.655	 7.673
   19.7	 43.9	 43.1	 24.3	 28.8	 32.0	 46.0	 41.6	 28.3	 0.271	 7.594	 7.653
   20.5	 43.9	 43.1	 24.3	 28.6	 32.0	 45.9	 41.4	 28.3	 0.285	 7.573	 7.592
   21.3	 43.8	 43.1	 24.3	 28.6	 31.9	 45.9	 41.3	 28.2	 0.277	 7.553	 7.571
   22.1	 43.8	 43.1	 23.8	 28.5	 31.9	 45.8	 41.2	 28.2	 0.279	 7.512	 7.551
   23.0	 43.8	 43.1	 23.8	 28.4	 31.8	 45.8	 41.1	 28.1	 0.276	 7.492	 7.510
   23.8	 43.8	 43.1	 24.0	 28.3	 31.8	 45.7	 41.0	 28.1	 0.279	 7.451	 7.612
   24.6	 43.8	 43.1	 24.4	 28.2	 31.7	 45.7	 40.9	 28.0	 0.275	 7.430	 7.469
   25.4	 43.8	 43.1	 24.7	 28.2	 31.7	 45.6	 40.8	 28.0	 0.273	 7.410	 7.551
   26.3	 43.8	 43.1	 25.0	 28.1	 31.6	 45.6	 40.6	 27.9	 0.271	 7.369	 7.428
   27.0	 43.8	 43.1	 25.0	 28.0	 31.6	 45.5	 40.5	 27.9	 0.275	 7.369	 7.408
   27.9	 43.8	 43.2	 25.0	 28.0	 31.6	 45.5	 40.5	 27.8	 0.270	 7.348	 7.367
   28.7	 43.8	 43.2	 24.8	 27.9	 31.5	 45.5	 40.3	 27.8	 0.269	 7.328	 7.408
   29.5	 43.8	 43.2	 24.9	 27.9	 31.5	 45.4	 40.3	 27.8	 0.268	 7.308	 7.326
   30.3	 43.8	 43.2	 24.7	 27.8	 31.5	 45.3	 40.2	 27.7	 0.277	 7.287	 7.326
   31.2	 43.8	 43.2	 24.8	 27.7	 31.4	 45.3	 40.0	 27.6	 0.272	 7.267	 7.306
   32.0	 43.7	 43.2	 24.8	 27.6	 31.4	 45.3	 40.0	 27.6	 0.279	 7.246	 7.285
   32.8	 43.7	 43.2	 25.0	 27.6	 31.4	 45.2	 39.9	 27.5	 0.278	 7.246	 7.265
   33.6	 43.8	 43.2	 25.2	 27.6	 31.3	 45.2	 39.8	 27.5	 0.272	 7.226	 7.244
   34.5	 43.8	 43.2	 25.2	 27.5	 31.3	 45.2	 39.7	 27.5	 0.281	 7.205	 7.244
   35.2	 43.8	 43.2	 25.3	 27.5	 31.3	 45.2	 39.6	 27.4	 0.268	 7.205	 7.224
   36.1	 43.8	 43.2	 25.0	 27.5	 31.3	 45.1	 39.6	 27.4	 0.275	 7.185	 7.224
   36.9	 43.8	 43.3	 25.1	 27.4	 31.2	 45.1	 39.4	 27.3	 0.271	 7.246	 7.183
   37.8	 43.7	 43.3	 25.2	 27.4	 31.2	 45.1	 39.4	 27.3	 0.279	 7.164	 7.183
   38.6	 43.7	 43.3	 25.0	 27.3	 31.2	 45.0	 39.3	 27.2	 0.267	 7.144	 7.183
   39.4	 43.7	 43.2	 24.6	 27.3	 31.1	 45.0	 39.1	 27.2	 0.283	 7.144	 7.163
   40.2	 43.7	 43.3	 24.3	 27.3	 31.1	 44.9	 39.1	 27.1	 0.278	 7.123	 7.142
   41.1	 43.7	 43.3	 24.5	 27.3	 31.1	 44.9	 39.0	 27.1	 0.275	 7.103	 7.142
   41.9	 43.7	 43.3	 24.6	 27.2	 31.0	 44.8	 38.9	 27.1	 0.279	 7.083	 7.204
   42.7	 43.7	 43.3	 25.0	 27.3	 31.0	 44.8	 38.8	 27.1	 0.272	 7.083	 7.122
   43.5	 43.7	 43.3	 25.1	 27.2	 31.0	 44.8	 38.8	 27.0	 0.270	 7.083	 7.101
   44.4	 43.7	 43.4	 25.1	 27.2	 30.9	 44.8	 38.7	 27.0	 0.272	 7.062	 7.101
   45.2	 43.7	 43.4	 25.3	 27.1	 30.9	 44.7	 38.6	 27.0	 0.280	 7.062	 7.081
   46.1	 43.7	 43.4	 25.6	 27.1	 30.9	 44.7	 38.5	 26.9	 0.273	 7.042	 7.081
   46.9	 43.7	 43.5	 25.4	 27.1	 30.8	 44.6	 38.4	 26.8	 0.273	 7.042	 7.061
   47.7	 43.7	 43.5	 25.5	 27.0	 30.8	 44.6	 38.3	 26.8	 0.284	 7.042	 7.081
   48.5	 43.7	 43.5	 26.0	 27.0	 30.8	 44.5	 38.3	 26.7	 0.279	 7.042	 7.081
   49.4	 43.7	 43.5	 26.0	 26.9	 30.7	 44.5	 38.2	 26.7	 0.270	 7.042	 7.061
   50.2	 43.7	 43.5	 25.4	 26.9	 30.7	 44.5	 38.1	 26.7	 0.277	 7.021	 7.040
   51.1	 43.6	 43.5	 25.6	 26.9	 30.7	 44.4	 38.0	 26.7	 0.277	 7.021	 7.040
   51.8	 43.6	 43.5	 25.4	 26.8	 30.7	 44.4	 38.0	 26.6	 0.275	 7.021	 7.061
   52.7	 43.6	 43.5	 25.5	 26.8	 30.7	 44.4	 37.9	 26.6	 0.277	 7.001	 7.040
   53.5	 43.6	 43.5	 24.8	 26.8	 30.7	 44.4	 37.9	 26.6	 0.275	 7.083	 7.020
   54.4	 43.6	 43.5	 24.6	 26.7	 30.6	 44.3	 37.8	 26.6	 0.277	 6.980	 7.020
   55.2	 43.6	 43.5	 24.4	 26.7	 30.6	 44.3	 37.7	 26.6	 0.280	 6.980	 6.999
   56.0	 43.6	 43.5	 24.7	 26.6	 30.6	 44.3	 37.6	 26.5	 0.280	 6.960	 6.999
   56.8	 43.6	 43.5	 25.1	 26.6	 30.6	 44.3	 37.6	 26.5	 0.285	 6.960	 7.101
   57.7	 43.6	 43.5	 25.0	 26.6	 30.5	 44.2	 37.4	 26.5	 0.282	 6.939	 6.979
   58.5	 43.6	 43.5	 25.1	 26.5	 30.5	 44.2	 37.4	 26.5	 0.277	 6.939	 6.958
   59.4	 43.6	 43.5	 25.3	 26.5	 30.5	 44.2	 37.3	 26.5	 0.287	 6.898	 6.958
   60.2	 43.6	 43.5	 25.0	 26.5	 30.5	 44.1	 37.1	 26.4	 0.278	 6.919	 6.958
   61.0	 43.6	 43.5	 24.8	 26.5	 30.4	 44.1	 37.1	 26.4	 0.279	 6.919	 6.958
   61.8	 43.6	 43.5	 24.7	 26.4	 30.4	 44.0	 37.0	 26.3	 0.278	 6.919	 6.938
   62.7	 43.6	 43.5	 24.8	 26.4	 30.4	 44.0	 36.8	 26.3	 0.281	 6.898	 6.938
   63.5	 43.6	 43.5	 25.2	 26.5	 30.4	 44.0	 36.7	 26.3	 0.278	 6.898	 6.918
   64.3	 43.6	 43.5	 24.9	 26.4	 30.4	 43.9	 36.6	 26.2	 0.269	 6.878	 6.918
   65.1	 43.6	 43.5	 25.4	 26.4	 30.3	 43.9	 36.5	 26.2	 0.277	 6.898	 6.918
   66.0	 43.6	 43.5	 25.6	 26.4	 30.3	 43.9	 36.3	 26.1	 0.273	 6.878	 6.918
   66.8	 43.6	 43.5	 25.0	 26.4	 30.3	 43.9	 36.2	 26.1	 0.270	 6.878	 6.918
   67.7	 43.6	 43.5	 24.7	 26.4	 30.3	 43.8	 36.1	 26.1	 0.272	 6.878	 6.918
   68.5	 43.6	 43.5	 24.9	 26.4	 30.3	 43.8	 35.9	 26.1	 0.276	 6.878	 6.897
   69.3	 43.6	 43.5	 24.9	 26.4	 30.2	 43.8	 35.9	 26.0	 0.282	 6.858	 6.897
   70.1	 43.6	 43.5	 25.0	 26.3	 30.2	 43.7	 35.8	 26.0	 0.268	 6.858	 6.897
   71.0	 43.6	 43.5	 24.8	 26.3	 30.2	 43.7	 35.6	 26.0	 0.274	 6.858	 6.897
   71.8	 43.6	 43.5	 25.5	 26.3	 30.1	 43.6	 35.5	 25.9	 0.276	 6.858	 6.877
   72.7	 43.5	 43.5	 25.0	 26.3	 30.1	 43.6	 35.4	 25.9	 0.276	 6.939	 6.877
   73.5	 43.5	 43.5	 24.9	 26.3	 30.1	 43.6	 35.3	 25.9	 0.268	 6.898	 6.877
   74.3	 43.5	 43.4	 25.3	 26.3	 30.1	 43.6	 35.2	 25.8	 0.273	 6.837	 6.877
   75.1	 43.5	 43.4	 24.7	 26.3	 30.1	 43.5	 35.2	 25.8	 0.269	 6.837	 6.877
   76.0	 43.5	 43.5	 24.6	 26.3	 30.1	 43.5	 35.1	 25.8	 0.270	 6.837	 6.877
   76.8	 43.5	 43.5	 25.7	 26.2	 30.0	 43.5	 35.0	 25.8	 0.275	 6.837	 6.856
   77.7	 43.5	 43.5	 26.0	 26.2	 30.0	 43.4	 34.9	 25.8	 0.281	 6.837	 6.856
   78.5	 43.5	 43.5	 26.1	 26.2	 30.0	 43.4	 34.8	 25.8	 0.282	 6.817	 6.856
   79.3	 43.6	 43.5	 25.6	 26.2	 30.0	 43.4	 34.7	 25.7	 0.277	 6.817	 6.856
   80.1	 43.5	 43.5	 25.9	 26.2	 30.0	 43.4	 34.7	 25.7	 0.278	 6.817	 6.856
   81.0	 43.6	 43.5	 25.9	 26.2	 29.9	 43.3	 34.6	 25.7	 0.276	 6.817	 6.856
   81.8	 43.6	 43.5	 25.7	 26.2	 29.9	 43.3	 34.5	 25.7	 0.276	 6.817	 6.836
   82.7	 43.5	 43.5	 25.8	 26.2	 29.9	 43.3	 34.4	 25.7	 0.273	 6.796	 6.836
   83.5	 43.5	 43.5	 25.9	 26.2	 29.9	 43.3	 34.3	 25.7	 0.277	 6.817	 6.836
   84.4	 43.5	 43.4	 25.9	 26.1	 29.9	 43.2	 34.3	 25.7	 0.279	 6.817	 6.836
   85.2	 43.5	 43.4	 25.9	 26.1	 29.9	 43.2	 34.2	 25.6	 0.272	 6.796	 6.836
   86.0	 43.5	 43.4	 25.9	 26.1	 29.9	 43.2	 34.1	 25.6	 0.271	 6.796	 6.836
   86.8	 43.5	 43.4	 26.1	 26.1	 29.8	 43.1	 34.0	 25.6	 0.276	 6.796	 6.815
   87.7	 43.5	 43.4	 26.4	 26.1	 29.8	 43.1	 34.0	 25.6	 0.268	 6.776	 6.815
   88.5	 43.5	 43.4	 26.2	 26.1	 29.8	 43.1	 33.9	 25.6	 0.276	 6.796	 6.795
   89.4	 43.5	 43.4	 26.0	 26.1	 29.8	 43.0	 33.8	 25.6	 0.273	 6.796	 6.815
   90.2	 43.5	 43.5	 26.1	 26.1	 29.8	 43.0	 33.7	 25.5	 0.278	 6.796	 6.815
   91.0	 43.5	 43.4	 26.0	 26.1	 29.7	 43.0	 33.6	 25.5	 0.277	 6.776	 6.815
   91.8	 43.5	 43.4	 26.1	 26.1	 29.7	 42.9	 33.6	 25.5	 0.279	 6.776	 6.795
   92.7	 43.5	 43.4	 26.1	 26.1	 29.7	 42.9	 33.5	 25.5	 0.269	 6.776	 6.795
   93.5	 43.5	 43.5	 25.8	 26.1	 29.7	 42.9	 33.4	 25.5	 0.279	 6.776	 6.795
   94.4	 43.5	 43.4	 25.7	 26.1	 29.7	 42.8	 33.4	 25.5	 0.273	 6.776	 6.795
   95.2	 43.5	 43.4	 25.8	 26.1	 29.6	 42.8	 33.3	 25.5	 0.273	 6.755	 6.795
   96.1	 43.5	 43.4	 25.8	 26.1	 29.6	 42.7	 33.2	 25.4	 0.267	 6.755	 6.795
   96.9	 43.5	 43.4	 25.8	 26.0	 29.6	 42.7	 33.1	 25.4	 0.274	 6.755	 6.795
   97.7	 43.5	 43.4	 26.0	 26.0	 29.6	 42.7	 33.0	 25.4	 0.281	 6.755	 6.795
   98.5	 43.5	 43.4	 25.9	 26.0	 29.5	 42.6	 32.9	 25.4	 0.281	 6.755	 6.795
   99.4	 43.4	 43.4	 25.9	 26.0	 29.5	 42.6	 32.9	 25.4	 0.275	 6.755	 6.775
  100.2	 43.4	 43.4	 25.8	 26.0	 29.5	 42.6	 32.8	 25.4	 0.278	 6.755	 6.795
  101.1	 43.4	 43.4	 25.5	 26.0	 29.5	 42.5	 32.7	 25.4	 0.275	 6.755	 6.775
  101.9	 43.4	 43.4	 25.7	 26.0	 29.5	 42.5	 32.7	 25.4	 0.281	 6.755	 6.775
  102.7	 43.4	 43.4	 25.6	 26.0	 29.5	 42.5	 32.6	 25.4	 0.278	 6.735	 6.775
  103.6	 43.4	 43.4	 25.6	 26.0	 29.4	 42.5	 32.6	 25.4	 0.274	 6.755	 6.775
  104.4	 43.4	 43.4	 25.6	 26.0	 29.4	 42.4	 32.5	 25.4	 0.279	 6.735	 6.775
  105.2	 43.5	 43.4	 25.4	 26.0	 29.4	 42.4	 32.4	 25.4	 0.280	 6.735	 6.754
  106.1	 43.5	 43.4	 25.5	 26.0	 29.4	 42.4	 32.4	 25.4	 0.278	 6.735	 6.775
  106.9	 43.5	 43.4	 25.2	 26.0	 29.3	 42.3	 32.3	 25.3	 0.278	 6.735	 6.754
  107.8	 43.5	 43.4	 25.6	 26.0	 29.3	 42.3	 32.2	 25.3	 0.278	 6.735	 6.754
  108.6	 43.5	 43.4	 26.1	 26.0	 29.3	 42.3	 32.2	 25.4	 0.273	 6.735	 6.754
  109.5	 43.4	 43.4	 26.2	 26.0	 29.3	 42.2	 32.1	 25.3	 0.281	 6.735	 6.754
  110.3	 43.4	 43.4	 26.3	 26.0	 29.3	 42.2	 32.0	 25.3	 0.278	 6.735	 6.754
  111.2	 43.4	 43.4	 25.9	 25.9	 29.3	 42.2	 31.9	 25.3	 0.277	 6.735	 6.754
  112.0	 43.4	 43.4	 25.9	 25.9	 29.2	 42.1	 31.9	 25.3	 0.283	 6.735	 6.754
  112.9	 43.4	 43.4	 26.3	 26.0	 29.2	 42.1	 31.8	 25.3	 0.275	 6.735	 6.754
  113.7	 43.4	 43.4	 25.6	 25.9	 29.2	 42.1	 31.8	 25.3	 0.277	 6.735	 6.754
  114.6	 43.4	 43.4	 25.3	 25.9	 29.2	 42.0	 31.7	 25.3	 0.268	 6.735	 6.754
  115.4	 43.4	 43.4	 25.6	 25.9	 29.2	 42.0	 31.7	 25.3	 0.285	 6.735	 6.754
  116.3	 43.4	 43.4	 25.7	 25.9	 29.2	 42.0	 31.6	 25.3	 0.278	 6.714	 6.795
  117.1	 43.4	 43.4	 26.1	 25.9	 29.2	 41.9	 31.6	 25.3	 0.281	 6.714	 6.754
  118.0	 43.4	 43.4	 25.8	 25.9	 29.1	 41.9	 31.5	 25.3	 0.278	 6.714	 6.754
  118.8	 43.4	 43.3	 25.9	 25.8	 29.1	 41.9	 31.4	 25.3	 0.276	 6.714	 6.734
  119.7	 43.4	 43.4	 26.0	 25.9	 29.1	 41.8	 31.4	 25.3	 0.277	 6.714	 6.754
  120.5	 43.4	 43.4	 25.9	 25.9	 29.1	 41.8	 31.3	 25.3	 0.268	 6.714	 6.734
  121.3	 43.4	 43.3	 25.8	 25.9	 29.0	 41.7	 31.2	 25.3	 0.270	 6.714	 6.754
  122.1	 43.4	 43.3	 26.0	 25.9	 29.0	 41.7	 31.2	 25.3	 0.277	 6.694	 6.734
  123.0	 43.4	 43.3	 25.9	 25.9	 29.0	 41.7	 31.1	 25.3	 0.275	 6.714	 6.734
  123.8	 43.4	 43.3	 26.0	 25.9	 29.0	 41.7	 31.1	 25.3	 0.283	 6.714	 6.836
  124.7	 43.4	 43.3	 26.0	 25.9	 29.0	 41.6	 31.0	 25.3	 0.279	 6.714	 6.754
  125.5	 43.4	 43.3	 26.2	 25.9	 29.0	 41.6	 31.0	 25.3	 0.270	 6.714	 6.734
  126.4	 43.3	 43.3	 26.1	 25.8	 29.0	 41.5	 30.9	 25.3	 0.274	 6.714	 6.754
  127.2	 43.3	 43.3	 26.1	 25.8	 29.0	 41.5	 30.9	 25.3	 0.280	 6.714	 6.734
  128.1	 43.3	 43.3	 26.0	 25.9	 28.9	 41.5	 30.8	 25.3	 0.281	 6.714	 6.734
  128.9	 43.3	 43.3	 26.1	 25.8	 28.9	 41.5	 30.7	 25.3	 0.279	 6.714	 6.734
  129.7	 43.3	 43.3	 26.0	 25.8	 28.9	 41.4	 30.7	 25.3	 0.271	 6.694	 6.734
  130.5	 43.3	 43.3	 25.9	 25.8	 28.9	 41.4	 30.7	 25.3	 0.274	 6.694	 6.734
  131.4	 43.3	 43.3	 25.8	 25.8	 28.9	 41.4	 30.6	 25.3	 0.272	 6.694	 6.713
  132.2	 43.3	 43.3	 25.5	 25.8	 28.9	 41.3	 30.6	 25.3	 0.275	 6.694	 6.734
  133.1	 43.3	 43.3	 25.4	 25.8	 28.9	 41.3	 30.5	 25.3	 0.282	 6.694	 6.713
  133.9	 43.3	 43.3	 25.4	 25.8	 28.8	 41.3	 30.4	 25.3	 0.279	 6.694	 6.713
  134.8	 43.3	 43.3	 25.4	 25.8	 28.8	 41.2	 30.4	 25.3	 0.283	 7.348	 6.509
  135.6	 43.3	 43.3	 25.5	 25.8	 29.3	 42.6	 30.3	 25.3	 0.271	 8.555	 6.162
  136.4	 43.3	 43.3	 25.5	 25.7	 29.4	 44.8	 30.3	 25.2	 0.268	 9.701	 6.080
  137.2	 43.3	 43.3	 25.6	 25.6	 27.3	 48.2	 30.4	 25.1	 0.271	10.621	 5.917
  138.1	 43.3	 43.3	 25.4	 25.4	 22.5	 49.6	 31.0	 25.0	 0.276	11.378	 5.835
  138.9	 43.3	 43.4	 25.4	 25.3	 21.8	 50.9	 31.5	 24.9	 0.281	11.725	 5.549
  139.8	 43.3	 43.4	 25.7	 25.2	 21.4	 52.9	 31.4	 24.7	 0.272	12.032	 5.692
  140.6	 43.3	 43.7	 25.6	 25.0	 21.1	 53.7	 31.2	 24.6	 0.277	12.257	 5.753
  141.5	 43.3	 44.0	 25.8	 24.9	 20.9	 54.3	 30.8	 24.5	 0.284	12.503	 5.692
  142.3	 43.3	 44.3	 26.0	 24.8	 20.6	 55.3	 30.5	 24.4	 0.275	12.789	 5.631
  143.2	 43.3	 45.1	 25.9	 24.6	 20.4	 55.8	 30.2	 24.2	 0.273	12.953	 5.590
  144.0	 43.3	 45.5	 25.9	 24.6	 20.3	 56.2	 29.6	 24.1	 0.270	13.075	 5.549
  144.8	 43.3	 45.9	 26.0	 24.5	 20.2	 56.9	 29.3	 23.9	 0.268	13.219	 5.508
  145.6	 43.3	 46.7	 26.0	 24.3	 19.9	 57.3	 29.0	 23.8	 0.278	13.403	 5.467
  146.5	 43.3	 47.1	 26.2	 24.2	 19.6	 57.6	 28.6	 23.7	 0.273	13.505	 5.345
  147.3	 43.3	 47.5	 26.3	 24.1	 19.5	 58.2	 28.5	 23.6	 0.278	13.464	 5.345
  148.2	 43.3	 48.1	 26.2	 24.1	 19.4	 58.5	 28.3	 23.4	 0.272	13.546	 5.406
  149.0	 43.3	 48.4	 26.3	 24.0	 19.4	 58.7	 28.1	 23.4	 0.277	13.771	 5.447
  149.9	 43.3	 48.6	 26.1	 23.9	 19.3	 59.0	 28.1	 23.2	 0.278	13.648	 5.406
  150.7	 43.2	 48.9	 26.1	 23.7	 19.2	 59.2	 28.1	 23.1	 0.271	13.730	 5.386
  151.5	 43.2	 49.1	 26.2	 23.7	 19.1	 59.3	 28.2	 23.0	 0.267	13.812	 5.365
  152.3	 43.2	 49.2	 26.2	 23.6	 19.0	 59.6	 28.3	 22.9	 0.277	13.934	 5.386
  153.2	 43.2	 49.5	 26.2	 23.5	 18.9	 59.8	 28.5	 22.8	 0.275	14.057	 5.345
  154.0	 43.2	 49.7	 26.3	 23.4	 18.8	 60.0	 29.2	 22.7	 0.269	14.016	 5.324
  154.9	 43.2	 49.8	 26.3	 23.3	 18.7	 60.2	 29.7	 22.5	 0.271	14.159	 5.345
  155.7	 43.2	 50.0	 26.2	 23.2	 18.6	 60.4	 30.3	 22.5	 0.270	14.200	 5.304
  156.6	 43.2	 50.1	 26.2	 23.1	 18.6	 60.7	 31.9	 22.4	 0.273	14.180	 5.304
  157.4	 43.2	 50.2	 26.1	 23.1	 18.5	 60.8	 32.9	 22.3	 0.281	14.262	 5.283
  158.3	 43.2	 50.5	 26.2	 22.9	 18.3	 60.9	 33.9	 22.2	 0.276	14.282	 5.263
  159.1	 43.2	 50.6	 26.2	 22.9	 18.2	 61.1	 36.5	 22.1	 0.270	14.446	 5.222
  159.9	 43.2	 50.7	 26.2	 22.8	 18.1	 61.3	 38.0	 22.0	 0.275	14.364	 5.222
  160.7	 43.2	 50.8	 25.9	 22.7	 18.0	 61.4	 39.5	 21.9	 0.271	14.446	 5.263
  161.6	 43.2	 50.9	 26.0	 22.6	 18.0	 61.5	 42.5	 21.8	 0.275	14.446	 5.222
  162.4	 43.2	 51.0	 26.0	 22.6	 17.9	 61.8	 43.8	 21.8	 0.271	14.528	 5.222
  163.3	 43.2	 51.2	 26.2	 22.6	 17.8	 61.8	 45.0	 21.7	 0.270	14.691	 5.181
  164.1	 43.2	 51.3	 26.1	 22.5	 17.8	 61.9	 46.7	 21.6	 0.269	14.671	 5.140
  165.0	 43.2	 51.3	 26.1	 22.4	 17.7	 62.2	 47.4	 21.5	 0.271	14.753	 5.161
  165.8	 43.2	 51.5	 26.0	 22.4	 17.7	 62.3	 48.0	 21.4	 0.277	14.691	 5.161
  166.7	 43.2	 51.6	 25.8	 22.4	 17.6	 62.5	 48.9	 21.4	 0.278	14.773	 5.181
  167.5	 43.2	 51.7	 25.8	 22.3	 17.6	 62.6	 49.2	 21.2	 0.271	14.916	 5.161
  168.4	 43.2	 51.8	 25.7	 22.3	 17.6	 62.7	 49.8	 21.2	 0.275	14.957	 5.161
  169.2	 43.2	 51.9	 25.7	 22.3	 17.6	 62.9	 50.0	 21.1	 0.279	14.978	 5.161
  170.1	 43.2	 52.0	 25.7	 22.2	 17.6	 62.9	 50.2	 21.0	 0.274	15.080	 5.140
  170.9	 43.2	 52.1	 25.5	 22.1	 17.5	 63.0	 50.3	 21.0	 0.271	15.018	 5.140
  171.8	 43.1	 52.2	 24.8	 22.1	 17.5	 63.1	 50.6	 20.9	 0.270	15.162	 5.120
  172.6	 43.1	 52.2	 24.6	 22.1	 17.5	 63.2	 50.6	 20.8	 0.275	15.080	 5.140
  173.5	 43.2	 52.4	 24.8	 22.1	 17.5	 63.3	 50.8	 20.8	 0.277	15.182	 5.140
  174.2	 43.2	 52.4	 24.9	 22.0	 17.5	 63.3	 50.8	 20.8	 0.277	15.141	 5.120
  175.1	 43.1	 52.5	 25.1	 22.0	 17.5	 63.3	 50.8	 20.7	 0.275	15.141	 5.120
  175.9	 43.2	 52.6	 25.3	 21.9	 17.4	 63.4	 50.8	 20.6	 0.272	15.203	 5.140
  176.8	 43.2	 52.7	 25.2	 21.9	 17.4	 63.5	 50.9	 20.6	 0.274	15.325	 5.140
  177.6	 43.2	 52.7	 25.2	 21.8	 17.4	 63.6	 50.9	 20.5	 0.276	15.448	 5.140
  178.4	 43.2	 52.9	 24.8	 21.8	 17.4	 63.6	 50.9	 20.5	 0.274	15.284	 5.140
  179.2	 43.2	 52.9	 25.0	 21.7	 17.4	 63.7	 50.8	 20.4	 0.278	15.407	 5.140
  180.1	 43.2	 53.0	 25.3	 21.7	 17.4	 63.8	 50.8	 20.4	 0.275	15.387	 5.161
  180.9	 43.2	 53.1	 25.3	 21.7	 17.3	 63.8	 50.8	 20.3	 0.281	15.571	 5.161
  181.8	 43.2	 53.2	 24.9	 21.6	 17.3	 63.9	 50.7	 20.3	 0.275	15.468	 5.161
  182.6	 43.2	 53.2	 24.7	 21.6	 17.3	 63.9	 50.7	 20.2	 0.277	15.468	 5.161
  183.4	 43.2	 53.3	 24.8	 21.5	 17.2	 63.9	 50.6	 20.2	 0.275	15.734	 5.161
  184.2	 43.2	 53.4	 24.8	 21.4	 17.2	 63.9	 50.5	 20.1	 0.269	15.673	 5.161
  185.1	 43.2	 53.4	 24.7	 21.4	 17.1	 64.0	 50.5	 20.0	 0.266	15.796	 5.161
  185.9	 43.3	 53.5	 25.1	 21.4	 17.0	 64.0	 50.4	 19.9	 0.276	15.693	 5.140
  186.8	 43.3	 53.6	 24.9	 21.3	 17.0	 64.1	 50.3	 19.9	 0.271	15.816	 5.161
  187.6	 43.3	 53.7	 25.2	 21.3	 17.0	 64.2	 50.3	 19.8	 0.274	15.734	 5.140
  188.5	 43.3	 53.7	 25.3	 21.2	 16.9	 64.2	 50.2	 19.7	 0.272	15.857	 5.161
  189.3	 43.3	 53.8	 25.1	 21.2	 16.9	 64.2	 50.1	 19.7	 0.283	15.775	 5.140
  190.1	 43.3	 53.8	 24.5	 21.2	 16.8	 64.3	 50.1	 19.6	 0.278	15.877	 5.140
  190.9	 43.3	 53.9	 24.8	 21.1	 16.8	 64.4	 50.0	 19.5	 0.277	15.796	 5.120
  191.8	 43.3	 54.0	 24.9	 21.1	 16.7	 64.4	 49.9	 19.4	 0.271	15.898	 5.120
  192.6	 43.4	 54.0	 25.1	 21.1	 16.7	 64.5	 49.9	 19.4	 0.274	15.980	 5.120
  193.5	 43.4	 54.1	 25.2	 21.0	 16.6	 64.5	 49.8	 19.3	 0.282	16.041	 5.120
  194.3	 43.4	 54.1	 25.3	 21.0	 16.6	 64.5	 49.8	 19.2	 0.269	15.980	 5.120
  195.1	 43.5	 54.2	 25.1	 21.0	 16.6	 64.5	 49.7	 19.2	 0.273	16.062	 5.120
  195.9	 43.5	 54.3	 25.2	 20.9	 16.5	 64.5	 49.6	 19.1	 0.275	16.041	 5.100
  196.8	 43.5	 54.3	 25.4	 20.9	 16.5	 64.6	 49.5	 19.0	 0.267	15.939	 5.100
  197.6	 43.5	 54.4	 24.7	 20.9	 16.4	 64.5	 49.5	 19.0	 0.275	16.062	 5.100
  198.5	 43.5	 54.4	 24.6	 20.8	 16.4	 64.6	 49.5	 18.9	 0.263	15.939	 5.079
  199.3	 43.5	 54.5	 24.6	 20.9	 16.3	 64.6	 49.4	 18.8	 0.282	16.102	 5.079
  200.1	 43.6	 54.5	 24.7	 20.8	 16.3	 64.8	 49.3	 18.8	 0.275	15.980	 5.243
  200.9	 43.6	 54.5	 25.0	 20.8	 16.3	 64.8	 49.3	 18.7	 0.284	16.123	 5.079
  201.8	 43.6	 54.6	 25.2	 20.7	 16.3	 64.8	 49.2	 18.7	 0.275	16.021	 5.079
  202.6	 43.6	 54.6	 25.4	 20.7	 16.3	 64.9	 49.2	 18.6	 0.281	16.164	 5.059
  203.5	 43.6	 54.7	 25.6	 20.7	 16.3	 64.9	 49.2	 18.5	 0.276	16.266	 5.059
  204.3	 43.7	 54.7	 24.8	 20.7	 16.3	 64.9	 49.1	 18.5	 0.270	16.102	 5.038
  205.2	 43.6	 54.7	 24.7	 20.6	 16.3	 64.9	 49.0	 18.4	 0.276	16.266	 5.038
  206.0	 43.7	 54.8	 24.3	 20.6	 16.5	 65.0	 49.0	 18.3	 0.271	16.184	 5.018
  206.9	 43.7	 54.8	 24.4	 20.6	 16.6	 65.1	 49.0	 18.3	 0.271	16.307	 5.018
  207.7	 43.7	 54.8	 24.7	 20.5	 16.8	 65.2	 49.0	 18.3	 0.273	16.307	 4.997
  208.6	 43.8	 54.9	 24.9	 20.5	 17.0	 65.2	 49.0	 18.2	 0.277	16.307	 4.977
  209.4	 43.8	 54.9	 24.6	 20.5	 17.1	 65.3	 49.0	 18.1	 0.266	16.287	 4.977
  210.3	 43.8	 54.9	 24.9	 20.5	 17.2	 65.4	 48.9	 18.0	 0.270	16.143	 4.957
  211.1	 43.8	 55.0	 25.2	 20.5	 17.4	 65.5	 48.9	 18.0	 0.275	16.102	 4.957
  212.0	 43.9	 55.0	 24.7	 20.5	 17.6	 65.7	 48.9	 17.9	 0.276	16.225	 4.936
  212.8	 43.9	 55.0	 24.8	 20.4	 17.7	 65.8	 48.9	 17.9	 0.277	16.287	 4.936
  213.7	 43.9	 55.0	 25.3	 20.4	 17.9	 65.8	 48.9	 17.8	 0.273	16.143	 4.936
  214.5	 44.0	 55.0	 24.7	 20.4	 18.0	 65.8	 48.9	 17.8	 0.277	16.287	 4.895
  215.3	 44.0	 55.1	 24.8	 20.4	 18.1	 65.8	 49.0	 17.7	 0.274	16.389	 4.916
  216.2	 44.0	 55.1	 25.1	 20.4	 18.2	 65.9	 48.9	 17.6	 0.276	16.164	 4.895
  217.0	 44.0	 55.1	 24.7	 20.3	 18.3	 66.0	 49.0	 17.6	 0.274	16.184	 4.875
  217.8	 44.0	 55.1	 24.9	 20.4	 18.4	 66.0	 49.0	 17.5	 0.267	16.348	 4.895
  218.7	 44.0	 55.2	 25.2	 20.4	 18.6	 66.0	 49.0	 17.5	 0.272	16.287	 4.854
  219.5	 44.1	 55.2	 25.1	 20.4	 18.6	 66.1	 49.1	 17.5	 0.278	16.348	 4.854
  220.4	 44.1	 55.2	 25.3	 20.4	 18.7	 66.1	 49.1	 17.4	 0.273	16.123	 4.854
  221.2	 44.1	 55.2	 25.4	 20.4	 18.9	 66.1	 49.2	 17.4	 0.283	16.246	 4.854
  222.1	 44.2	 55.2	 25.5	 20.4	 18.9	 66.1	 49.2	 17.4	 0.272	16.327	 4.854
  222.9	 44.2	 55.2	 25.5	 20.4	 19.0	 66.2	 49.3	 17.3	 0.278	16.307	 4.854
  223.8	 44.2	 55.2	 25.6	 20.4	 19.1	 66.2	 49.4	 17.3	 0.276	16.348	 4.854
  224.6	 44.3	 55.2	 24.8	 20.4	 19.2	 66.3	 49.5	 17.3	 0.275	16.164	 4.854
  225.4	 44.3	 55.2	 24.8	 20.4	 19.3	 66.3	 49.6	 17.3	 0.276	16.246	 4.854
  226.3	 44.3	 55.3	 24.6	 20.5	 19.4	 66.3	 49.7	 17.3	 0.269	16.205	 4.854
  227.1	 44.4	 55.3	 24.6	 20.4	 19.5	 66.3	 49.8	 17.3	 0.274	16.123	 4.875
  227.9	 44.4	 55.3	 24.7	 20.4	 19.5	 66.3	 49.9	 17.2	 0.279	16.266	 4.854
  228.8	 44.4	 55.3	 25.2	 20.4	 19.6	 66.3	 49.9	 17.2	 0.270	16.368	 4.875
  229.6	 44.4	 55.3	 25.0	 20.5	 19.7	 66.4	 50.1	 17.2	 0.276	16.246	 4.875
  230.5	 44.4	 55.3	 24.7	 20.5	 19.7	 66.4	 50.1	 17.2	 0.275	16.348	 4.875
  231.3	 44.4	 55.4	 24.9	 20.5	 19.9	 66.5	 50.2	 17.2	 0.273	16.225	 4.875
  232.2	 44.4	 55.4	 25.2	 20.5	 19.9	 66.5	 50.3	 17.2	 0.280	16.287	 4.875
  233.0	 44.4	 55.4	 25.0	 20.5	 20.0	 66.5	 50.3	 17.2	 0.273	16.389	 4.875
  233.9	 44.5	 55.4	 25.0	 20.5	 20.1	 66.5	 50.4	 17.2	 0.266	16.491	 4.875
  234.7	 44.5	 55.4	 25.2	 20.5	 20.1	 66.5	 50.5	 17.2	 0.273	16.368	 4.875
  235.6	 44.5	 55.5	 25.3	 20.5	 20.2	 66.5	 50.6	 17.2	 0.278	16.307	 4.895
  236.4	 44.5	 55.5	 25.4	 20.5	 20.3	 66.6	 50.7	 17.2	 0.275	16.430	 4.895
  237.3	 44.6	 55.5	 25.0	 20.5	 20.3	 66.8	 50.7	 17.3	 0.276	16.348	 4.875
  238.1	 44.6	 55.5	 25.1	 20.5	 20.4	 66.8	 50.8	 17.2	 0.284	16.389	 4.895
  238.9	 44.6	 55.5	 25.0	 20.5	 20.4	 66.7	 50.9	 17.3	 0.279	16.225	 4.895
  239.7	 44.7	 55.5	 24.7	 20.5	 20.5	 66.8	 51.0	 17.3	 0.274	16.287	 4.875
  240.6	 44.7	 55.6	 24.5	 20.5	 20.6	 66.9	 51.0	 17.3	 0.274	16.430	 4.895
  241.4	 44.7	 55.6	 24.9	 20.5	 20.6	 66.9	 51.1	 17.3	 0.280	16.287	 4.895
  242.3	 44.8	 55.6	 25.2	 20.5	 20.6	 66.9	 51.2	 17.3	 0.280	16.287	 4.895
  243.1	 44.8	 55.6	 25.6	 20.5	 20.7	 66.9	 51.2	 17.3	 0.278	16.348	 4.895
  244.0	 44.8	 55.6	 25.4	 20.5	 20.7	 66.9	 51.3	 17.3	 0.277	16.368	 4.895
  244.8	 44.8	 55.6	 25.7	 20.5	 20.7	 66.8	 51.3	 17.4	 0.276	16.491	 4.895
  245.7	 44.8	 55.7	 25.7	 20.5	 20.8	 66.9	 51.4	 17.4	 0.269	16.409	 4.895
  246.5	 44.8	 55.7	 25.7	 20.5	 20.8	 66.9	 51.4	 17.3	 0.275	16.368	 4.916
  247.4	 44.9	 55.7	 25.5	 20.5	 20.8	 67.0	 51.5	 17.4	 0.275	16.327	 4.895
  248.2	 44.9	 55.8	 25.3	 20.5	 20.9	 67.0	 51.5	 17.4	 0.273	16.512	 4.916
  249.1	 44.9	 55.8	 25.5	 20.5	 20.9	 67.0	 51.5	 17.4	 0.280	16.430	 4.916
  249.9	 45.0	 55.8	 25.5	 20.5	 20.9	 67.0	 51.5	 17.4	 0.272	16.512	 4.916
  250.8	 45.0	 55.8	 25.0	 20.5	 20.9	 67.0	 51.6	 17.4	 0.279	16.552	 4.936
  251.6	 45.0	 55.8	 25.0	 20.4	 21.0	 66.9	 51.6	 17.4	 0.273	16.532	 4.936
  252.5	 45.1	 55.8	 25.4	 20.5	 20.9	 66.7	 51.7	 17.4	 0.268	16.471	 4.936
  253.4	 45.1	 55.9	 25.6	 20.5	 21.0	 66.7	 51.7	 17.4	 0.276	16.348	 5.100
  254.2	 45.2	 55.9	 25.4	 20.5	 21.0	 66.8	 51.7	 17.4	 0.287	16.430	 4.936
  255.1	 45.2	 55.9	 25.6	 20.5	 21.0	 66.8	 51.7	 17.5	 0.290	16.471	 4.936
  255.9	 45.2	 56.0	 25.3	 20.5	 21.0	 66.7	 51.8	 17.5	 0.283	16.614	 4.957
  256.8	 45.3	 56.0	 25.4	 20.5	 21.1	 66.8	 51.8	 17.5	 0.275	16.389	 4.936
  257.6	 45.3	 56.0	 25.5	 20.5	 21.1	 66.8	 51.9	 17.6	 0.278	16.450	 4.957
  258.4	 45.3	 56.1	 25.5	 20.6	 21.1	 66.9	 51.9	 17.6	 0.270	16.532	 4.957
  259.3	 45.3	 56.1	 25.6	 20.5	 21.2	 66.9	 51.9	 17.6	 0.269	16.471	 4.977
  260.1	 45.3	 56.1	 25.7	 20.5	 21.2	 66.9	 52.0	 17.6	 0.274	16.450	 4.957
  261.0	 45.4	 56.1	 25.7	 20.5	 21.2	 67.0	 52.0	 17.6	 0.275	16.532	 5.079
  261.8	 45.4	 56.1	 25.7	 20.5	 21.2	 67.0	 52.0	 17.7	 0.273	16.532	 4.957
  262.7	 45.4	 56.2	 25.7	 20.5	 21.2	 67.0	 52.0	 17.7	 0.276	16.471	 4.957
  263.5	 45.4	 56.2	 25.7	 20.5	 21.2	 67.0	 52.1	 17.7	 0.279	16.675	 4.977
  264.4	 45.5	 56.2	 25.6	 20.4	 21.2	 67.0	 52.1	 17.7	 0.275	16.593	 4.977
  265.2	 45.5	 56.3	 25.3	 20.4	 21.2	 67.1	 52.1	 17.7	 0.271	16.716	 4.997
  266.1	 45.5	 56.3	 25.5	 20.4	 21.3	 67.0	 52.2	 17.8	 0.274	16.716	 4.977
  266.9	 45.5	 56.3	 25.5	 20.4	 21.2	 67.0	 52.2	 17.8	 0.272	16.757	 4.997
  267.8	 45.6	 56.4	 25.1	 20.5	 21.2	 67.0	 52.2	 17.8	 0.285	16.675	 4.977
  268.6	 45.6	 56.4	 25.3	 20.4	 21.2	 67.0	 52.2	 17.8	 0.278	16.716	 4.997
  269.5	 45.6	 56.4	 25.3	 20.4	 21.2	 67.1	 52.2	 17.8	 0.278	16.593	 4.997
  270.3	 45.6	 56.5	 25.1	 20.4	 21.2	 67.1	 52.3	 17.9	 0.277	16.757	 4.997
  271.2	 45.7	 56.5	 25.3	 20.4	 21.2	 67.1	 52.3	 17.9	 0.276	16.675	 4.997
  272.0	 45.7	 56.5	 25.1	 20.4	 21.2	 67.2	 52.3	 17.9	 0.280	16.818	 4.997
  272.8	 45.7	 56.5	 25.2	 20.4	 21.3	 67.2	 52.4	 17.9	 0.271	16.818	 4.997
  273.7	 45.7	 56.5	 25.4	 20.4	 21.3	 67.2	 52.4	 17.9	 0.282	16.757	 4.997
  274.5	 45.7	 56.6	 24.7	 20.4	 21.3	 67.1	 52.4	 18.0	 0.267	16.737	 4.997
  275.4	 45.8	 56.6	 24.7	 20.3	 21.2	 67.0	 52.5	 18.0	 0.279	16.839	 4.997
  276.2	 45.8	 56.6	 25.3	 20.4	 21.2	 67.1	 52.5	 18.0	 0.271	16.839	 5.018
  277.0	 45.9	 56.7	 24.9	 20.4	 21.2	 67.0	 52.6	 18.0	 0.271	16.696	 4.997
  277.9	 45.9	 56.7	 24.8	 20.4	 21.2	 67.1	 52.6	 18.0	 0.283	16.839	 4.997
  278.7	 45.9	 56.7	 24.9	 20.3	 21.2	 67.2	 52.7	 18.1	 0.282	16.818	 5.018
  279.6	 45.9	 56.7	 25.0	 20.4	 21.2	 67.2	 52.7	 18.1	 0.272	16.900	 5.018
  280.4	 45.9	 56.8	 25.2	 20.4	 21.1	 67.3	 52.7	 18.1	 0.277	16.880	 5.018
  281.3	 45.9	 56.8	 25.3	 20.4	 21.1	 67.3	 52.7	 18.1	 0.274	16.839	 5.018
  282.1	 45.9	 56.8	 25.3	 20.4	 21.0	 67.3	 52.7	 18.1	 0.276	16.900	 5.018
  283.0	 46.0	 56.8	 25.1	 20.5	 21.0	 67.3	 52.8	 18.1	 0.269	16.737	 5.120
  283.8	 46.0	 56.9	 25.4	 20.5	 20.9	 67.3	 52.8	 18.2	 0.274	16.921	 5.018
  284.7	 46.1	 56.9	 25.5	 20.5	 20.9	 67.3	 52.8	 18.2	 0.270	16.880	 5.018
  285.5	 46.1	 56.9	 25.2	 20.5	 20.8	 67.3	 52.9	 18.2	 0.268	16.839	 5.038
  286.4	 46.2	 56.9	 25.5	 20.5	 20.7	 67.4	 52.9	 18.2	 0.269	16.757	 5.018
  287.2	 46.1	 57.0	 25.6	 20.5	 20.5	 67.3	 52.9	 18.2	 0.277	16.798	 5.018
  288.1	 46.2	 57.0	 25.1	 20.5	 20.5	 67.3	 52.9	 18.3	 0.274	16.962	 5.018
  288.9	 46.2	 57.0	 25.4	 20.6	 20.4	 67.3	 52.9	 18.3	 0.269	16.798	 5.018
  289.8	 46.2	 57.1	 25.6	 20.5	 20.2	 67.3	 52.9	 18.3	 0.266	16.941	 5.038
  290.6	 46.2	 57.1	 25.2	 20.5	 20.1	 67.2	 53.0	 18.3	 0.279	16.900	 5.018
  291.5	 46.2	 57.1	 25.1	 20.5	 20.0	 67.2	 53.0	 18.4	 0.282	16.859	 5.038
  292.3	 46.2	 57.1	 25.5	 20.5	 19.7	 67.2	 53.0	 18.4	 0.277	16.880	 5.038
  293.2	 46.3	 57.2	 25.5	 20.5	 19.6	 67.3	 53.1	 18.4	 0.280	16.818	 5.038
  294.0	 46.3	 57.2	 25.5	 20.5	 19.4	 67.3	 53.1	 18.4	 0.283	16.941	 5.202
  294.9	 46.3	 57.2	 25.4	 20.5	 19.2	 67.3	 53.1	 18.4	 0.276	16.921	 5.059
  295.7	 46.4	 57.2	 25.2	 20.5	 19.0	 67.3	 53.1	 18.4	 0.273	16.921	 5.059
  296.6	 46.4	 57.3	 25.4	 20.5	 18.7	 67.4	 53.1	 18.4	 0.275	17.023	 5.059
  297.4	 46.5	 57.3	 25.5	 20.6	 18.5	 67.4	 53.1	 18.5	 0.275	17.064	 5.059
  298.3	 46.5	 57.3	 25.1	 20.6	 18.4	 67.4	 53.2	 18.5	 0.268	17.043	 5.059
  299.1	 46.5	 57.3	 25.1	 20.6	 18.0	 67.4	 53.2	 18.5	 0.277	17.043	 5.038
  300.0	 46.5	 57.3	 25.0	 20.6	 17.8	 67.4	 53.2	 18.5	 0.282	17.002	 5.038
  300.8	 46.6	 57.3	 25.2	 20.6	 17.4	 67.4	 53.3	 18.5	 0.271	16.982	 5.059
  301.7	 46.5	 57.3	 25.1	 20.6	 17.0	 67.4	 53.3	 18.6	 0.277	17.002	 5.038
  302.5	 46.5	 57.4	 25.5	 20.6	 16.9	 67.5	 53.3	 18.6	 0.280	17.043	 5.059
  303.4	 46.5	 57.4	 25.7	 20.6	 16.9	 67.6	 53.3	 18.6	 0.273	17.125	 5.059
  304.2	 46.6	 57.4	 25.7	 20.6	 16.8	 67.6	 53.4	 18.6	 0.278	17.186	 5.079
  305.1	 46.6	 57.4	 25.8	 20.6	 16.8	 67.5	 53.4	 18.6	 0.272	16.982	 5.079
  305.9	 46.6	 57.5	 25.7	 20.6	 16.8	 67.5	 53.4	 18.6	 0.278	16.962	 5.120
  306.8	 46.7	 57.5	 25.5	 20.5	 16.7	 67.5	 53.4	 18.5	 0.277	17.084	 5.059
  307.6	 46.7	 57.6	 25.3	 20.5	 16.7	 67.6	 53.4	 18.5	 0.281	17.084	 5.059
  308.5	 46.7	 57.6	 25.3	 20.5	 16.6	 67.5	 53.4	 18.5	 0.276	17.207	 5.059
  309.3	 46.8	 57.6	 25.4	 20.4	 16.6	 67.5	 53.3	 18.5	 0.281	17.268	 5.038
  310.2	 46.8	 57.6	 25.3	 20.4	 16.5	 67.6	 53.3	 18.4	 0.273	17.043	 5.038
  311.0	 46.8	 57.6	 25.4	 20.4	 16.5	 67.6	 53.3	 18.4	 0.275	17.023	 5.038
  311.9	 46.9	 57.7	 25.4	 20.4	 16.4	 67.6	 53.2	 18.3	 0.269	17.248	 5.018
  312.7	 46.9	 57.7	 25.3	 20.4	 16.4	 67.7	 53.2	 18.3	 0.274	17.064	 5.038
  313.6	 46.9	 57.7	 25.4	 20.4	 16.4	 67.8	 53.2	 18.3	 0.278	17.084	 5.038
  314.5	 46.9	 57.7	 25.1	 20.4	 16.4	 67.7	 53.2	 18.3	 0.279	17.227	 5.018
  315.4	 46.9	 57.8	 25.4	 20.3	 16.4	 67.7	 53.1	 18.3	 0.274	17.268	 5.140
  316.2	 46.9	 57.8	 25.5	 20.3	 16.4	 67.7	 53.1	 18.2	 0.275	17.084	 4.997
  317.1	 46.9	 57.8	 25.4	 20.3	 16.3	 67.8	 53.1	 18.2	 0.274	17.350	 4.997
  317.9	 47.0	 57.9	 25.7	 20.3	 16.3	 67.8	 53.1	 18.2	 0.273	17.207	 5.018
  318.8	 46.9	 57.9	 25.8	 20.3	 16.4	 67.8	 53.1	 18.2	 0.277	17.227	 4.997
  319.6	 47.0	 57.9	 25.1	 20.3	 16.4	 67.8	 53.0	 18.1	 0.273	17.207	 4.997
  320.5	 47.0	 57.9	 25.3	 20.3	 16.4	 67.7	 53.0	 18.1	 0.282	17.186	 4.997
  321.4	 47.1	 58.0	 25.8	 20.3	 16.4	 67.8	 53.0	 18.1	 0.277	17.186	 4.977
  322.3	 47.1	 58.0	 25.9	 20.2	 16.4	 67.8	 53.0	 18.1	 0.270	17.227	 4.997
  323.1	 47.1	 58.0	 25.8	 20.2	 16.5	 67.8	 52.9	 18.0	 0.273	17.330	 4.977
  324.0	 47.1	 58.0	 25.3	 20.2	 16.6	 68.0	 52.9	 18.0	 0.276	17.309	 4.977
  324.8	 47.2	 58.0	 25.4	 20.1	 16.7	 68.0	 52.9	 18.0	 0.270	17.207	 4.977
  325.7	 47.2	 58.1	 25.5	 20.1	 16.9	 68.0	 52.9	 17.9	 0.269	17.207	 4.957
  326.5	 47.2	 58.1	 25.4	 20.1	 17.0	 68.0	 52.8	 17.9	 0.274	17.268	 4.957
  327.4	 47.2	 58.1	 25.0	 20.0	 17.2	 68.1	 52.8	 17.9	 0.272	17.309	 4.957
  328.3	 47.2	 58.1	 24.9	 20.1	 17.3	 68.1	 52.8	 17.8	 0.269	17.411	 4.936
  329.2	 47.3	 58.1	 25.0	 20.0	 17.4	 68.2	 52.8	 17.8	 0.278	17.432	 4.957
  330.0	 47.3	 58.1	 24.9	 20.0	 17.7	 68.1	 52.8	 17.7	 0.270	17.268	 4.936
  330.9	 47.3	 58.2	 25.3	 20.0	 17.7	 68.1	 52.8	 17.7	 0.279	17.391	 4.936
  331.9	 47.3	 58.2	 25.4	 20.0	 17.9	 68.2	 52.7	 17.6	 0.282	17.473	 4.936
  332.8	 47.3	 58.2	 25.2	 20.0	 18.1	 68.3	 52.7	 17.6	 0.268	17.391	 4.936
  333.8	 47.4	 58.2	 24.9	 20.0	 18.2	 68.2	 52.7	 17.6	 0.273	17.268	 4.916
  334.7	 47.4	 58.3	 25.0	 20.0	 18.3	 68.3	 52.8	 17.6	 0.274	17.330	 4.916
  335.6	 47.5	 58.3	 25.1	 20.0	 18.5	 68.3	 52.8	 17.5	 0.270	17.350	 4.916
  336.6	 47.5	 58.3	 24.9	 20.0	 18.6	 68.1	 52.8	 17.5	 0.275	17.493	 4.895
  337.5	 47.6	 58.4	 24.7	 20.0	 18.7	 68.1	 52.8	 17.5	 0.271	17.473	 4.895
  338.5	 47.7	 58.4	 25.1	 20.0	 18.8	 68.2	 52.7	 17.4	 0.271	17.248	 4.895
  339.4	 47.6	 58.4	 25.3	 19.9	 18.9	 68.2	 52.8	 17.4	 0.277	17.452	 4.895
  340.4	 47.6	 58.4	 25.0	 19.9	 19.0	 68.2	 52.8	 17.4	 0.267	17.473	 4.895
  341.3	 47.7	 58.4	 25.2	 19.9	 19.1	 68.2	 52.8	 17.4	 0.272	17.350	 4.895
  342.2	 47.7	 58.4	 25.3	 20.0	 19.2	 68.2	 52.9	 17.4	 0.274	17.350	 4.895
  343.2	 47.7	 58.5	 25.5	 20.0	 19.3	 68.2	 52.9	 17.4	 0.277	17.555	 4.895
  344.1	 47.8	 58.5	 25.5	 20.0	 19.4	 68.2	 52.9	 17.4	 0.280	17.411	 4.875
  345.1	 47.8	 58.5	 25.6	 20.0	 19.5	 68.4	 53.0	 17.4	 0.280	17.309	 4.916
  346.0	 47.8	 58.5	 24.9	 20.0	 19.5	 68.4	 53.1	 17.4	 0.281	17.493	 4.895
  347.0	 47.8	 58.5	 24.6	 20.0	 19.6	 68.3	 53.1	 17.4	 0.276	17.555	 4.895
  347.9	 47.9	 58.5	 25.1	 20.0	 19.7	 68.4	 53.2	 17.4	 0.271	17.411	 4.916
  348.9	 47.9	 58.6	 25.1	 20.0	 19.8	 68.4	 53.2	 17.4	 0.269	17.330	 4.916
  349.8	 47.9	 58.6	 24.7	 20.0	 19.8	 68.4	 53.3	 17.4	 0.280	17.534	 4.895
  350.7	 47.9	 58.6	 25.1	 20.1	 19.9	 68.3	 53.3	 17.4	 0.269	17.493	 4.916
  351.7	 48.0	 58.6	 24.8	 20.1	 19.9	 68.2	 53.3	 17.4	 0.271	17.411	 4.916
  352.6	 48.0	 58.7	 24.6	 20.1	 20.0	 68.2	 53.4	 17.4	 0.271	17.391	 4.916
  353.6	 48.1	 58.7	 25.0	 20.1	 20.1	 68.2	 53.5	 17.4	 0.280	17.596	 4.916
  354.5	 48.1	 58.7	 25.0	 20.1	 20.1	 68.4	 53.5	 17.5	 0.273	17.493	 4.916
  355.4	 48.1	 58.7	 24.7	 20.1	 20.2	 68.5	 53.6	 17.5	 0.271	17.473	 4.916
  356.4	 48.1	 58.7	 24.7	 20.1	 20.2	 68.4	 53.6	 17.5	 0.277	17.391	 4.936
  357.3	 48.1	 58.8	 24.5	 20.1	 20.3	 68.5	 53.6	 17.5	 0.278	17.534	 4.936
  358.3	 48.2	 58.8	 24.6	 20.1	 20.3	 68.6	 53.7	 17.5	 0.276	17.616	 4.936
  359.2	 48.2	 58.8	 25.1	 20.1	 20.4	 68.5	 53.8	 17.6	 0.275	17.514	 4.936
  360.2	 48.3	 58.8	 25.3	 20.2	 20.5	 68.6	 53.8	 17.6	 0.276	17.371	 4.957
  361.1	 48.3	 58.8	 25.4	 20.2	 20.5	 68.5	 53.9	 17.6	 0.272	17.616	 4.936
  362.0	 48.3	 58.9	 25.6	 20.2	 20.5	 68.4	 53.9	 17.6	 0.286	17.636	 5.079
  363.0	 48.3	 58.9	 25.3	 20.2	 20.5	 68.4	 54.0	 17.6	 0.277	17.514	 4.957
  363.9	 48.4	 58.9	 25.3	 20.2	 20.6	 68.4	 54.0	 17.7	 0.278	17.493	 4.936
  364.9	 48.4	 59.0	 25.3	 20.2	 20.6	 68.5	 54.0	 17.7	 0.278	17.677	 4.957
  365.8	 48.4	 59.0	 25.3	 20.2	 20.7	 68.5	 54.1	 17.7	 0.275	17.596	 4.957
  366.8	 48.5	 59.0	 25.2	 20.2	 20.7	 68.5	 54.1	 17.8	 0.271	17.514	 4.936
  367.7	 48.5	 59.0	 25.3	 20.2	 20.7	 68.6	 54.2	 17.8	 0.277	17.575	 4.977
  368.7	 48.5	 59.0	 25.2	 20.2	 20.7	 68.8	 54.3	 17.8	 0.278	17.677	 4.957
  369.6	 48.5	 59.1	 25.3	 20.2	 20.7	 68.8	 54.3	 17.9	 0.274	17.596	 4.957
  370.5	 48.5	 59.1	 24.9	 20.1	 20.7	 68.9	 54.3	 17.9	 0.267	17.493	 4.957
  371.5	 48.5	 59.1	 24.8	 20.2	 20.7	 68.9	 54.4	 17.9	 0.273	17.677	 4.957
  372.4	 48.6	 59.1	 24.8	 20.2	 20.7	 69.1	 54.4	 17.9	 0.270	17.718	 4.977
  373.4	 48.6	 59.1	 25.0	 20.2	 20.7	 69.2	 54.4	 18.0	 0.272	17.575	 4.957
  374.3	 48.6	 59.1	 25.2	 20.3	 20.7	 69.4	 54.5	 18.0	 0.273	17.473	 4.957
  375.3	 48.6	 59.2	 25.0	 20.3	 20.6	 69.4	 54.5	 18.1	 0.269	17.657	 4.977
  376.2	 48.7	 59.2	 24.8	 20.3	 20.6	 69.5	 54.6	 18.1	 0.274	17.493	 4.977
  377.2	 48.7	 59.2	 24.9	 20.3	 20.5	 69.6	 54.7	 18.2	 0.272	17.616	 4.977
  378.1	 48.7	 59.2	 24.6	 20.3	 20.5	 69.7	 54.7	 18.2	 0.273	17.575	 4.977
  379.1	 48.8	 59.2	 24.7	 20.2	 20.3	 69.7	 54.7	 18.2	 0.275	17.575	 4.957
  380.0	 48.8	 59.2	 25.0	 20.2	 20.2	 69.8	 54.8	 18.2	 0.271	17.780	 4.957
  380.9	 48.8	 59.3	 25.0	 20.3	 20.0	 69.9	 54.8	 18.3	 0.272	17.698	 4.957
  381.9	 48.8	 59.3	 24.6	 20.2	 19.9	 69.9	 54.9	 18.3	 0.271	17.534	 4.957
  382.8	 48.9	 59.3	 24.8	 20.2	 19.6	 69.8	 54.9	 18.4	 0.280	17.636	 4.957
  383.8	 48.9	 59.3	 25.2	 20.3	 19.3	 69.9	 55.0	 18.4	 0.278	17.821	 4.957
  384.7	 48.9	 59.3	 24.9	 20.3	 18.3	 70.0	 55.0	 18.4	 0.276	17.677	 4.977
  385.7	 48.9	 59.4	 24.9	 20.3	 17.5	 70.2	 55.0	 18.5	 0.278	17.718	 4.997
  386.6	 48.9	 59.4	 25.1	 20.3	 16.6	 70.2	 55.0	 18.5	 0.276	17.534	 4.997
  387.6	 49.0	 59.4	 25.2	 20.3	 16.5	 70.2	 55.1	 18.5	 0.270	17.718	 4.997
  388.5	 48.9	 59.4	 25.3	 20.3	 16.3	 70.3	 55.1	 18.6	 0.270	17.800	 4.997
  389.5	 49.0	 59.4	 25.3	 20.3	 16.3	 70.4	 55.2	 18.6	 0.280	17.739	 5.018
  390.4	 49.0	 59.5	 25.1	 20.3	 16.3	 70.4	 55.2	 18.7	 0.280	17.861	 4.997
  391.4	 49.1	 59.5	 24.6	 20.3	 16.3	 70.5	 55.3	 18.7	 0.278	17.759	 4.997
  392.4	 49.1	 59.5	 24.8	 20.3	 16.3	 70.6	 55.3	 18.7	 0.271	17.677	 4.997
  393.4	 49.1	 59.5	 25.0	 20.3	 16.3	 70.7	 55.3	 18.7	 0.263	17.698	 4.977
  394.3	 49.1	 59.5	 24.7	 20.3	 16.2	 70.7	 55.3	 18.7	 0.278	17.821	 4.997
  395.3	 49.1	 59.6	 24.3	 20.2	 16.2	 70.6	 55.3	 18.7	 0.266	17.841	 4.997
  396.3	 49.2	 59.6	 23.9	 20.3	 16.2	 70.6	 55.3	 18.7	 0.273	17.943	 4.977
  397.2	 49.2	 59.6	 23.9	 20.3	 16.1	 70.6	 55.3	 18.6	 0.266	17.739	 4.977
  398.2	 49.3	 59.6	 24.2	 20.2	 16.0	 70.7	 55.3	 18.6	 0.267	17.841	 4.957
  399.2	 49.3	 59.7	 23.9	 20.2	 16.0	 70.8	 55.2	 18.6	 0.273	17.698	 4.977
  400.2	 49.4	 59.7	 23.9	 20.2	 16.0	 70.7	 55.3	 18.6	 0.276	18.005	 4.957
  401.1	 49.4	 59.8	 24.5	 20.2	 15.9	 70.7	 55.2	 18.5	 0.275	17.943	 4.957
  402.1	 49.4	 59.8	 24.6	 20.3	 15.9	 70.7	 55.2	 18.6	 0.272	17.882	 4.957
  403.1	 49.4	 59.8	 24.0	 20.3	 15.9	 70.7	 55.2	 18.5	 0.275	17.780	 4.957
  404.0	 49.4	 59.8	 23.9	 20.2	 15.9	 70.8	 55.2	 18.5	 0.277	17.902	 4.957
  405.0	 49.4	 59.8	 23.8	 20.1	 15.9	 70.8	 55.2	 18.4	 0.265	17.964	 4.957
  406.0	 49.5	 59.9	 23.7	 20.1	 15.9	 70.9	 55.1	 18.4	 0.273	17.943	 4.957
  406.9	 49.5	 59.9	 24.0	 20.1	 15.8	 71.0	 55.1	 18.3	 0.274	18.107	 4.957
  407.9	 49.5	 60.0	 24.4	 20.1	 15.8	 71.0	 55.0	 18.3	 0.269	17.902	 4.957
  408.9	 49.5	 60.0	 24.2	 20.1	 15.8	 71.0	 55.0	 18.3	 0.274	18.005	 4.916
  409.9	 49.6	 60.1	 24.1	 20.1	 15.7	 71.0	 55.0	 18.2	 0.269	18.127	 4.936
  410.8	 49.6	 60.1	 24.8	 20.1	 15.8	 70.9	 55.0	 18.2	 0.275	17.964	 4.957
  411.8	 49.6	 60.1	 24.9	 20.1	 15.8	 71.0	 54.9	 18.2	 0.276	18.025	 4.936
  412.8	 49.7	 60.2	 24.6	 20.1	 15.9	 71.1	 54.9	 18.2	 0.283	17.902	 4.936
  413.8	 49.7	 60.2	 24.6	 20.1	 15.9	 71.1	 54.9	 18.1	 0.269	17.964	 4.936
  414.7	 49.7	 60.2	 24.7	 20.0	 15.9	 71.1	 54.9	 18.1	 0.276	18.046	 4.936
  415.7	 49.7	 60.2	 25.2	 20.1	 15.9	 71.1	 54.9	 18.1	 0.269	18.086	 4.936
  416.7	 49.7	 60.2	 25.3	 20.1	 16.0	 71.2	 54.8	 18.1	 0.273	18.189	 4.936
  417.6	 49.7	 60.3	 24.8	 20.0	 16.0	 71.3	 54.8	 18.0	 0.267	17.923	 4.916
  418.6	 49.7	 60.3	 24.7	 20.0	 16.2	 71.3	 54.8	 18.0	 0.260	18.168	 4.936
  419.6	 49.8	 60.3	 25.2	 20.0	 16.3	 71.3	 54.8	 18.0	 0.274	18.005	 4.936
  420.6	 49.8	 60.3	 24.6	 20.0	 16.5	 71.4	 54.8	 17.9	 0.273	18.189	 4.916
  421.5	 49.8	 60.4	 24.0	 19.9	 16.6	 71.5	 54.8	 17.9	 0.271	18.250	 4.916
  422.5	 49.9	 60.4	 23.9	 19.9	 16.8	 71.6	 54.8	 17.8	 0.272	17.964	 4.916
  423.5	 49.9	 60.4	 23.9	 19.9	 16.9	 71.6	 54.8	 17.8	 0.270	18.148	 4.916
  424.5	 49.9	 60.4	 24.3	 19.8	 17.2	 71.6	 54.8	 17.8	 0.268	18.209	 4.895
  425.5	 49.9	 60.4	 24.7	 19.8	 17.4	 71.7	 54.8	 17.8	 0.266	18.107	 4.895
  426.5	 50.0	 60.5	 24.6	 19.9	 17.5	 71.7	 54.8	 17.7	 0.271	18.168	 4.895
  427.5	 49.9	 60.5	 24.5	 19.8	 17.8	 71.8	 54.8	 17.7	 0.270	18.148	 4.875
  428.5	 49.9	 60.5	 24.6	 19.8	 17.8	 71.9	 54.8	 17.7	 0.275	18.250	 4.895
  429.5	 49.9	 60.5	 25.1	 19.8	 18.1	 71.9	 54.8	 17.7	 0.274	18.291	 4.895
  430.5	 49.9	 60.6	 25.0	 19.8	 18.2	 72.0	 54.9	 17.7	 0.269	18.046	 4.895
  431.5	 49.9	 60.6	 24.6	 19.8	 18.4	 71.9	 54.9	 17.7	 0.265	18.291	 4.997
  432.5	 49.9	 60.6	 24.7	 19.7	 18.6	 72.0	 54.9	 17.6	 0.263	18.291	 4.875
  433.5	 49.9	 60.6	 24.2	 19.6	 18.6	 72.0	 54.9	 17.6	 0.273	18.189	 4.875
  434.5	 49.9	 60.6	 24.1	 19.6	 18.8	 72.1	 54.9	 17.6	 0.268	18.189	 4.854
  435.5	 49.9	 60.6	 24.2	 19.7	 18.9	 72.1	 54.9	 17.6	 0.275	18.189	 4.854
  436.5	 49.9	 60.7	 23.9	 19.7	 19.1	 72.2	 55.0	 17.6	 0.284	18.352	 4.875
  437.5	 49.9	 60.7	 23.8	 19.7	 19.2	 72.4	 55.1	 17.6	 0.277	18.311	 4.875
  438.5	 49.9	 60.6	 25.0	 19.8	 19.3	 72.5	 55.1	 17.6	 0.277	18.005	 4.875
  439.5	 49.9	 60.7	 25.1	 19.7	 19.4	 72.5	 55.1	 17.6	 0.266	18.230	 4.875
  440.5	 49.8	 60.7	 24.9	 19.8	 19.4	 72.5	 55.2	 17.6	 0.269	18.230	 4.854
  441.4	 49.9	 60.7	 25.0	 19.8	 19.5	 72.6	 55.1	 17.6	 0.277	18.168	 4.854
  442.4	 49.8	 60.7	 24.6	 19.8	 19.6	 72.7	 55.2	 17.6	 0.274	18.086	 4.875
  443.4	 49.8	 60.7	 25.2	 19.8	 19.7	 72.7	 55.3	 17.6	 0.264	18.107	 4.875
  444.4	 49.8	 60.7	 25.4	 19.9	 19.8	 72.8	 55.3	 17.6	 0.280	18.332	 4.875
  445.4	 49.8	 60.7	 25.0	 19.9	 19.8	 72.8	 55.4	 17.6	 0.278	18.066	 4.895
  446.4	 49.8	 60.7	 25.0	 19.9	 19.9	 72.9	 55.4	 17.7	 0.271	18.086	 4.895
  447.4	 49.8	 60.7	 24.7	 20.0	 20.0	 73.0	 55.5	 17.7	 0.274	18.250	 4.895
  448.4	 49.8	 60.7	 25.2	 20.0	 20.0	 73.0	 55.5	 17.7	 0.278	18.230	 4.895
  449.4	 49.7	 60.7	 25.2	 20.1	 20.1	 73.1	 55.6	 17.7	 0.279	18.148	 4.895
  450.4	 49.7	 60.7	 25.9	 20.1	 20.1	 73.1	 55.6	 17.8	 0.276	18.107	 4.895
  451.3	 49.7	 60.7	 26.0	 20.1	 20.2	 73.1	 55.6	 17.8	 0.272	18.291	 4.916
  452.2	 49.7	 60.6	 26.1	 20.1	 20.2	 73.0	 55.6	 17.8	 0.278	18.311	 4.936
  453.0	 49.7	 60.7	 25.9	 20.1	 20.2	 73.2	 55.7	 17.8	 0.264	18.250	 4.936
  453.9	 49.7	 60.7	 25.5	 20.2	 20.3	 73.2	 55.7	 17.8	 0.279	18.189	 4.936
  454.8	 49.7	 60.6	 25.2	 20.1	 20.3	 73.3	 55.8	 17.9	 0.266	18.107	 4.957
  455.7	 49.7	 60.7	 25.2	 20.2	 20.3	 73.3	 55.8	 17.9	 0.279	18.046	 4.957
  456.6	 49.7	 60.7	 25.5	 20.3	 20.3	 73.2	 55.9	 17.9	 0.271	18.025	 5.018
  457.4	 49.7	 60.7	 25.7	 20.3	 20.4	 73.1	 56.0	 18.0	 0.271	18.086	 4.957
  458.3	 49.7	 60.7	 25.2	 20.3	 20.4	 73.2	 56.0	 18.0	 0.272	18.230	 4.957
  459.2	 49.7	 60.7	 25.2	 20.3	 20.4	 73.3	 56.0	 18.0	 0.274	18.332	 5.079
  460.1	 49.6	 60.7	 24.8	 20.3	 20.4	 73.4	 56.1	 18.1	 0.276	18.066	 4.957
  460.9	 49.6	 60.7	 24.9	 20.3	 20.4	 73.4	 56.1	 18.1	 0.275	18.086	 4.957
  461.8	 49.6	 60.7	 24.3	 20.3	 20.5	 73.5	 56.2	 18.1	 0.275	18.250	 4.957
  462.7	 49.6	 60.6	 24.4	 20.3	 20.5	 73.5	 56.2	 18.2	 0.277	18.025	 4.957
  463.6	 49.6	 60.6	 24.6	 20.3	 20.5	 73.4	 56.2	 18.2	 0.267	18.127	 4.977
  464.5	 49.6	 60.6	 24.4	 20.3	 20.5	 73.5	 56.3	 18.2	 0.266	18.046	 4.977
  465.3	 49.6	 60.7	 24.4	 20.3	 20.6	 73.5	 56.3	 18.2	 0.279	18.168	 4.977
  466.2	 49.6	 60.6	 24.0	 20.3	 20.6	 73.6	 56.3	 18.2	 0.274	18.025	 5.120
  467.1	 49.6	 60.6	 24.2	 20.2	 20.6	 73.7	 56.3	 18.2	 0.273	18.250	 4.997
  467.9	 49.6	 60.7	 24.2	 20.3	 20.6	 73.7	 56.3	 18.2	 0.279	18.025	 4.997
  468.8	 49.6	 60.7	 24.2	 20.3	 20.6	 73.8	 56.4	 18.3	 0.264	18.168	 4.997
  469.7	 49.6	 60.7	 24.4	 20.3	 20.6	 73.8	 56.4	 18.3	 0.266	18.066	 4.997
  470.6	 49.6	 60.6	 24.3	 20.4	 20.6	 73.8	 56.5	 18.3	 0.277	18.127	 4.997
  471.4	 49.6	 60.6	 24.5	 20.3	 20.6	 73.8	 56.5	 18.4	 0.274	18.291	 4.997
  472.3	 49.5	 60.7	 24.6	 20.4	 20.5	 73.8	 56.5	 18.4	 0.283	18.189	 4.977
  473.2	 49.5	 60.6	 24.3	 20.4	 20.5	 73.9	 56.6	 18.4	 0.270	18.066	 4.977
  474.0	 49.5	 60.6	 24.9	 20.4	 20.4	 73.9	 56.6	 18.5	 0.275	18.168	 4.957
  474.9	 49.5	 60.6	 24.5	 20.4	 20.3	 73.8	 56.6	 18.5	 0.271	18.271	 4.977
  475.8	 49.5	 60.6	 24.6	 20.5	 20.2	 73.9	 56.6	 18.5	 0.269	17.984	 4.997
  476.6	 49.5	 60.6	 24.5	 20.6	 20.0	 73.8	 56.6	 18.6	 0.269	18.086	 4.997
  477.5	 49.5	 60.6	 24.5	 20.6	 19.9	 73.9	 56.6	 18.6	 0.269	18.250	 5.018
  478.4	 49.5	 60.6	 25.2	 20.6	 19.5	 73.9	 56.6	 18.6	 0.270	18.148	 5.038
  479.3	 49.5	 60.6	 24.4	 20.6	 19.2	 73.9	 56.7	 18.7	 0.274	18.005	 5.038
  480.1	 49.5	 60.6	 25.2	 20.7	 18.7	 74.0	 56.7	 18.8	 0.273	18.148	 5.038
  481.1	 49.5	 60.6	 24.9	 20.7	 17.4	 73.9	 56.7	 18.8	 0.270	18.271	 5.038
  482.0	 49.5	 60.6	 25.1	 20.7	 17.2	 74.0	 56.8	 18.9	 0.264	18.005	 5.059
  482.9	 49.5	 60.6	 24.7	 20.7	 17.0	 74.0	 56.8	 18.9	 0.267	18.046	 5.202
  483.7	 49.5	 60.6	 25.1	 20.8	 16.9	 74.0	 56.8	 18.9	 0.269	18.148	 5.059
  484.6	 49.4	 60.6	 25.4	 20.8	 16.8	 73.9	 56.9	 19.0	 0.277	18.189	 5.059
  485.5	 49.4	 60.6	 24.9	 20.8	 16.8	 73.9	 56.9	 19.0	 0.273	18.086	 5.059
  486.4	 49.4	 60.6	 24.5	 20.8	 16.8	 73.8	 56.9	 19.1	 0.277	18.025	 5.059
  487.3	 49.4	 60.6	 25.3	 20.8	 16.9	 73.8	 56.9	 19.0	 0.269	18.066	 5.079
  488.2	 49.4	 60.5	 25.5	 20.8	 16.9	 73.9	 56.8	 19.1	 0.271	18.168	 5.059
  489.1	 49.4	 60.6	 26.1	 20.8	 16.9	 73.8	 56.8	 19.1	 0.270	18.209	 5.059
  490.0	 49.4	 60.6	 26.1	 20.9	 16.8	 73.8	 56.8	 19.0	 0.275	18.271	 5.059
  490.9	 49.3	 60.6	 25.5	 20.8	 16.8	 73.8	 56.8	 19.0	 0.272	18.311	 5.059
  491.8	 49.3	 60.6	 25.3	 20.8	 16.7	 73.8	 56.7	 19.0	 0.271	18.311	 5.059
  492.7	 49.3	 60.6	 25.9	 20.8	 16.7	 73.9	 56.7	 19.0	 0.267	18.332	 5.059
  493.6	 49.3	 60.6	 25.0	 20.8	 16.6	 73.8	 56.7	 18.9	 0.272	18.271	 5.038
  494.5	 49.3	 60.6	 25.1	 20.8	 16.6	 73.8	 56.7	 18.9	 0.280	18.107	 5.018
  495.4	 49.3	 60.6	 24.9	 20.8	 16.5	 73.9	 56.6	 18.9	 0.278	18.148	 5.018
  496.3	 49.3	 60.6	 25.0	 20.8	 16.5	 73.7	 56.6	 18.9	 0.271	18.066	 5.038
  497.2	 49.2	 60.6	 25.1	 20.7	 16.5	 73.7	 56.6	 18.9	 0.273	18.168	 5.018
  498.1	 49.2	 60.6	 26.0	 20.6	 16.5	 73.7	 56.6	 18.9	 0.273	18.209	 4.997
  499.0	 49.2	 60.6	 25.8	 20.6	 16.5	 73.8	 56.6	 18.9	 0.273	18.250	 5.018
  499.9	 49.2	 60.6	 25.9	 20.5	 16.5	 73.8	 56.5	 18.8	 0.277	18.291	 5.018
  500.8	 49.2	 60.6	 25.7	 20.5	 16.5	 73.6	 56.5	 18.8	 0.272	18.373	 4.997
  501.7	 49.2	 60.6	 25.9	 20.5	 16.5	 73.6	 56.5	 18.8	 0.271	18.434	 4.997
  502.6	 49.1	 60.5	 26.1	 20.5	 16.5	 73.5	 56.4	 18.8	 0.280	18.332	 4.997
  503.5	 49.1	 60.6	 25.9	 20.5	 16.5	 73.6	 56.4	 18.7	 0.281	18.230	 5.018
  504.3	 49.2	 60.6	 25.4	 20.4	 16.5	 73.5	 56.4	 18.7	 0.284	18.127	 4.997
  505.2	 49.2	 60.6	 24.7	 20.5	 16.5	 73.5	 56.3	 18.7	 0.269	18.148	 4.997
  506.1	 49.2	 60.6	 24.5	 20.4	 16.5	 73.6	 56.3	 18.6	 0.278	18.189	 4.957
  507.0	 49.1	 60.6	 25.1	 20.4	 16.5	 73.6	 56.3	 18.6	 0.275	18.230	 4.957
  507.9	 49.1	 60.6	 25.3	 20.4	 16.5	 73.6	 56.2	 18.6	 0.267	18.332	 4.957
  508.8	 49.1	 60.6	 25.4	 20.4	 16.6	 73.6	 56.2	 18.5	 0.268	18.352	 4.957
  509.7	 49.1	 60.6	 25.6	 20.4	 16.6	 73.4	 56.2	 18.5	 0.274	18.250	 4.957
  510.6	 49.1	 60.5	 25.7	 20.4	 16.8	 73.4	 56.1	 18.5	 0.275	18.311	 4.957
  511.6	 49.1	 60.5	 25.5	 20.3	 16.9	 73.6	 56.1	 18.4	 0.270	18.291	 4.957
  512.5	 49.1	 60.5	 25.9	 20.3	 17.2	 73.6	 56.1	 18.4	 0.276	18.311	 4.957
  513.4	 49.1	 60.5	 26.2	 20.2	 17.3	 73.7	 56.1	 18.4	 0.272	18.271	 4.936
  514.3	 49.1	 60.5	 26.3	 20.3	 17.6	 73.7	 56.1	 18.4	 0.279	18.148	 4.936
  515.2	 49.1	 60.5	 26.3	 20.2	 17.7	 73.8	 56.0	 18.3	 0.278	18.311	 4.936
  516.1	 49.0	 60.5	 26.2	 20.2	 17.9	 73.8	 56.0	 18.3	 0.274	18.189	 4.936
  517.0	 49.0	 60.5	 25.7	 20.2	 18.1	 73.8	 56.0	 18.2	 0.265	18.046	 4.936
  517.9	 49.0	 60.5	 25.3	 20.2	 18.2	 73.9	 56.0	 18.3	 0.272	18.209	 4.916
  518.8	 49.0	 60.4	 25.4	 20.2	 18.5	 73.9	 56.0	 18.2	 0.269	18.025	 4.916
  519.7	 49.0	 60.4	 24.8	 20.2	 18.6	 74.0	 56.0	 18.2	 0.275	18.189	 4.916
  520.6	 49.0	 60.4	 23.9	 20.2	 18.8	 73.9	 56.0	 18.1	 0.272	18.066	 4.916
  521.5	 49.0	 60.4	 23.8	 20.2	 18.9	 74.0	 56.0	 18.1	 0.270	18.086	 4.916
  522.4	 49.0	 60.4	 23.9	 20.2	 19.1	 74.0	 55.9	 18.1	 0.282	18.066	 4.916
  523.3	 49.0	 60.4	 24.1	 20.1	 19.1	 74.0	 55.9	 18.0	 0.276	18.086	 4.895
  524.2	 49.0	 60.4	 24.2	 20.1	 19.3	 74.0	 55.9	 18.0	 0.266	18.291	 4.916
  525.2	 49.0	 60.4	 24.5	 20.1	 19.4	 74.0	 55.9	 18.0	 0.271	18.046	 4.895
  526.1	 49.0	 60.4	 24.7	 20.1	 19.4	 74.1	 56.0	 18.0	 0.271	18.230	 4.895
  527.0	 49.0	 60.4	 24.5	 20.1	 19.6	 74.1	 56.0	 18.0	 0.270	18.086	 4.895
  527.9	 48.9	 60.3	 25.0	 20.1	 19.6	 74.2	 56.0	 18.0	 0.275	18.271	 4.895
  528.8	 49.0	 60.3	 24.1	 20.2	 19.7	 74.1	 56.0	 18.0	 0.265	18.086	 4.895
  529.7	 48.9	 60.3	 24.6	 20.3	 19.8	 74.2	 56.0	 18.0	 0.280	17.943	 4.895
  530.6	 48.9	 60.3	 24.9	 20.3	 19.9	 74.2	 56.0	 18.0	 0.277	18.086	 4.895
  531.5	 48.9	 60.3	 25.2	 20.2	 20.0	 74.2	 56.0	 18.0	 0.274	17.923	 4.895
  532.4	 48.9	 60.3	 25.5	 20.3	 20.0	 74.2	 56.1	 18.0	 0.275	18.066	 4.936
  533.3	 48.9	 60.3	 25.7	 20.3	 20.1	 74.3	 56.1	 18.0	 0.278	18.127	 4.916
  534.2	 48.9	 60.2	 25.7	 20.3	 20.1	 74.3	 56.2	 18.0	 0.267	18.066	 4.895
  535.1	 48.9	 60.2	 26.3	 20.4	 20.2	 74.2	 56.2	 18.0	 0.276	18.189	 4.916
  536.0	 48.9	 60.2	 26.1	 20.4	 20.2	 74.3	 56.2	 18.0	 0.271	18.025	 4.916
  537.0	 48.9	 60.2	 25.4	 20.4	 20.3	 74.3	 56.3	 18.1	 0.269	17.882	 4.936
  537.9	 48.9	 60.2	 25.7	 20.5	 20.4	 74.3	 56.3	 18.1	 0.268	18.086	 4.936
  538.8	 48.9	 60.2	 26.1	 20.5	 20.4	 74.3	 56.3	 18.1	 0.268	17.943	 4.916
  539.7	 48.9	 60.2	 25.9	 20.5	 20.5	 74.3	 56.4	 18.1	 0.277	17.984	 4.936
  540.6	 48.9	 60.1	 25.4	 20.6	 20.5	 74.3	 56.4	 18.1	 0.267	17.902	 4.936
  541.5	 48.9	 60.1	 25.4	 20.6	 20.6	 74.3	 56.5	 18.2	 0.276	18.148	 4.936
  542.4	 48.8	 60.1	 25.0	 20.6	 20.6	 74.2	 56.5	 18.2	 0.279	17.923	 4.957
  543.2	 48.8	 60.1	 26.3	 20.6	 20.7	 74.2	 56.5	 18.3	 0.269	18.127	 4.936
  544.1	 48.8	 60.2	 26.2	 20.6	 20.7	 74.1	 56.5	 18.3	 0.274	17.861	 4.977
  545.0	 48.8	 60.1	 25.8	 20.6	 20.8	 74.0	 56.5	 18.3	 0.270	18.168	 4.977
  545.9	 48.8	 60.1	 26.3	 20.6	 20.8	 74.0	 56.5	 18.3	 0.267	17.861	 4.977
  546.8	 48.8	 60.1	 26.4	 20.7	 20.8	 74.0	 56.5	 18.3	 0.277	18.086	 4.977
  547.7	 48.8	 60.1	 26.2	 20.6	 20.8	 74.1	 56.5	 18.3	 0.279	17.964	 4.977
  548.6	 48.8	 60.1	 26.3	 20.7	 20.9	 74.1	 56.6	 18.4	 0.270	18.066	 4.977
  549.5	 48.8	 60.1	 26.4	 20.6	 20.9	 74.1	 56.6	 18.4	 0.271	17.902	 4.977
  550.4	 48.7	 60.1	 25.4	 20.6	 20.9	 74.2	 56.6	 18.4	 0.278	18.046	 4.977
  551.2	 48.7	 60.1	 25.5	 20.7	 20.9	 74.2	 56.6	 18.5	 0.272	17.923	 5.140
  552.1	 48.7	 60.1	 25.6	 20.7	 21.0	 74.3	 56.6	 18.5	 0.278	18.005	 4.997
  553.0	 48.7	 60.1	 25.7	 20.6	 21.0	 74.4	 56.6	 18.5	 0.279	17.964	 5.018
  553.9	 48.7	 60.0	 25.6	 20.6	 20.9	 74.4	 56.6	 18.5	 0.267	18.005	 5.018
  554.8	 48.7	 60.1	 25.0	 20.6	 20.9	 74.3	 56.6	 18.5	 0.275	18.005	 5.018
  555.7	 48.7	 60.0	 25.1	 20.6	 20.9	 74.3	 56.7	 18.6	 0.274	17.902	 4.997
  556.6	 48.7	 60.0	 24.7	 20.6	 20.9	 74.4	 56.7	 18.6	 0.277	18.086	 5.018
  557.5	 48.6	 60.0	 24.3	 20.6	 20.9	 74.3	 56.7	 18.7	 0.272	17.882	 5.018
  558.3	 48.6	 60.0	 25.2	 20.6	 20.8	 74.4	 56.7	 18.7	 0.268	18.127	 4.997
  559.2	 48.6	 60.0	 25.5	 20.6	 20.8	 74.3	 56.7	 18.7	 0.276	17.841	 4.997
  560.1	 48.6	 60.0	 25.8	 20.6	 20.7	 74.3	 56.7	 18.7	 0.265	17.861	 4.997
  561.0	 48.6	 60.0	 26.4	 20.6	 20.7	 74.3	 56.8	 18.8	 0.272	18.046	 4.997
  561.9	 48.6	 60.0	 26.3	 20.7	 20.6	 74.4	 56.7	 18.8	 0.276	17.800	 4.997
  562.8	 48.6	 60.0	 26.6	 20.6	 20.5	 74.4	 56.7	 18.9	 0.271	17.964	 5.018
  563.7	 48.6	 60.0	 25.9	 20.6	 20.4	 74.4	 56.8	 18.9	 0.277	17.861	 5.018
  564.6	 48.6	 60.0	 25.4	 20.6	 20.2	 74.4	 56.8	 18.9	 0.270	17.943	 5.018
  565.5	 48.6	 60.0	 25.1	 20.7	 20.0	 74.4	 56.8	 19.0	 0.281	18.066	 5.018
  566.3	 48.6	 59.9	 25.0	 20.7	 19.7	 74.3	 56.8	 19.0	 0.282	17.861	 5.018
  567.2	 48.6	 59.9	 25.4	 20.7	 19.2	 74.3	 56.8	 19.0	 0.278	18.025	 5.018
  568.1	 48.6	 59.9	 25.6	 20.8	 18.7	 74.3	 56.8	 19.1	 0.281	17.800	 5.059
  569.0	 48.5	 59.9	 25.4	 20.8	 17.4	 74.3	 56.8	 19.1	 0.277	18.005	 5.059
  569.9	 48.5	 59.9	 25.5	 20.8	 17.2	 74.4	 56.9	 19.2	 0.275	17.821	 5.079
  570.8	 48.5	 59.9	 25.3	 20.8	 17.0	 74.5	 56.9	 19.2	 0.275	17.964	 5.079
  571.7	 48.5	 59.9	 25.7	 20.8	 17.0	 74.5	 56.9	 19.2	 0.280	18.025	 5.079
  572.6	 48.5	 59.8	 26.0	 20.8	 17.0	 74.4	 57.0	 19.3	 0.273	17.861	 5.059
  573.5	 48.5	 59.9	 26.2	 20.8	 16.9	 74.4	 56.9	 19.3	 0.274	17.861	 5.059
  574.5	 48.5	 59.9	 26.2	 20.8	 16.9	 74.4	 56.9	 19.3	 0.278	17.964	 5.059
  575.4	 48.5	 59.9	 26.2	 20.9	 16.9	 74.4	 56.9	 19.3	 0.274	18.066	 5.079
  576.4	 48.5	 59.9	 26.6	 20.8	 16.9	 74.3	 56.8	 19.3	 0.276	17.964	 5.059
  577.3	 48.5	 59.9	 26.7	 20.9	 16.8	 74.3	 56.7	 19.2	 0.273	17.882	 5.059
  578.2	 48.5	 59.9	 26.6	 20.9	 16.8	 74.2	 56.7	 19.2	 0.276	17.984	 5.079
  579.1	 48.5	 59.9	 26.6	 20.9	 16.7	 74.2	 56.6	 19.1	 0.270	18.168	 5.059
  580.0	 48.4	 59.9	 26.7	 20.8	 16.7	 74.3	 56.6	 19.1	 0.278	17.882	 5.038
  580.9	 48.4	 59.9	 26.6	 20.9	 16.7	 74.3	 56.6	 19.1	 0.278	17.943	 5.059
  581.8	 48.4	 59.9	 26.5	 20.8	 16.7	 74.4	 56.6	 19.1	 0.274	18.046	 5.038
  582.7	 48.4	 59.9	 26.3	 20.7	 16.7	 74.3	 56.6	 19.1	 0.281	18.168	 5.038
  583.7	 48.4	 59.9	 26.0	 20.8	 16.6	 74.3	 56.5	 19.1	 0.276	17.902	 5.059
  584.6	 48.4	 59.9	 26.2	 20.8	 16.6	 74.2	 56.5	 19.0	 0.275	17.943	 5.059
  585.5	 48.4	 59.9	 25.8	 20.8	 16.6	 74.1	 56.5	 19.0	 0.277	18.046	 5.038
  586.4	 48.3	 59.9	 25.6	 20.7	 16.6	 74.1	 56.4	 19.0	 0.277	18.230	 5.059
  587.3	 48.3	 59.9	 25.5	 20.7	 16.5	 74.0	 56.3	 18.9	 0.276	18.025	 5.038
  588.2	 48.3	 59.9	 25.7	 20.6	 16.4	 73.9	 56.3	 18.8	 0.279	17.923	 5.038
  589.1	 48.3	 59.9	 25.6	 20.6	 16.4	 73.9	 56.2	 18.8	 0.269	18.066	 5.038
  590.0	 48.3	 59.9	 25.8	 20.6	 16.4	 73.8	 56.1	 18.7	 0.271	18.127	 5.038
  591.0	 48.3	 59.9	 25.9	 20.6	 16.4	 73.8	 56.0	 18.7	 0.280	18.066	 5.018
  591.9	 48.3	 59.9	 25.3	 20.6	 16.4	 73.8	 56.0	 18.7	 0.273	17.964	 5.038
  592.8	 48.3	 59.9	 25.0	 20.6	 16.3	 73.8	 56.0	 18.7	 0.272	17.964	 5.018
  593.7	 48.3	 59.9	 25.1	 20.6	 16.4	 73.8	 55.9	 18.6	 0.280	18.066	 5.018
  594.6	 48.3	 60.0	 25.1	 20.5	 16.4	 73.7	 55.9	 18.6	 0.269	18.107	 5.018
  595.5	 48.3	 60.0	 24.9	 20.5	 16.5	 73.8	 55.8	 18.5	 0.272	18.086	 5.059
  596.4	 48.3	 59.9	 25.5	 20.5	 16.5	 73.8	 55.8	 18.5	 0.280	17.923	 4.997
  597.3	 48.3	 59.9	 25.9	 20.4	 16.6	 73.8	 55.7	 18.4	 0.278	17.964	 4.977
  598.2	 48.3	 59.9	 26.2	 20.4	 16.7	 73.8	 55.7	 18.3	 0.278	17.943	 4.977
  599.0	 48.2	 59.9	 26.2	 20.4	 16.8	 73.8	 55.6	 18.3	 0.277	17.882	 4.957
  599.9	 48.3	 59.9	 26.2	 20.4	 17.1	 73.9	 55.6	 18.3	 0.277	18.127	 4.957
  600.8	 48.2	 59.9	 26.2	 20.4	 17.2	 74.0	 55.6	 18.2	 0.271	17.882	 4.957
  601.7	 48.2	 59.9	 25.4	 20.4	 17.5	 74.0	 55.5	 18.2	 0.281	17.902	 4.936
  602.6	 48.2	 59.9	 25.8	 20.3	 17.6	 73.9	 55.5	 18.1	 0.279	18.086	 4.936
  603.5	 48.2	 59.9	 25.9	 20.4	 17.9	 73.9	 55.5	 18.1	 0.274	18.189	 4.916
  604.4	 48.2	 59.9	 25.8	 20.4	 18.0	 74.0	 55.4	 18.0	 0.279	17.964	 4.916
  605.3	 48.2	 59.9	 26.0	 20.3	 18.1	 74.0	 55.4	 18.0	 0.275	17.821	 4.916
  606.2	 48.2	 59.9	 25.6	 20.4	 18.3	 74.0	 55.4	 17.9	 0.274	18.148	 4.895
  607.1	 48.2	 59.8	 25.6	 20.3	 18.5	 74.2	 55.4	 17.9	 0.275	17.902	 4.895
  608.0	 48.2	 59.8	 25.6	 20.3	 18.7	 74.2	 55.4	 17.9	 0.271	17.882	 4.895
  608.9	 48.2	 59.8	 25.7	 20.2	 18.8	 74.2	 55.4	 17.8	 0.279	17.923	 4.895
  609.8	 48.2	 59.8	 25.5	 20.2	 19.0	 74.2	 55.4	 17.8	 0.286	17.882	 4.895
  610.7	 48.2	 59.7	 24.9	 20.2	 19.1	 74.3	 55.4	 17.8	 0.277	17.841	 4.895
  611.6	 48.1	 59.7	 25.3	 20.3	 19.3	 74.4	 55.4	 17.8	 0.275	17.923	 4.875
  612.5	 48.1	 59.7	 25.9	 20.2	 19.4	 74.4	 55.4	 17.8	 0.266	17.964	 4.875
  613.4	 48.1	 59.7	 26.0	 20.4	 19.5	 74.5	 55.5	 17.8	 0.283	17.984	 4.875
  614.3	 48.1	 59.6	 25.7	 20.3	 19.7	 74.5	 55.5	 17.8	 0.272	17.718	 4.895
  615.2	 48.1	 59.6	 25.7	 20.4	 19.7	 74.6	 55.5	 17.8	 0.267	17.718	 4.895
  616.1	 48.1	 59.6	 25.8	 20.3	 19.9	 74.6	 55.6	 17.8	 0.271	17.739	 4.916
  617.0	 48.1	 59.6	 26.1	 20.3	 19.9	 74.6	 55.6	 17.8	 0.266	17.902	 4.895
  617.9	 48.1	 59.5	 26.4	 20.3	 20.0	 74.6	 55.7	 17.8	 0.286	17.923	 4.895
  618.8	 48.0	 59.5	 26.3	 20.4	 20.1	 74.6	 55.7	 17.9	 0.265	17.861	 4.895
  619.7	 48.0	 59.5	 26.1	 20.4	 20.2	 74.6	 55.7	 17.9	 0.281	17.718	 4.916
  620.6	 48.0	 59.5	 26.0	 20.4	 20.3	 74.6	 55.7	 17.9	 0.275	17.677	 4.916
  621.5	 48.0	 59.5	 26.0	 20.4	 20.4	 74.7	 55.7	 17.9	 0.280	17.902	 4.916
  622.4	 48.0	 59.4	 26.0	 20.4	 20.5	 74.7	 55.8	 17.9	 0.269	17.780	 4.916
  623.3	 48.0	 59.4	 26.1	 20.5	 20.5	 74.7	 55.8	 17.9	 0.275	17.739	 4.936
  624.2	 48.0	 59.4	 26.6	 20.5	 20.6	 74.7	 55.8	 17.9	 0.277	17.882	 4.916
  625.1	 48.0	 59.4	 26.7	 20.6	 20.6	 74.7	 55.9	 18.0	 0.280	17.698	 4.936
  626.0	 48.0	 59.4	 26.6	 20.5	 20.7	 74.8	 55.9	 18.0	 0.271	17.657	 4.936
  627.0	 48.0	 59.4	 25.7	 20.5	 20.8	 74.8	 56.0	 18.0	 0.273	17.841	 4.936
  627.8	 48.0	 59.4	 25.5	 20.5	 20.8	 74.8	 56.0	 18.0	 0.268	17.780	 4.957
  628.8	 48.0	 59.4	 25.5	 20.5	 20.9	 74.9	 56.0	 18.1	 0.268	17.636	 4.957
  629.7	 48.0	 59.4	 25.9	 20.5	 20.9	 74.9	 56.0	 18.1	 0.274	17.943	 4.957
  630.6	 48.0	 59.4	 25.8	 20.5	 21.0	 74.9	 56.0	 18.1	 0.267	17.821	 4.977
  631.4	 48.0	 59.4	 25.3	 20.5	 21.0	 74.9	 56.1	 18.1	 0.271	17.698	 4.977
  632.3	 48.0	 59.4	 25.7	 20.6	 21.0	 74.9	 56.1	 18.2	 0.275	17.739	 4.977
  633.2	 47.9	 59.3	 25.4	 20.6	 21.1	 74.9	 56.2	 18.2	 0.277	17.841	 4.977
  634.1	 47.9	 59.3	 25.2	 20.6	 21.1	 75.0	 56.2	 18.2	 0.285	17.759	 4.977
  634.9	 47.9	 59.3	 24.8	 20.6	 21.1	 75.0	 56.2	 18.3	 0.274	17.861	 4.977
  635.8	 47.9	 59.3	 24.6	 20.6	 21.2	 75.0	 56.3	 18.3	 0.272	17.636	 4.997
  636.7	 47.9	 59.3	 25.1	 20.6	 21.1	 75.0	 56.3	 18.3	 0.276	17.861	 5.018
  637.6	 47.9	 59.3	 24.8	 20.6	 21.2	 75.0	 56.2	 18.3	 0.276	17.861	 4.977
  638.5	 47.9	 59.3	 24.5	 20.6	 21.2	 74.9	 56.2	 18.3	 0.282	17.636	 4.997
  639.4	 47.9	 59.3	 25.0	 20.6	 21.2	 74.9	 56.2	 18.3	 0.272	17.861	 4.997
  640.2	 47.9	 59.3	 24.5	 20.6	 21.2	 74.9	 56.3	 18.4	 0.270	17.841	 4.997
  641.1	 47.9	 59.3	 24.2	 20.5	 21.3	 74.9	 56.3	 18.5	 0.281	17.596	 4.997
  642.0	 47.9	 59.3	 24.6	 20.5	 21.3	 74.9	 56.3	 18.5	 0.274	17.861	 4.997
  642.9	 47.9	 59.3	 25.0	 20.5	 21.3	 74.9	 56.3	 18.5	 0.276	17.636	 5.018
  643.8	 47.9	 59.3	 25.4	 20.5	 21.3	 74.9	 56.4	 18.5	 0.276	17.861	 5.018
  644.7	 47.9	 59.3	 25.4	 20.5	 21.3	 74.9	 56.4	 18.6	 0.277	17.739	 4.997
  645.5	 47.8	 59.3	 24.9	 20.6	 21.3	 75.0	 56.3	 18.6	 0.279	17.759	 5.018
  646.4	 47.9	 59.3	 24.9	 20.5	 21.3	 75.0	 56.4	 18.6	 0.273	17.677	 5.018
  647.3	 47.8	 59.3	 24.7	 20.6	 21.3	 75.0	 56.3	 18.6	 0.268	17.596	 5.038
  648.2	 47.9	 59.3	 24.4	 20.6	 21.3	 75.0	 56.4	 18.6	 0.277	17.739	 5.018
  649.1	 47.8	 59.3	 24.7	 20.6	 21.2	 75.0	 56.4	 18.7	 0.271	17.677	 5.018
  650.0	 47.8	 59.3	 25.1	 20.6	 21.2	 75.0	 56.4	 18.7	 0.272	17.596	 5.038
  650.9	 47.8	 59.3	 25.7	 20.7	 21.2	 75.0	 56.3	 18.7	 0.283	17.718	 5.018
  651.7	 47.8	 59.2	 25.6	 20.6	 21.1	 75.0	 56.3	 18.7	 0.270	17.677	 5.018
  652.6	 47.8	 59.3	 25.7	 20.7	 21.1	 75.0	 56.4	 18.7	 0.278	17.800	 5.018
  653.5	 47.8	 59.2	 25.6	 20.7	 21.0	 74.9	 56.4	 18.8	 0.270	17.596	 5.038
  654.4	 47.8	 59.2	 25.4	 20.8	 20.9	 74.9	 56.4	 18.8	 0.274	17.636	 5.038
  655.3	 47.8	 59.2	 25.8	 20.8	 20.8	 74.9	 56.4	 18.9	 0.269	17.677	 5.059
  656.2	 47.8	 59.2	 25.6	 20.9	 20.7	 75.0	 56.4	 18.9	 0.280	17.575	 5.059
  657.0	 47.8	 59.2	 25.7	 20.9	 20.5	 74.9	 56.4	 19.0	 0.277	17.636	 5.079
  657.9	 47.8	 59.2	 26.0	 20.9	 20.4	 75.0	 56.4	 19.0	 0.279	17.698	 5.059
  658.8	 47.8	 59.2	 26.0	 21.0	 20.2	 75.0	 56.4	 19.1	 0.278	17.596	 5.079
  659.7	 47.8	 59.2	 26.2	 21.0	 19.7	 75.0	 56.4	 19.1	 0.274	17.821	 5.059
  660.6	 47.8	 59.2	 26.3	 21.0	 19.4	 75.0	 56.4	 19.1	 0.273	17.636	 5.100
  661.5	 47.8	 59.2	 26.7	 21.0	 18.8	 74.9	 56.4	 19.2	 0.277	17.698	 5.079
  662.4	 47.8	 59.2	 26.6	 21.0	 18.3	 75.0	 56.4	 19.2	 0.279	17.800	 5.100
  663.2	 47.7	 59.2	 26.5	 21.0	 17.4	 75.0	 56.4	 19.3	 0.271	17.800	 5.202
  664.1	 47.7	 59.2	 25.3	 21.0	 17.3	 74.9	 56.4	 19.3	 0.275	17.698	 5.120
  665.0	 47.7	 59.2	 25.4	 21.0	 17.2	 74.9	 56.4	 19.3	 0.280	17.841	 5.120
  665.9	 47.7	 59.2	 25.3	 21.0	 17.1	 74.8	 56.4	 19.3	 0.280	17.821	 5.100
  666.8	 47.7	 59.2	 25.6	 20.9	 17.1	 74.8	 56.4	 19.4	 0.280	17.636	 5.100
  667.7	 47.7	 59.1	 25.3	 20.9	 17.0	 74.8	 56.4	 19.4	 0.277	17.616	 5.100
  668.6	 47.7	 59.1	 25.4	 20.9	 17.0	 74.7	 56.3	 19.3	 0.276	17.636	 5.100
  669.5	 47.7	 59.1	 25.4	 20.9	 16.9	 74.7	 56.3	 19.3	 0.274	17.616	 5.140
  670.4	 47.7	 59.1	 24.6	 20.9	 16.8	 74.6	 56.3	 19.3	 0.277	17.657	 5.100
  671.3	 47.7	 59.1	 25.0	 20.8	 16.8	 74.7	 56.2	 19.3	 0.278	17.657	 5.059
  672.2	 47.7	 59.1	 24.6	 20.8	 16.7	 74.7	 56.2	 19.3	 0.281	17.636	 5.222
  673.0	 47.7	 59.1	 24.9	 20.8	 16.6	 74.6	 56.2	 19.2	 0.269	17.698	 5.059
  673.9	 47.8	 59.1	 25.2	 20.8	 16.6	 74.6	 56.1	 19.2	 0.275	17.698	 5.059
  674.8	 47.8	 59.2	 25.7	 20.8	 16.6	 74.6	 56.1	 19.2	 0.277	17.677	 5.059
  675.7	 47.8	 59.2	 25.4	 20.8	 16.6	 74.5	 56.1	 19.2	 0.266	17.677	 5.059
  676.6	 47.8	 59.2	 26.1	 20.8	 16.6	 74.4	 56.1	 19.2	 0.272	17.759	 5.038
  677.5	 47.9	 59.2	 26.3	 20.8	 16.6	 74.3	 56.0	 19.1	 0.279	17.739	 5.059
  678.4	 47.9	 59.2	 25.9	 20.8	 16.6	 74.3	 56.0	 19.1	 0.274	17.759	 5.038
  679.3	 48.0	 59.2	 26.0	 20.7	 16.6	 74.2	 56.0	 19.1	 0.284	17.780	 5.038
  680.2	 48.0	 59.2	 26.1	 20.7	 16.6	 74.2	 55.9	 19.1	 0.281	17.800	 5.018
  681.1	 48.0	 59.2	 25.8	 20.7	 16.6	 74.1	 55.9	 19.0	 0.277	17.780	 5.059
  682.0	 48.0	 59.2	 26.1	 20.7	 16.6	 74.1	 55.9	 19.0	 0.275	17.800	 5.038
  682.9	 48.0	 59.3	 26.4	 20.6	 16.5	 74.1	 55.8	 19.0	 0.272	17.821	 5.018
  683.8	 48.0	 59.3	 26.3	 20.6	 16.5	 74.1	 55.8	 18.9	 0.272	17.821	 5.018
  684.7	 48.1	 59.3	 26.5	 20.6	 16.5	 74.1	 55.7	 18.9	 0.278	17.841	 5.038
  685.6	 48.1	 59.3	 26.6	 20.5	 16.5	 74.0	 55.7	 18.9	 0.270	17.882	 5.038
  686.5	 48.1	 59.3	 26.7	 20.6	 16.4	 74.0	 55.6	 18.9	 0.273	17.902	 5.018
  687.4	 48.2	 59.3	 26.7	 20.5	 16.4	 74.0	 55.5	 18.8	 0.279	17.923	 5.018
  688.3	 48.2	 59.4	 26.6	 20.5	 16.3	 73.9	 55.5	 18.7	 0.276	17.943	 5.038
  689.2	 48.3	 59.4	 26.6	 20.5	 16.3	 73.9	 55.4	 18.7	 0.268	18.005	 5.018
  690.1	 48.3	 59.4	 26.7	 20.5	 16.3	 73.9	 55.4	 18.7	 0.268	18.046	 5.018
  691.0	 48.3	 59.4	 26.4	 20.5	 16.3	 73.9	 55.4	 18.6	 0.275	17.964	 4.997
  691.9	 48.4	 59.4	 26.5	 20.4	 16.3	 73.8	 55.4	 18.6	 0.279	17.821	 4.997
  692.9	 48.3	 59.5	 26.5	 20.4	 16.4	 73.8	 55.3	 18.5	 0.271	17.800	 5.018
  693.8	 48.3	 59.5	 26.4	 20.4	 16.4	 73.8	 55.2	 18.5	 0.282	17.902	 5.018
  694.7	 48.3	 59.5	 26.3	 20.4	 16.5	 73.8	 55.1	 18.4	 0.267	18.148	 4.997
  695.6	 48.4	 59.6	 26.0	 20.4	 16.6	 73.8	 55.1	 18.3	 0.277	18.127	 4.997
  696.5	 48.4	 59.6	 25.6	 20.4	 16.7	 73.8	 55.1	 18.3	 0.280	17.902	 4.977
  697.4	 48.4	 59.6	 25.8	 20.4	 16.9	 73.9	 55.1	 18.2	 0.282	18.148	 4.977
  698.4	 48.5	 59.6	 26.1	 20.3	 17.0	 73.9	 55.0	 18.2	 0.271	18.086	 4.957
  699.3	 48.5	 59.7	 25.8	 20.3	 17.3	 74.0	 55.0	 18.2	 0.270	18.066	 4.936
  700.2	 48.5	 59.7	 26.3	 20.3	 17.4	 74.0	 55.0	 18.2	 0.268	18.066	 4.936
  701.1	 48.6	 59.7	 26.3	 20.2	 17.7	 74.0	 54.9	 18.1	 0.277	18.127	 4.957
  702.0	 48.6	 59.7	 26.3	 20.2	 17.8	 74.0	 54.9	 18.1	 0.271	18.025	 4.936
  703.0	 48.6	 59.7	 26.0	 20.2	 18.1	 74.1	 54.9	 18.0	 0.275	17.984	 4.936
  703.9	 48.6	 59.7	 25.7	 20.1	 18.1	 74.1	 54.8	 17.9	 0.269	18.066	 4.916
  704.8	 48.6	 59.7	 25.2	 20.2	 18.4	 74.2	 54.8	 17.9	 0.273	18.005	 4.916
  705.7	 48.6	 59.7	 25.6	 20.1	 18.5	 74.2	 54.8	 17.9	 0.271	17.923	 4.895
  706.6	 48.7	 59.8	 25.7	 20.1	 18.7	 74.3	 54.8	 17.8	 0.281	17.861	 4.895
  707.5	 48.8	 59.8	 25.6	 20.1	 18.8	 74.4	 54.8	 17.8	 0.272	17.923	 4.916
  708.5	 48.8	 59.8	 25.8	 20.1	 18.9	 74.4	 54.8	 17.8	 0.282	18.086	 4.895
  709.4	 48.8	 59.8	 25.8	 20.1	 19.1	 74.5	 54.8	 17.8	 0.274	18.148	 4.895
  710.3	 48.8	 59.8	 25.8	 20.1	 19.2	 74.5	 54.9	 17.8	 0.266	17.984	 4.895
  711.2	 48.8	 59.8	 26.1	 20.1	 19.4	 74.5	 54.9	 17.8	 0.271	17.882	 4.895
  712.1	 48.8	 59.8	 26.1	 20.1	 19.4	 74.7	 54.9	 17.8	 0.269	17.821	 4.895
  713.1	 48.9	 59.8	 26.1	 20.1	 19.6	 74.7	 55.0	 17.8	 0.278	17.882	 4.895
  714.0	 48.9	 59.8	 26.0	 20.1	 19.6	 74.8	 55.0	 17.8	 0.273	18.005	 4.895
  714.9	 49.0	 59.8	 25.4	 20.1	 19.8	 74.8	 55.1	 17.8	 0.275	18.025	 4.916
  715.8	 49.1	 59.9	 25.5	 20.2	 19.9	 74.8	 55.1	 17.8	 0.279	17.964	 4.895
  716.7	 49.1	 59.9	 25.9	 20.2	 20.0	 74.8	 55.2	 17.8	 0.280	17.943	 4.895
  717.7	 49.1	 59.8	 25.8	 20.2	 20.0	 74.9	 55.2	 17.8	 0.272	17.984	 5.038
  718.6	 49.1	 59.9	 25.9	 20.2	 20.1	 75.0	 55.3	 17.9	 0.275	17.923	 4.895
  719.5	 49.1	 59.9	 26.0	 20.2	 20.2	 75.0	 55.3	 17.9	 0.284	17.861	 4.916
  720.4	 49.1	 59.9	 26.1	 20.2	 20.2	 75.1	 55.4	 17.9	 0.278	17.923	 4.916
  721.3	 49.2	 59.9	 26.2	 20.2	 20.3	 75.1	 55.4	 17.9	 0.279	17.923	 4.916
  722.2	 49.2	 59.9	 25.9	 20.2	 20.3	 75.1	 55.5	 17.9	 0.271	17.902	 4.916
  723.1	 49.2	 59.9	 25.7	 20.1	 20.4	 75.2	 55.6	 17.9	 0.279	17.882	 4.916
  724.0	 49.3	 60.0	 25.6	 20.1	 20.5	 75.2	 55.6	 18.0	 0.269	17.882	 4.936
  724.9	 49.3	 60.0	 25.9	 20.1	 20.6	 75.2	 55.7	 18.0	 0.276	17.923	 4.957
  725.8	 49.3	 60.0	 25.4	 20.2	 20.6	 75.3	 55.7	 18.1	 0.272	17.923	 4.936
  726.7	 49.3	 60.0	 25.6	 20.2	 20.6	 75.3	 55.8	 18.1	 0.271	17.984	 4.936
  727.6	 49.4	 60.0	 25.7	 20.2	 20.7	 75.3	 55.8	 18.1	 0.278	17.984	 4.957
  728.5	 49.4	 60.0	 25.7	 20.2	 20.7	 75.3	 55.9	 18.1	 0.270	17.984	 4.957
  729.4	 49.5	 60.1	 26.1	 20.2	 20.8	 75.3	 55.9	 18.1	 0.286	18.086	 4.957
  730.3	 49.5	 60.1	 26.2	 20.2	 20.8	 75.3	 55.9	 18.2	 0.274	18.107	 4.977
  731.2	 49.5	 60.1	 26.0	 20.2	 20.8	 75.3	 56.0	 18.2	 0.270	18.148	 4.957
  732.0	 49.5	 60.1	 26.0	 20.2	 20.8	 75.4	 56.0	 18.2	 0.281	18.189	 4.977
  733.0	 49.5	 60.1	 26.1	 20.2	 20.8	 75.4	 56.0	 18.2	 0.276	18.189	 4.977
  733.8	 49.5	 60.1	 25.7	 20.2	 20.9	 75.4	 56.0	 18.2	 0.270	17.964	 4.997
  734.7	 49.5	 60.2	 25.0	 20.2	 20.9	 75.5	 56.1	 18.3	 0.275	18.230	 4.997
  735.6	 49.5	 60.2	 25.5	 20.2	 20.9	 75.5	 56.1	 18.3	 0.271	18.271	 5.038
  736.5	 49.6	 60.2	 25.8	 20.2	 20.9	 75.6	 56.1	 18.3	 0.270	18.250	 4.997
  737.4	 49.6	 60.2	 26.0	 20.3	 20.9	 75.6	 56.2	 18.4	 0.278	18.209	 4.997
  738.3	 49.6	 60.3	 26.2	 20.3	 21.0	 75.6	 56.2	 18.4	 0.276	18.291	 5.018
  739.2	 49.6	 60.3	 25.7	 20.3	 21.0	 75.7	 56.2	 18.5	 0.267	18.352	 5.018
  740.1	 49.7	 60.3	 25.1	 20.3	 21.0	 75.7	 56.3	 18.5	 0.277	18.271	 5.018
  741.0	 49.7	 60.3	 24.7	 20.3	 20.9	 75.7	 56.3	 18.5	 0.268	18.271	 5.018
  741.9	 49.7	 60.3	 24.8	 20.3	 20.9	 75.7	 56.3	 18.5	 0.279	18.046	 5.038
  742.8	 49.7	 60.4	 25.1	 20.3	 20.8	 75.8	 56.3	 18.6	 0.274	18.066	 5.018
  743.7	 49.8	 60.4	 25.0	 20.3	 20.7	 75.8	 56.3	 18.6	 0.282	18.066	 5.079
  744.6	 49.8	 60.4	 24.7	 20.3	 20.6	 75.8	 56.3	 18.6	 0.276	18.086	 5.018
  745.5	 49.8	 60.4	 24.5	 20.4	 20.6	 75.8	 56.3	 18.6	 0.279	18.107	 5.018
  746.4	 49.8	 60.5	 24.6	 20.3	 20.5	 75.8	 56.3	 18.6	 0.266	18.148	 4.997
  747.3	 49.9	 60.5	 25.2	 20.4	 20.4	 75.9	 56.3	 18.7	 0.272	18.148	 5.018
  748.2	 49.9	 60.5	 25.9	 20.4	 20.2	 75.9	 56.4	 18.7	 0.271	18.127	 5.018
  749.0	 49.9	 60.5	 25.9	 20.4	 20.0	 76.0	 56.4	 18.8	 0.281	18.148	 5.038
  750.0	 49.9	 60.6	 25.8	 20.5	 19.8	 76.0	 56.4	 18.8	 0.277	18.148	 5.038
  750.8	 49.9	 60.6	 26.0	 20.5	 19.4	 76.1	 56.4	 18.8	 0.285	18.148	 5.038
  751.7	 50.0	 60.6	 25.8	 20.6	 18.9	 76.1	 56.4	 18.9	 0.277	18.168	 5.038
  752.6	 50.0	 60.6	 26.2	 20.5	 17.5	 76.1	 56.4	 18.9	 0.277	18.168	 5.059
  753.5	 50.0	 60.6	 25.9	 20.6	 17.2	 76.1	 56.5	 19.0	 0.281	18.168	 5.059
  754.4	 50.0	 60.6	 26.2	 20.7	 16.9	 76.1	 56.5	 19.0	 0.270	18.189	 5.079
  755.3	 50.1	 60.6	 26.4	 20.6	 16.8	 76.1	 56.5	 19.0	 0.274	18.189	 5.079
  756.2	 50.1	 60.7	 26.2	 20.6	 16.8	 76.0	 56.5	 19.1	 0.276	18.209	 5.079
  757.1	 50.2	 60.7	 26.1	 20.6	 16.7	 76.0	 56.6	 19.1	 0.274	18.271	 5.079
  758.0	 50.2	 60.7	 26.1	 20.7	 16.7	 75.9	 56.6	 19.1	 0.274	18.291	 5.059
  758.9	 50.2	 60.7	 26.1	 20.7	 16.7	 75.9	 56.6	 19.1	 0.272	18.291	 5.059
  759.8	 50.2	 60.8	 26.3	 20.6	 16.7	 75.9	 56.6	 19.1	 0.274	18.332	 5.038
  760.7	 50.2	 60.8	 26.4	 20.6	 16.8	 75.9	 56.6	 19.1	 0.272	18.352	 5.059
  761.6	 50.3	 60.8	 25.8	 20.6	 16.7	 75.9	 56.6	 19.1	 0.280	18.373	 5.038
  762.5	 50.3	 60.9	 25.7	 20.6	 16.7	 76.0	 56.6	 19.1	 0.269	18.393	 5.059
  763.4	 50.3	 60.9	 26.1	 20.5	 16.7	 76.0	 56.6	 19.1	 0.270	18.434	 5.038
  764.3	 50.4	 60.9	 26.1	 20.6	 16.6	 76.1	 56.6	 19.0	 0.280	18.475	 5.038
  765.2	 50.4	 61.0	 26.2	 20.6	 16.5	 76.1	 56.6	 19.0	 0.276	18.577	 5.018
  766.1	 50.4	 61.0	 26.4	 20.5	 16.5	 76.1	 56.5	 19.0	 0.279	18.496	 5.059
  767.0	 50.4	 61.0	 26.4	 20.5	 16.5	 76.1	 56.6	 18.9	 0.277	18.414	 5.038
  767.9	 50.5	 61.1	 25.7	 20.5	 16.4	 76.1	 56.5	 19.0	 0.268	18.393	 5.038
  768.8	 50.5	 61.1	 25.5	 20.5	 16.4	 76.1	 56.5	 18.9	 0.273	18.496	 5.038
  769.6	 50.5	 61.1	 25.6	 20.5	 16.4	 76.0	 56.4	 18.9	 0.269	18.536	 5.038
  770.5	 50.6	 61.1	 25.8	 20.5	 16.4	 75.9	 56.4	 18.9	 0.282	18.557	 5.018
  771.4	 50.6	 61.2	 25.7	 20.4	 16.3	 75.9	 56.4	 18.8	 0.284	18.618	 5.018
  772.3	 50.7	 61.2	 25.2	 20.4	 16.3	 75.9	 56.3	 18.8	 0.272	18.680	 5.018
  773.2	 50.7	 61.2	 25.5	 20.4	 16.3	 75.9	 56.3	 18.7	 0.276	18.720	 5.018
  774.1	 50.7	 61.3	 25.4	 20.4	 16.3	 75.9	 56.3	 18.7	 0.276	18.782	 5.018
  775.0	 50.7	 61.3	 25.7	 20.4	 16.2	 75.9	 56.2	 18.7	 0.267	18.741	 5.038
  775.9	 50.8	 61.4	 25.3	 20.4	 16.3	 75.8	 56.2	 18.7	 0.268	18.557	 5.018
  776.8	 50.8	 61.4	 25.0	 20.3	 16.3	 75.9	 56.2	 18.6	 0.278	18.557	 4.997
  777.7	 50.8	 61.4	 25.3	 20.2	 16.3	 75.9	 56.2	 18.6	 0.280	18.598	 4.997
  778.6	 50.9	 61.4	 25.4	 20.2	 16.3	 75.9	 56.1	 18.6	 0.273	18.659	 4.997
  779.5	 50.8	 61.5	 25.3	 20.2	 16.3	 75.9	 56.1	 18.5	 0.279	18.496	 4.997
  780.4	 50.8	 61.5	 25.6	 20.2	 16.2	 75.9	 56.0	 18.5	 0.273	18.802	 4.977
  781.4	 50.9	 61.5	 25.3	 20.1	 16.2	 75.9	 56.0	 18.4	 0.271	18.598	 4.957
  782.3	 50.9	 61.6	 25.4	 20.1	 16.3	 75.9	 56.0	 18.4	 0.267	18.802	 4.957
  783.2	 50.9	 61.6	 25.5	 20.1	 16.3	 76.0	 56.0	 18.3	 0.271	18.782	 4.957
  784.1	 50.9	 61.6	 25.3	 20.1	 16.4	 76.0	 55.9	 18.3	 0.271	18.741	 4.957
  785.1	 51.0	 61.6	 25.2	 20.1	 16.5	 76.1	 55.9	 18.3	 0.267	18.802	 4.957
  786.0	 51.0	 61.7	 25.8	 20.0	 16.8	 76.1	 55.9	 18.2	 0.274	18.802	 4.957
  786.9	 51.0	 61.7	 25.8	 20.0	 17.0	 76.2	 55.9	 18.2	 0.281	18.864	 4.957
  787.8	 51.0	 61.7	 25.9	 20.0	 17.2	 76.3	 55.9	 18.2	 0.270	18.823	 4.936
  788.7	 51.1	 61.7	 26.0	 20.0	 17.4	 76.3	 55.9	 18.1	 0.279	18.925	 4.936
  789.6	 51.0	 61.7	 25.7	 20.0	 17.6	 76.3	 55.9	 18.1	 0.276	18.782	 4.936
  790.6	 51.1	 61.7	 25.7	 19.9	 17.8	 76.4	 55.9	 18.1	 0.279	18.720	 4.916
  791.5	 51.1	 61.7	 25.9	 19.9	 17.9	 76.4	 55.9	 18.1	 0.269	18.618	 4.916
  792.4	 51.1	 61.8	 25.2	 19.9	 18.1	 76.4	 55.9	 18.0	 0.272	18.761	 4.916
  793.3	 51.1	 61.8	 25.7	 19.9	 18.3	 76.5	 55.9	 18.0	 0.271	18.700	 4.895
  794.2	 51.1	 61.8	 25.3	 19.9	 18.5	 76.5	 55.9	 17.9	 0.274	18.823	 4.895
  795.1	 51.2	 61.8	 25.4	 19.9	 18.6	 76.6	 55.9	 17.9	 0.277	18.802	 4.895
  796.1	 51.2	 61.8	 25.5	 19.8	 18.8	 76.6	 55.9	 17.9	 0.283	18.700	 4.895
  797.0	 51.2	 61.8	 25.6	 19.8	 18.8	 76.7	 55.9	 17.9	 0.273	18.843	 4.895
  797.9	 51.2	 61.9	 24.5	 19.8	 19.0	 76.8	 56.0	 17.9	 0.273	18.761	 4.875
  798.8	 51.2	 61.9	 24.7	 19.9	 19.1	 76.8	 56.0	 17.9	 0.272	18.905	 4.977
  799.7	 51.3	 61.8	 25.0	 19.9	 19.3	 76.8	 56.0	 17.9	 0.282	18.680	 4.895
  800.6	 51.3	 61.8	 25.3	 20.0	 19.3	 76.8	 56.1	 17.9	 0.278	18.802	 4.875
  801.6	 51.3	 61.8	 25.4	 20.0	 19.5	 76.9	 56.1	 17.9	 0.278	18.843	 4.875
  802.5	 51.3	 61.8	 25.9	 20.0	 19.6	 76.9	 56.2	 17.9	 0.277	18.884	 4.895
  803.4	 51.3	 61.9	 26.1	 20.0	 19.6	 77.0	 56.2	 17.9	 0.278	18.782	 4.895
  804.3	 51.4	 61.9	 26.0	 20.0	 19.7	 77.0	 56.2	 17.9	 0.276	18.761	 4.875
  805.2	 51.4	 61.9	 26.3	 20.1	 19.8	 77.1	 56.3	 18.0	 0.276	18.720	 4.895
  806.2	 51.5	 61.9	 26.0	 20.1	 19.9	 77.1	 56.4	 17.9	 0.284	18.659	 4.895
  807.1	 51.6	 61.9	 26.4	 20.1	 19.9	 77.1	 56.4	 17.9	 0.276	18.639	 4.916
  808.0	 51.6	 61.9	 26.5	 20.2	 20.1	 77.2	 56.5	 18.0	 0.278	18.741	 4.916
  808.9	 51.6	 61.9	 26.6	 20.2	 20.1	 77.2	 56.5	 18.0	 0.274	18.373	 5.345
  809.8	 51.6	 61.9	 26.1	 20.2	 20.2	 77.1	 56.5	 18.0	 0.271	17.636	 5.467
  810.8	 51.6	 61.9	 26.0	 20.1	 20.2	 76.8	 56.5	 18.0	 0.282	17.064	 5.549
