# Run number 01 on Fri May  3 15:31:08 2019
# time	TA	TB	TC	TD	T1	T2	T3	T4	DP	P1	P2
    1.3	 22.3	 22.2	 20.0	 22.0	 21.3	 21.6	 21.3	 21.2	 0.539	 6.033	 6.033
    1.5	 22.3	 22.2	 20.0	 22.0	 21.3	 21.6	 21.3	 21.2	 0.538	 6.013	 6.033
    2.3	 22.3	 22.2	 20.0	 21.9	 21.3	 21.6	 21.3	 21.2	 0.548	 6.013	 6.033
    3.1	 22.3	 22.2	 20.0	 21.9	 21.3	 21.6	 21.2	 21.2	 0.532	 6.013	 6.033
    3.9	 22.3	 22.2	 20.0	 21.9	 21.3	 21.6	 21.3	 21.2	 0.538	 6.033	 6.033
    4.7	 22.3	 22.2	 20.0	 21.9	 21.3	 21.6	 21.3	 21.2	 0.530	 6.013	 6.033
    5.4	 22.3	 22.2	 20.0	 21.9	 21.3	 21.6	 21.3	 21.2	 0.542	 6.033	 6.033
    6.2	 22.3	 22.1	 20.0	 22.0	 21.3	 21.6	 21.2	 21.2	 0.563	 6.033	 6.033
    7.0	 22.3	 22.1	 20.0	 21.9	 21.3	 21.6	 21.2	 21.2	 0.548	 6.033	 6.033
    7.8	 22.3	 22.1	 20.0	 21.9	 21.3	 21.6	 21.2	 21.2	 0.544	 6.033	 6.033
    8.6	 22.3	 22.1	 20.0	 21.9	 21.3	 21.6	 21.2	 21.2	 0.550	 6.013	 6.033
    9.3	 22.3	 22.2	 20.0	 21.9	 21.3	 21.6	 21.2	 21.2	 0.542	 6.033	 6.033
   10.1	 22.3	 22.1	 20.0	 22.0	 21.3	 21.5	 21.2	 21.2	 0.542	 6.013	 6.033
   10.9	 22.3	 22.2	 20.0	 21.9	 21.3	 21.6	 21.2	 21.2	 0.563	 6.033	 6.033
   11.7	 22.3	 22.2	 20.0	 21.9	 21.3	 21.5	 21.2	 21.1	 0.503	 6.013	 6.033
   12.5	 22.3	 22.2	 20.0	 21.9	 21.3	 21.6	 21.2	 21.2	 0.576	 6.013	 6.033
   13.2	 22.3	 22.1	 20.0	 21.8	 21.3	 21.6	 21.3	 21.2	 0.537	 6.013	 6.033
   14.0	 22.3	 22.1	 20.0	 21.8	 21.3	 21.6	 21.3	 21.2	 0.534	 6.013	 6.033
   14.8	 22.3	 22.2	 20.0	 21.8	 21.3	 21.6	 21.3	 21.2	 0.551	 6.033	 6.033
   15.6	 22.3	 22.1	 20.0	 21.8	 21.3	 21.6	 21.3	 21.2	 0.560	 6.013	 6.033
   16.4	 22.3	 22.2	 20.0	 21.8	 21.3	 21.6	 21.3	 21.2	 0.557	 6.033	 6.033
   17.1	 22.3	 22.2	 20.0	 21.9	 21.3	 21.6	 21.3	 21.2	 0.561	 6.013	 6.033
   17.9	 22.3	 22.2	 20.0	 21.9	 21.3	 21.6	 21.3	 21.2	 0.562	 6.013	 6.033
   18.7	 22.3	 22.2	 20.0	 21.9	 21.3	 21.6	 21.3	 21.2	 0.560	 6.013	 6.054
   19.5	 22.3	 22.2	 20.0	 21.9	 21.3	 21.6	 21.3	 21.2	 0.555	 6.013	 6.033
   20.3	 22.3	 22.2	 20.0	 21.9	 21.3	 21.6	 21.3	 21.2	 0.545	 6.013	 6.054
   21.1	 22.3	 22.2	 20.0	 21.9	 21.3	 21.6	 21.3	 21.2	 0.564	 6.013	 6.033
   21.9	 22.3	 22.1	 20.0	 21.9	 21.3	 21.6	 21.3	 21.2	 0.538	 6.033	 6.033
   22.7	 22.3	 22.1	 20.0	 21.9	 21.3	 21.6	 21.3	 21.2	 0.548	 6.013	 6.033
   23.4	 22.3	 22.2	 20.0	 21.9	 21.4	 21.6	 21.3	 21.2	 0.559	 6.013	 6.033
   24.2	 22.3	 22.1	 20.0	 21.9	 21.3	 21.6	 21.3	 21.2	 0.547	 6.033	 6.033
   24.9	 22.3	 22.2	 20.0	 21.9	 21.3	 21.6	 21.3	 21.2	 0.555	 6.033	 6.033
