# Run number 06 on Tue May 28 16:19:41 2019
# time	TA	TB	TC	TD	T1	T2	T3	T4	DP	P2	P1
    1.3	 46.6	 58.3	 26.5	 21.2	 17.7	 77.2	 55.7	 19.4	 0.267	17.534	 5.161
    1.4	 46.6	 58.3	 26.5	 21.2	 17.7	 77.2	 55.7	 19.4	 0.273	17.534	 5.181
    2.2	 46.6	 58.3	 26.4	 21.2	 17.5	 77.2	 55.7	 19.4	 0.260	17.677	 5.161
    3.1	 46.6	 58.3	 26.4	 21.2	 17.5	 77.2	 55.6	 19.4	 0.270	17.698	 5.202
    3.9	 46.6	 58.3	 26.4	 21.2	 17.4	 77.2	 55.6	 19.4	 0.271	17.821	 5.181
    4.8	 46.6	 58.3	 26.3	 21.3	 17.4	 77.1	 55.6	 19.4	 0.268	17.739	 5.161
    5.6	 46.6	 58.3	 26.3	 21.2	 17.3	 77.1	 55.6	 19.4	 0.269	17.575	 5.161
    6.5	 46.6	 58.3	 26.2	 21.2	 17.3	 77.1	 55.6	 19.4	 0.272	17.800	 5.161
    8.2	 46.6	 58.4	 26.1	 21.2	 17.1	 77.0	 55.5	 19.4	 0.272	17.821	 5.161
    9.5	 46.6	 58.4	 26.1	 21.2	 17.1	 77.0	 55.5	 19.4	 0.271	17.698	 5.283
   10.4	 46.6	 58.4	 26.1	 21.2	 17.0	 77.0	 55.5	 19.3	 0.274	17.596	 5.140
   11.3	 46.6	 58.4	 26.1	 21.2	 17.0	 77.0	 55.4	 19.3	 0.275	17.861	 5.140
   12.2	 46.6	 58.4	 26.1	 21.1	 16.9	 77.0	 55.4	 19.3	 0.263	17.841	 5.140
   13.1	 46.6	 58.4	 26.1	 21.1	 16.9	 77.0	 55.3	 19.2	 0.274	17.718	 5.263
   13.9	 46.6	 58.4	 26.1	 21.1	 16.9	 76.9	 55.3	 19.2	 0.269	17.841	 5.140
   14.8	 46.6	 58.4	 26.2	 21.1	 16.8	 76.8	 55.2	 19.2	 0.269	17.657	 5.140
   15.7	 46.6	 58.4	 26.1	 21.1	 16.8	 76.7	 55.2	 19.1	 0.266	17.841	 5.120
   16.6	 46.6	 58.5	 26.0	 21.1	 16.8	 76.6	 55.2	 19.1	 0.273	17.677	 5.120
   17.5	 46.6	 58.5	 25.9	 21.1	 16.7	 76.6	 55.2	 19.0	 0.270	17.739	 5.120
   18.4	 46.6	 58.5	 26.0	 21.1	 16.7	 76.5	 55.1	 19.0	 0.276	17.861	 5.120
   19.3	 46.6	 58.5	 26.0	 21.1	 16.7	 76.5	 55.1	 19.0	 0.267	17.759	 5.120
   20.2	 46.6	 58.5	 26.1	 21.0	 16.7	 76.4	 55.0	 18.9	 0.280	17.821	 5.120
   21.1	 46.6	 58.5	 26.2	 21.0	 16.7	 76.4	 55.0	 18.9	 0.272	17.780	 5.120
   22.0	 46.6	 58.5	 26.0	 21.0	 16.7	 76.3	 54.9	 18.9	 0.269	17.657	 5.120
   22.9	 46.6	 58.5	 25.9	 21.0	 16.6	 76.3	 54.8	 18.8	 0.274	17.923	 5.100
   23.7	 46.6	 58.5	 25.7	 21.0	 16.6	 76.3	 54.8	 18.8	 0.273	17.759	 5.100
   24.6	 46.5	 58.5	 25.6	 20.9	 16.6	 76.3	 54.8	 18.8	 0.269	17.780	 5.100
   25.5	 46.6	 58.5	 25.6	 20.9	 16.6	 76.3	 54.8	 18.7	 0.278	17.861	 5.079
   26.4	 46.6	 58.6	 25.8	 20.9	 16.6	 76.2	 54.7	 18.7	 0.272	17.841	 5.079
   27.3	 46.6	 58.6	 25.6	 20.9	 16.7	 76.3	 54.6	 18.6	 0.269	17.923	 5.100
   28.2	 46.6	 58.6	 25.5	 20.9	 16.8	 76.2	 54.6	 18.6	 0.269	17.902	 5.079
   29.1	 46.6	 58.6	 25.5	 20.9	 16.9	 76.2	 54.6	 18.5	 0.268	17.759	 5.079
   30.0	 46.5	 58.5	 25.9	 20.8	 17.1	 76.2	 54.6	 18.5	 0.267	17.821	 5.059
   30.9	 46.5	 58.6	 26.3	 20.8	 17.3	 76.3	 54.6	 18.4	 0.273	17.718	 5.059
   31.8	 46.6	 58.6	 26.6	 20.8	 17.6	 76.3	 54.6	 18.4	 0.270	17.718	 5.038
   32.7	 46.5	 58.5	 26.5	 20.7	 17.7	 76.3	 54.5	 18.4	 0.272	17.902	 5.038
   33.6	 46.5	 58.5	 26.4	 20.7	 18.0	 76.3	 54.5	 18.3	 0.275	17.780	 5.038
   34.5	 46.5	 58.6	 26.3	 20.8	 18.1	 76.3	 54.5	 18.3	 0.275	17.800	 5.018
   35.3	 46.5	 58.5	 26.3	 20.7	 18.2	 76.3	 54.4	 18.2	 0.268	17.677	 5.018
   36.2	 46.5	 58.5	 26.2	 20.7	 18.5	 76.4	 54.4	 18.2	 0.268	17.861	 5.018
   37.1	 46.5	 58.5	 26.1	 20.7	 18.6	 76.4	 54.4	 18.1	 0.268	17.841	 5.018
   38.0	 46.5	 58.5	 26.1	 20.7	 18.8	 76.4	 54.3	 18.1	 0.263	17.759	 4.997
   38.9	 46.5	 58.5	 26.2	 20.7	 18.9	 76.5	 54.4	 18.1	 0.270	17.821	 5.018
   39.8	 46.5	 58.5	 26.3	 20.7	 19.1	 76.6	 54.4	 18.1	 0.270	17.657	 4.997
   40.7	 46.5	 58.5	 26.1	 20.6	 19.3	 76.6	 54.3	 18.0	 0.265	17.759	 4.977
   41.6	 46.5	 58.5	 25.8	 20.6	 19.4	 76.7	 54.3	 18.0	 0.278	17.943	 4.997
   42.5	 46.5	 58.5	 25.5	 20.6	 19.6	 76.8	 54.4	 18.0	 0.264	17.596	 4.977
   43.4	 46.5	 58.4	 25.4	 20.6	 19.7	 76.9	 54.4	 18.0	 0.265	17.698	 4.957
   44.3	 46.5	 58.4	 25.4	 20.6	 19.8	 76.9	 54.4	 18.0	 0.276	17.698	 4.977
   45.2	 46.5	 58.4	 25.5	 20.5	 19.9	 76.9	 54.4	 18.0	 0.269	17.780	 4.977
   46.0	 46.5	 58.3	 25.6	 20.6	 20.0	 76.9	 54.4	 18.0	 0.262	17.575	 4.977
   46.9	 46.5	 58.3	 25.9	 20.6	 20.1	 77.0	 54.5	 18.0	 0.270	17.596	 4.977
   47.8	 46.5	 58.3	 26.0	 20.6	 20.2	 77.0	 54.5	 18.0	 0.271	17.657	 4.997
   48.7	 46.5	 58.3	 26.0	 20.6	 20.3	 77.0	 54.5	 18.0	 0.272	17.596	 4.977
   49.6	 46.5	 58.3	 26.0	 20.7	 20.4	 77.1	 54.5	 18.0	 0.266	17.677	 4.957
   50.5	 46.4	 58.3	 25.9	 20.7	 20.5	 77.1	 54.6	 18.0	 0.279	17.596	 4.977
   51.4	 46.5	 58.3	 25.8	 20.7	 20.5	 77.1	 54.6	 18.0	 0.271	17.534	 4.997
   52.3	 46.5	 58.3	 25.6	 20.8	 20.6	 77.1	 54.7	 18.0	 0.266	17.575	 4.977
   53.2	 46.5	 58.2	 25.8	 20.8	 20.7	 77.2	 54.8	 18.0	 0.265	17.596	 4.997
   54.1	 46.5	 58.2	 25.9	 20.8	 20.8	 77.2	 54.8	 18.0	 0.274	17.657	 4.997
   55.0	 46.5	 58.2	 25.9	 20.9	 20.8	 77.2	 54.9	 18.0	 0.273	17.473	 4.997
   55.9	 46.5	 58.2	 25.8	 20.9	 20.9	 77.1	 54.9	 18.1	 0.266	17.575	 4.997
   56.8	 46.5	 58.2	 25.8	 20.9	 20.9	 77.2	 54.9	 18.0	 0.273	17.636	 5.018
   57.7	 46.5	 58.1	 25.6	 20.8	 21.0	 77.2	 55.0	 18.1	 0.273	17.698	 5.018
   58.6	 46.4	 58.2	 25.7	 20.8	 21.0	 77.2	 55.1	 18.1	 0.270	17.514	 5.018
   59.5	 46.4	 58.1	 25.6	 20.8	 21.1	 77.2	 55.1	 18.1	 0.271	17.411	 5.018
   60.4	 46.4	 58.2	 25.7	 20.9	 21.1	 77.2	 55.1	 18.2	 0.273	17.555	 5.038
   61.3	 46.5	 58.2	 25.7	 20.9	 21.2	 77.2	 55.2	 18.2	 0.269	17.575	 5.018
   62.2	 46.5	 58.2	 25.7	 20.8	 21.2	 77.3	 55.2	 18.2	 0.271	17.739	 5.038
   63.1	 46.4	 58.1	 25.8	 20.8	 21.3	 77.2	 55.2	 18.2	 0.268	17.555	 5.181
   64.0	 46.5	 58.2	 25.8	 20.9	 21.3	 77.3	 55.3	 18.3	 0.278	17.473	 5.038
   64.8	 46.5	 58.1	 25.8	 20.9	 21.3	 77.3	 55.3	 18.3	 0.271	17.534	 5.059
   65.7	 46.4	 58.1	 25.8	 20.9	 21.4	 77.3	 55.3	 18.3	 0.269	17.616	 5.059
   66.6	 46.4	 58.1	 25.8	 20.8	 21.4	 77.4	 55.3	 18.3	 0.271	17.677	 5.059
   67.5	 46.4	 58.1	 25.7	 20.8	 21.5	 77.3	 55.4	 18.4	 0.277	17.616	 5.079
   68.4	 46.4	 58.1	 25.8	 20.8	 21.5	 77.4	 55.4	 18.4	 0.264	17.452	 5.079
   69.3	 46.4	 58.1	 25.8	 20.9	 21.5	 77.4	 55.4	 18.4	 0.261	17.493	 5.079
   70.2	 46.4	 58.1	 25.9	 20.9	 21.5	 77.4	 55.4	 18.5	 0.266	17.575	 5.100
   71.1	 46.4	 58.2	 26.0	 20.9	 21.6	 77.4	 55.5	 18.5	 0.266	17.657	 5.079
   72.0	 46.4	 58.2	 26.1	 21.0	 21.6	 77.4	 55.5	 18.5	 0.265	17.657	 5.100
   72.9	 46.5	 58.2	 26.1	 21.0	 21.6	 77.4	 55.5	 18.5	 0.277	17.514	 5.100
   73.8	 46.4	 58.2	 26.3	 20.9	 21.6	 77.4	 55.5	 18.6	 0.269	17.493	 5.100
   74.7	 46.5	 58.2	 26.3	 21.0	 21.6	 77.4	 55.5	 18.6	 0.269	17.575	 5.100
   75.6	 46.4	 58.2	 26.3	 21.0	 21.6	 77.3	 55.5	 18.6	 0.270	17.596	 5.100
   76.5	 46.4	 58.2	 26.2	 21.0	 21.6	 77.3	 55.5	 18.6	 0.277	17.555	 5.120
   77.4	 46.4	 58.2	 26.3	 21.0	 21.6	 77.4	 55.5	 18.6	 0.264	17.616	 5.100
   78.3	 46.4	 58.2	 26.3	 21.1	 21.7	 77.4	 55.5	 18.7	 0.264	17.677	 5.120
   79.2	 46.4	 58.2	 26.3	 21.1	 21.7	 77.4	 55.5	 18.7	 0.265	17.636	 5.120
   80.1	 46.4	 58.2	 26.3	 21.1	 21.7	 77.4	 55.5	 18.7	 0.269	17.473	 5.140
   81.0	 46.4	 58.2	 26.3	 21.1	 21.7	 77.4	 55.5	 18.8	 0.268	17.636	 5.140
   81.9	 46.4	 58.2	 26.4	 21.1	 21.7	 77.4	 55.5	 18.8	 0.271	17.514	 5.140
   82.8	 46.4	 58.2	 26.4	 21.1	 21.7	 77.4	 55.5	 18.8	 0.262	17.555	 5.140
   83.7	 46.4	 58.2	 26.3	 21.1	 21.7	 77.4	 55.5	 18.8	 0.265	17.473	 5.161
   84.6	 46.4	 58.2	 26.5	 21.2	 21.7	 77.4	 55.5	 18.8	 0.270	17.555	 5.161
   85.5	 46.4	 58.2	 26.5	 21.2	 21.6	 77.5	 55.5	 18.9	 0.268	17.616	 5.161
   86.4	 46.4	 58.2	 26.5	 21.2	 21.6	 77.5	 55.5	 18.9	 0.273	17.739	 5.161
   87.3	 46.4	 58.2	 26.4	 21.2	 21.6	 77.4	 55.5	 18.9	 0.268	17.555	 5.161
   88.2	 46.4	 58.2	 26.4	 21.1	 21.5	 77.4	 55.5	 18.9	 0.277	17.759	 5.140
   89.1	 46.4	 58.2	 26.4	 21.2	 21.5	 77.5	 55.5	 18.9	 0.270	17.534	 5.140
   90.0	 46.4	 58.2	 26.4	 21.2	 21.5	 77.5	 55.5	 19.0	 0.272	17.534	 5.161
   90.9	 46.4	 58.2	 26.4	 21.2	 21.4	 77.5	 55.5	 19.0	 0.264	17.514	 5.161
   91.8	 46.4	 58.2	 26.4	 21.2	 21.4	 77.5	 55.5	 19.1	 0.273	17.534	 5.161
   92.7	 46.4	 58.2	 26.2	 21.2	 21.3	 77.5	 55.5	 19.1	 0.273	17.616	 5.161
   93.6	 46.4	 58.2	 26.2	 21.2	 21.2	 77.5	 55.4	 19.1	 0.266	17.534	 5.161
   94.5	 46.4	 58.2	 26.2	 21.2	 21.2	 77.5	 55.5	 19.1	 0.279	17.616	 5.140
   95.4	 46.3	 58.2	 26.2	 21.2	 21.0	 77.5	 55.5	 19.2	 0.274	17.698	 5.283
   96.3	 46.3	 58.2	 26.3	 21.2	 21.0	 77.5	 55.5	 19.2	 0.270	17.514	 5.140
   97.2	 46.3	 58.1	 26.3	 21.2	 20.7	 77.5	 55.5	 19.2	 0.269	17.555	 5.140
   98.1	 46.3	 58.2	 26.3	 21.2	 20.5	 77.5	 55.5	 19.3	 0.270	17.636	 5.161
   99.0	 46.3	 58.1	 26.1	 21.2	 19.8	 77.5	 55.5	 19.3	 0.267	17.555	 5.140
   99.9	 46.3	 58.1	 26.1	 21.3	 19.3	 77.5	 55.5	 19.3	 0.271	17.718	 5.161
  100.8	 46.3	 58.1	 26.3	 21.3	 18.4	 77.5	 55.5	 19.3	 0.275	17.596	 5.181
  101.7	 46.3	 58.1	 26.2	 21.3	 17.5	 77.5	 55.5	 19.4	 0.273	17.698	 5.181
  102.6	 46.3	 58.1	 26.2	 21.3	 17.4	 77.5	 55.5	 19.4	 0.266	17.534	 5.181
  103.6	 46.3	 58.1	 26.0	 21.3	 17.3	 77.5	 55.5	 19.4	 0.272	17.555	 5.181
  104.5	 46.3	 58.1	 26.0	 21.3	 17.3	 77.4	 55.5	 19.5	 0.271	17.636	 5.304
  105.4	 46.3	 58.1	 26.1	 21.3	 17.3	 77.5	 55.5	 19.4	 0.273	17.657	 5.181
  106.4	 46.2	 58.1	 26.0	 21.2	 17.3	 77.4	 55.5	 19.5	 0.270	17.739	 5.181
  107.3	 46.3	 58.1	 26.1	 21.3	 17.2	 77.4	 55.5	 19.5	 0.269	17.636	 5.181
  108.2	 46.3	 58.1	 26.2	 21.3	 17.2	 77.4	 55.5	 19.5	 0.275	17.739	 5.161
  109.2	 46.3	 58.1	 26.1	 21.3	 17.1	 77.3	 55.4	 19.4	 0.271	17.575	 5.161
  110.1	 46.3	 58.1	 26.0	 21.3	 17.1	 77.3	 55.4	 19.4	 0.265	17.657	 5.161
  111.0	 46.3	 58.1	 25.9	 21.2	 17.0	 77.2	 55.4	 19.4	 0.264	17.575	 5.140
  111.9	 46.3	 58.1	 25.9	 21.2	 17.0	 77.2	 55.4	 19.4	 0.265	17.657	 5.140
  112.8	 46.3	 58.1	 25.9	 21.2	 16.9	 77.2	 55.4	 19.4	 0.265	17.800	 5.161
  113.7	 46.3	 58.1	 26.0	 21.2	 16.9	 77.2	 55.3	 19.3	 0.269	17.657	 5.140
  114.6	 46.2	 58.2	 25.9	 21.2	 16.9	 77.1	 55.3	 19.3	 0.270	17.841	 5.161
  115.5	 46.2	 58.2	 26.0	 21.2	 16.9	 77.1	 55.2	 19.3	 0.265	17.698	 5.140
  116.4	 46.2	 58.2	 26.1	 21.2	 16.8	 77.0	 55.1	 19.2	 0.266	17.861	 5.222
  117.3	 46.2	 58.2	 26.2	 21.2	 16.8	 76.9	 55.1	 19.2	 0.267	17.718	 5.140
  118.2	 46.2	 58.2	 26.1	 21.1	 16.7	 76.8	 55.1	 19.1	 0.274	17.841	 5.120
  119.1	 46.2	 58.2	 26.2	 21.1	 16.8	 76.8	 55.1	 19.1	 0.264	17.759	 5.222
  119.9	 46.2	 58.2	 26.2	 21.1	 16.8	 76.7	 55.1	 19.1	 0.267	17.555	 5.120
  120.8	 46.2	 58.2	 26.3	 21.0	 16.8	 76.6	 55.0	 19.0	 0.266	17.800	 5.100
  121.7	 46.2	 58.2	 26.2	 21.0	 16.8	 76.6	 55.0	 19.0	 0.277	17.616	 5.100
  122.6	 46.2	 58.2	 26.3	 21.0	 16.8	 76.5	 54.9	 19.0	 0.272	17.636	 5.100
  123.5	 46.2	 58.2	 26.3	 21.0	 16.8	 76.5	 54.9	 18.9	 0.270	17.616	 5.120
  124.4	 46.2	 58.2	 26.3	 21.0	 16.8	 76.5	 54.8	 18.9	 0.270	17.596	 5.120
  125.3	 46.2	 58.2	 26.3	 20.9	 16.9	 76.4	 54.8	 18.8	 0.270	17.677	 5.100
  126.2	 46.2	 58.2	 26.3	 20.9	 16.9	 76.4	 54.7	 18.8	 0.274	17.596	 5.100
  127.1	 46.2	 58.2	 26.4	 20.9	 16.9	 76.4	 54.7	 18.8	 0.275	17.657	 5.079
  128.0	 46.2	 58.3	 26.4	 20.9	 17.0	 76.4	 54.7	 18.8	 0.272	17.596	 5.079
  128.9	 46.2	 58.2	 26.4	 20.9	 17.0	 76.3	 54.6	 18.7	 0.272	17.657	 5.079
  129.8	 46.2	 58.3	 26.4	 20.9	 17.2	 76.3	 54.6	 18.6	 0.270	17.698	 5.059
  130.7	 46.2	 58.3	 26.4	 20.9	 17.3	 76.3	 54.6	 18.6	 0.270	17.616	 5.059
  131.6	 46.2	 58.3	 26.3	 20.9	 17.5	 76.3	 54.6	 18.6	 0.274	17.657	 5.059
  132.5	 46.2	 58.2	 26.3	 20.9	 17.6	 76.3	 54.5	 18.5	 0.264	17.759	 5.038
  133.4	 46.2	 58.3	 26.4	 20.9	 17.7	 76.3	 54.5	 18.5	 0.267	17.575	 5.161
  134.3	 46.2	 58.3	 26.4	 20.8	 17.9	 76.3	 54.5	 18.4	 0.273	17.698	 5.018
  135.2	 46.2	 58.2	 26.4	 20.8	 18.1	 76.3	 54.4	 18.4	 0.274	17.575	 4.997
  136.1	 46.2	 58.3	 26.4	 20.8	 18.3	 76.3	 54.4	 18.4	 0.278	17.841	 4.997
  137.0	 46.2	 58.2	 26.4	 20.7	 18.4	 76.4	 54.4	 18.3	 0.280	17.657	 5.018
  137.9	 46.2	 58.2	 26.3	 20.7	 18.7	 76.4	 54.4	 18.3	 0.272	17.780	 4.997
  138.8	 46.2	 58.2	 26.3	 20.7	 18.8	 76.4	 54.3	 18.2	 0.266	17.821	 4.997
  139.7	 46.2	 58.2	 26.3	 20.6	 18.9	 76.5	 54.3	 18.2	 0.266	17.657	 4.977
  140.6	 46.2	 58.2	 26.4	 20.6	 19.1	 76.5	 54.3	 18.1	 0.276	17.596	 4.977
  141.5	 46.2	 58.2	 26.4	 20.6	 19.2	 76.5	 54.3	 18.1	 0.272	17.534	 4.997
  142.4	 46.2	 58.2	 26.4	 20.6	 19.4	 76.5	 54.3	 18.1	 0.272	17.698	 4.977
  143.4	 46.2	 58.2	 26.4	 20.6	 19.5	 76.6	 54.2	 18.1	 0.268	17.657	 4.977
  144.3	 46.2	 58.1	 26.3	 20.6	 19.6	 76.6	 54.3	 18.0	 0.278	17.657	 4.977
  145.2	 46.2	 58.1	 26.3	 20.6	 19.7	 76.6	 54.3	 18.0	 0.282	17.636	 4.977
  146.1	 46.2	 58.1	 26.3	 20.6	 19.8	 76.6	 54.3	 18.0	 0.272	17.739	 4.977
  147.0	 46.2	 58.1	 26.3	 20.6	 20.0	 76.6	 54.4	 18.0	 0.269	17.575	 4.957
  147.9	 46.2	 58.1	 26.3	 20.6	 20.0	 76.7	 54.4	 18.0	 0.273	17.473	 4.977
  148.8	 46.2	 58.1	 26.3	 20.6	 20.1	 76.7	 54.5	 18.0	 0.276	17.473	 4.977
  149.7	 46.2	 58.0	 26.3	 20.6	 20.2	 76.7	 54.5	 18.0	 0.278	17.677	 4.977
  150.6	 46.2	 58.0	 26.4	 20.6	 20.3	 76.8	 54.5	 18.1	 0.270	17.534	 4.977
  151.5	 46.2	 58.0	 26.4	 20.6	 20.4	 76.8	 54.5	 18.1	 0.277	17.411	 4.977
  152.4	 46.2	 58.0	 26.4	 20.6	 20.5	 76.9	 54.5	 18.1	 0.270	17.473	 4.997
  153.3	 46.2	 58.0	 26.5	 20.6	 20.5	 76.9	 54.6	 18.1	 0.273	17.575	 4.997
  154.2	 46.2	 58.0	 26.5	 20.6	 20.6	 76.9	 54.6	 18.1	 0.278	17.514	 4.997
  155.1	 46.2	 58.0	 26.4	 20.6	 20.6	 76.9	 54.7	 18.1	 0.278	17.432	 4.977
  156.0	 46.2	 58.0	 26.3	 20.7	 20.7	 76.9	 54.7	 18.1	 0.268	17.432	 4.997
  156.9	 46.2	 57.9	 26.3	 20.7	 20.8	 76.9	 54.7	 18.1	 0.272	17.657	 4.997
  157.8	 46.1	 57.9	 26.3	 20.7	 20.8	 77.0	 54.7	 18.1	 0.267	17.452	 4.997
  158.7	 46.1	 57.9	 26.2	 20.7	 20.9	 77.0	 54.8	 18.1	 0.269	17.596	 4.997
  159.6	 46.2	 57.9	 26.3	 20.8	 20.9	 77.0	 54.8	 18.1	 0.278	17.473	 4.997
  160.5	 46.2	 57.9	 26.3	 20.8	 20.9	 77.0	 54.9	 18.2	 0.261	17.330	 5.018
  161.4	 46.2	 57.9	 26.3	 20.8	 21.0	 77.0	 54.9	 18.2	 0.277	17.534	 5.018
  162.3	 46.1	 57.9	 26.3	 20.8	 21.0	 77.0	 54.9	 18.2	 0.269	17.534	 5.038
  163.2	 46.1	 57.9	 26.3	 20.8	 21.1	 77.1	 54.9	 18.2	 0.276	17.411	 5.018
  164.1	 46.1	 57.9	 26.4	 20.8	 21.1	 77.1	 55.0	 18.3	 0.277	17.371	 5.038
  165.0	 46.1	 57.9	 26.3	 20.8	 21.2	 77.1	 55.0	 18.3	 0.278	17.575	 5.038
  165.9	 46.1	 57.9	 26.3	 20.8	 21.2	 77.1	 55.0	 18.3	 0.265	17.514	 5.038
  166.8	 46.1	 57.9	 26.3	 20.8	 21.2	 77.1	 55.1	 18.3	 0.271	17.432	 5.059
  167.8	 46.1	 57.9	 26.4	 20.9	 21.3	 77.1	 55.1	 18.4	 0.271	17.330	 5.059
  168.7	 46.1	 57.9	 26.4	 20.9	 21.3	 77.2	 55.1	 18.4	 0.270	17.534	 5.059
  169.6	 46.1	 57.9	 26.4	 20.9	 21.3	 77.2	 55.1	 18.4	 0.268	17.575	 5.059
  170.5	 46.1	 57.8	 26.4	 20.9	 21.4	 77.2	 55.2	 18.5	 0.266	17.432	 5.059
  171.4	 46.1	 57.9	 26.5	 20.9	 21.4	 77.2	 55.2	 18.5	 0.268	17.391	 5.079
  172.3	 46.1	 57.9	 26.5	 21.0	 21.4	 77.2	 55.2	 18.5	 0.283	17.514	 5.079
  173.2	 46.1	 57.9	 26.3	 21.0	 21.4	 77.2	 55.2	 18.5	 0.275	17.555	 5.079
  174.1	 46.1	 57.8	 26.3	 21.0	 21.5	 77.2	 55.2	 18.6	 0.265	17.411	 5.079
  175.0	 46.1	 57.8	 26.2	 21.0	 21.5	 77.2	 55.2	 18.6	 0.267	17.371	 5.100
  175.9	 46.1	 57.8	 26.3	 21.0	 21.5	 77.2	 55.2	 18.6	 0.276	17.514	 5.100
  176.8	 46.1	 57.9	 26.2	 21.0	 21.5	 77.2	 55.2	 18.6	 0.273	17.596	 5.100
  177.7	 46.1	 57.9	 26.2	 21.1	 21.5	 77.2	 55.2	 18.7	 0.272	17.452	 5.100
  178.6	 46.1	 57.9	 26.3	 21.1	 21.5	 77.2	 55.2	 18.7	 0.269	17.371	 5.100
  179.5	 46.1	 57.8	 26.4	 21.1	 21.6	 77.3	 55.2	 18.7	 0.273	17.514	 5.100
  180.4	 46.1	 57.9	 26.3	 21.1	 21.6	 77.3	 55.2	 18.7	 0.271	17.411	 5.120
  181.3	 46.1	 57.8	 26.3	 21.1	 21.6	 77.3	 55.3	 18.8	 0.276	17.432	 5.100
  182.2	 46.1	 57.8	 26.1	 21.1	 21.6	 77.3	 55.3	 18.8	 0.275	17.596	 5.120
  183.1	 46.1	 57.8	 26.0	 21.1	 21.6	 77.3	 55.3	 18.9	 0.272	17.350	 5.120
  184.0	 46.1	 57.9	 25.8	 21.1	 21.6	 77.3	 55.3	 18.9	 0.272	17.616	 5.100
  185.0	 46.1	 57.9	 25.7	 21.1	 21.6	 77.4	 55.3	 18.9	 0.271	17.391	 5.140
  185.9	 46.1	 57.9	 25.7	 21.1	 21.5	 77.3	 55.3	 18.9	 0.282	17.534	 5.120
  186.8	 46.1	 57.9	 25.7	 21.1	 21.5	 77.3	 55.3	 18.9	 0.280	17.616	 5.120
  187.7	 46.1	 57.9	 25.8	 21.1	 21.5	 77.3	 55.3	 18.9	 0.271	17.391	 5.120
  188.6	 46.1	 57.9	 25.8	 21.1	 21.4	 77.3	 55.3	 19.0	 0.269	17.636	 5.100
  189.5	 46.1	 57.9	 25.9	 21.1	 21.4	 77.4	 55.3	 19.0	 0.268	17.493	 5.100
  190.4	 46.1	 57.9	 25.8	 21.1	 21.4	 77.4	 55.3	 19.0	 0.268	17.514	 5.120
  191.3	 46.1	 57.9	 25.9	 21.1	 21.3	 77.4	 55.3	 19.1	 0.270	17.596	 5.120
  192.2	 46.1	 57.9	 26.0	 21.1	 21.1	 77.4	 55.2	 19.1	 0.269	17.391	 5.120
  193.1	 46.1	 57.9	 26.1	 21.2	 21.1	 77.4	 55.3	 19.1	 0.269	17.452	 5.140
  194.0	 46.1	 57.9	 25.9	 21.2	 21.0	 77.3	 55.3	 19.1	 0.272	17.411	 5.120
  194.9	 46.1	 57.9	 25.8	 21.2	 20.9	 77.3	 55.2	 19.1	 0.270	17.432	 5.120
  195.8	 46.1	 57.9	 25.8	 21.2	 20.7	 77.4	 55.3	 19.2	 0.271	17.575	 5.140
  196.8	 46.1	 57.9	 25.7	 21.2	 20.5	 77.4	 55.3	 19.2	 0.274	17.534	 5.120
  197.7	 46.1	 57.9	 25.7	 21.2	 20.0	 77.4	 55.3	 19.2	 0.277	17.411	 5.140
  198.6	 46.1	 57.9	 25.8	 21.2	 19.6	 77.4	 55.3	 19.3	 0.273	17.616	 5.140
  199.5	 46.1	 57.9	 25.8	 21.3	 19.2	 77.4	 55.3	 19.3	 0.267	17.452	 5.140
  200.4	 46.1	 57.9	 25.8	 21.2	 17.9	 77.4	 55.3	 19.3	 0.269	17.575	 5.161
  201.3	 46.1	 57.9	 25.8	 21.2	 17.6	 77.4	 55.3	 19.3	 0.273	17.575	 5.161
  202.2	 46.1	 57.9	 26.0	 21.2	 17.4	 77.3	 55.3	 19.3	 0.275	17.452	 5.161
  203.1	 46.1	 57.9	 26.0	 21.2	 17.3	 77.3	 55.3	 19.3	 0.274	17.636	 5.161
  204.0	 46.1	 57.9	 26.0	 21.2	 17.3	 77.3	 55.3	 19.4	 0.272	17.514	 5.161
  204.9	 46.1	 57.9	 26.1	 21.3	 17.3	 77.3	 55.3	 19.4	 0.277	17.514	 5.161
  205.8	 46.1	 57.9	 26.2	 21.3	 17.2	 77.2	 55.3	 19.4	 0.267	17.473	 5.140
  206.7	 46.1	 57.9	 26.2	 21.3	 17.2	 77.2	 55.3	 19.4	 0.267	17.452	 5.161
  207.6	 46.1	 57.9	 26.1	 21.3	 17.1	 77.2	 55.2	 19.4	 0.270	17.473	 5.140
  208.6	 46.1	 57.9	 26.2	 21.3	 17.1	 77.2	 55.2	 19.4	 0.278	17.432	 5.161
  209.5	 46.1	 57.9	 26.2	 21.3	 17.1	 77.1	 55.2	 19.3	 0.269	17.575	 5.161
  210.4	 46.1	 57.9	 26.1	 21.3	 17.0	 77.1	 55.2	 19.3	 0.270	17.493	 5.140
  211.3	 46.1	 58.0	 26.2	 21.3	 17.0	 77.1	 55.2	 19.3	 0.272	17.473	 5.161
  212.2	 46.1	 57.9	 26.1	 21.3	 17.0	 77.0	 55.1	 19.2	 0.272	17.677	 5.161
  213.1	 46.1	 58.0	 26.1	 21.3	 16.9	 76.9	 55.0	 19.2	 0.266	17.555	 5.140
  214.0	 46.1	 58.0	 26.1	 21.3	 16.8	 76.9	 55.0	 19.1	 0.276	17.555	 5.202
  214.9	 46.0	 58.0	 26.3	 21.2	 16.8	 76.8	 55.0	 19.1	 0.273	17.575	 5.140
  215.8	 46.0	 58.0	 26.3	 21.1	 16.8	 76.7	 55.0	 19.1	 0.270	17.514	 5.140
  216.7	 46.0	 58.0	 26.3	 21.2	 16.9	 76.6	 54.9	 19.1	 0.266	17.677	 5.120
  217.6	 46.0	 58.0	 26.3	 21.2	 16.8	 76.6	 54.9	 19.0	 0.275	17.555	 5.120
  218.5	 46.0	 58.0	 26.3	 21.1	 16.8	 76.5	 54.9	 19.0	 0.267	17.514	 5.120
  219.4	 46.0	 58.0	 26.4	 21.1	 16.8	 76.5	 54.8	 19.0	 0.268	17.759	 5.120
  220.3	 46.0	 58.1	 26.3	 21.1	 16.8	 76.4	 54.8	 18.9	 0.275	17.555	 5.120
  221.3	 46.0	 58.0	 26.1	 21.0	 16.8	 76.3	 54.7	 18.9	 0.275	17.534	 5.120
  222.2	 46.0	 58.1	 26.1	 21.0	 16.8	 76.3	 54.7	 18.8	 0.274	17.739	 5.100
  223.1	 46.0	 58.1	 26.0	 21.0	 16.7	 76.2	 54.6	 18.8	 0.267	17.575	 5.100
  224.0	 46.0	 58.1	 26.1	 21.0	 16.7	 76.1	 54.5	 18.7	 0.270	17.575	 5.100
  224.9	 46.0	 58.1	 26.2	 21.0	 16.7	 76.1	 54.5	 18.7	 0.271	17.596	 5.079
  225.8	 46.0	 58.1	 26.2	 21.0	 16.6	 76.1	 54.5	 18.7	 0.274	17.534	 5.100
  226.7	 46.0	 58.1	 26.2	 21.0	 16.7	 76.0	 54.5	 18.7	 0.277	17.616	 5.100
  227.6	 46.0	 58.1	 26.2	 20.9	 16.7	 76.1	 54.4	 18.6	 0.276	17.616	 5.079
  228.5	 46.0	 58.1	 26.1	 20.9	 16.7	 76.1	 54.4	 18.6	 0.264	17.534	 5.079
  229.4	 46.0	 58.1	 26.1	 20.9	 16.8	 76.1	 54.3	 18.5	 0.276	17.657	 5.079
  230.3	 46.0	 58.1	 26.2	 20.9	 16.9	 76.0	 54.3	 18.5	 0.274	17.575	 5.038
  231.2	 46.0	 58.1	 26.2	 20.9	 17.1	 76.1	 54.2	 18.5	 0.273	17.514	 5.059
  232.1	 45.9	 58.0	 26.1	 20.8	 17.2	 76.0	 54.2	 18.4	 0.276	17.677	 5.059
  233.0	 45.9	 58.0	 26.2	 20.8	 17.5	 76.1	 54.2	 18.3	 0.265	17.493	 5.038
  233.9	 45.9	 58.0	 26.3	 20.8	 17.6	 76.1	 54.2	 18.3	 0.268	17.534	 5.038
  234.9	 45.9	 58.0	 26.1	 20.8	 17.9	 76.1	 54.2	 18.3	 0.276	17.596	 5.018
  235.8	 46.0	 58.0	 26.1	 20.8	 18.0	 76.2	 54.1	 18.2	 0.271	17.473	 5.018
  236.7	 45.9	 58.0	 26.3	 20.7	 18.3	 76.2	 54.1	 18.2	 0.280	17.657	 4.997
  237.6	 45.9	 58.0	 26.3	 20.7	 18.4	 76.3	 54.1	 18.2	 0.271	17.493	 4.977
  238.5	 45.9	 58.0	 26.3	 20.6	 18.5	 76.3	 54.1	 18.1	 0.267	17.473	 4.997
  239.4	 45.9	 58.0	 26.3	 20.6	 18.8	 76.4	 54.1	 18.1	 0.269	17.657	 4.977
  240.3	 45.9	 58.0	 26.2	 20.6	 18.9	 76.4	 54.0	 18.1	 0.275	17.739	 4.957
  241.2	 45.9	 58.0	 26.0	 20.6	 19.1	 76.5	 54.0	 18.0	 0.268	17.514	 4.977
  242.1	 45.9	 57.9	 25.9	 20.6	 19.2	 76.5	 54.0	 18.0	 0.272	17.411	 4.977
  243.0	 45.9	 57.9	 26.0	 20.6	 19.3	 76.5	 54.0	 18.0	 0.272	17.555	 4.957
  243.9	 45.9	 57.9	 26.1	 20.6	 19.5	 76.6	 54.0	 18.0	 0.278	17.596	 4.977
  244.9	 45.9	 57.9	 26.1	 20.6	 19.6	 76.6	 54.1	 18.0	 0.270	17.432	 4.977
  245.8	 45.9	 57.9	 26.0	 20.6	 19.7	 76.7	 54.0	 18.0	 0.272	17.534	 5.100
  246.7	 45.9	 57.9	 26.0	 20.6	 19.8	 76.6	 54.1	 18.0	 0.274	17.452	 4.977
  247.6	 45.9	 57.9	 26.0	 20.6	 19.9	 76.7	 54.1	 17.9	 0.273	17.534	 4.957
  248.5	 45.9	 57.9	 26.0	 20.6	 20.0	 76.7	 54.1	 17.9	 0.278	17.452	 4.977
  249.4	 46.0	 57.8	 26.0	 20.6	 20.1	 76.8	 54.1	 17.9	 0.265	17.555	 4.957
  250.3	 45.9	 57.8	 26.0	 20.7	 20.1	 76.8	 54.2	 17.9	 0.282	17.350	 4.977
  251.2	 45.9	 57.8	 26.1	 20.6	 20.3	 76.9	 54.2	 17.9	 0.270	17.411	 4.977
  252.1	 45.9	 57.8	 26.1	 20.6	 20.3	 76.9	 54.3	 18.0	 0.276	17.555	 4.977
  253.0	 45.9	 57.8	 26.0	 20.7	 20.4	 76.9	 54.3	 18.0	 0.271	17.371	 4.977
  254.0	 45.9	 57.8	 25.9	 20.7	 20.5	 76.9	 54.4	 18.0	 0.271	17.330	 5.059
  254.9	 45.9	 57.7	 25.8	 20.7	 20.5	 77.0	 54.4	 18.0	 0.279	17.473	 4.977
  255.8	 45.9	 57.7	 26.1	 20.7	 20.6	 77.0	 54.4	 18.0	 0.271	17.350	 4.977
  256.7	 45.9	 57.7	 26.0	 20.7	 20.7	 77.0	 54.5	 18.0	 0.270	17.289	 4.997
  257.6	 45.9	 57.7	 26.1	 20.7	 20.7	 77.0	 54.5	 18.0	 0.268	17.493	 4.997
  258.5	 46.0	 57.7	 26.1	 20.7	 20.8	 77.0	 54.5	 18.1	 0.275	17.330	 4.997
  259.4	 45.9	 57.7	 26.4	 20.7	 20.9	 77.0	 54.6	 18.1	 0.266	17.289	 5.018
  260.3	 45.9	 57.7	 26.2	 20.7	 20.9	 77.0	 54.6	 18.1	 0.277	17.432	 4.997
  261.2	 45.9	 57.7	 26.0	 20.8	 20.9	 77.0	 54.6	 18.1	 0.272	17.371	 4.997
  262.2	 45.9	 57.7	 26.1	 20.8	 21.0	 77.0	 54.6	 18.1	 0.275	17.309	 5.018
  263.1	 45.9	 57.7	 26.1	 20.8	 21.0	 77.0	 54.7	 18.2	 0.277	17.432	 5.018
  264.0	 45.9	 57.7	 26.1	 20.8	 21.0	 77.0	 54.7	 18.2	 0.268	17.391	 4.997
  264.9	 45.9	 57.6	 26.0	 20.8	 21.1	 77.0	 54.7	 18.2	 0.271	17.411	 5.018
  265.8	 45.9	 57.6	 26.0	 20.8	 21.1	 77.1	 54.8	 18.2	 0.278	17.432	 5.018
  266.7	 45.9	 57.6	 26.1	 20.8	 21.2	 77.1	 54.8	 18.3	 0.272	17.371	 5.038
  267.6	 45.9	 57.6	 26.2	 20.8	 21.2	 77.1	 54.9	 18.3	 0.273	17.289	 5.038
  268.5	 45.9	 57.6	 26.2	 20.8	 21.2	 77.1	 54.8	 18.3	 0.263	17.391	 5.038
  269.5	 45.9	 57.6	 26.1	 20.9	 21.3	 77.1	 54.8	 18.3	 0.272	17.289	 5.038
  270.4	 45.9	 57.6	 26.1	 20.9	 21.3	 77.1	 54.8	 18.4	 0.264	17.268	 5.059
  271.3	 45.9	 57.6	 26.1	 20.9	 21.3	 77.1	 54.8	 18.4	 0.267	17.371	 5.059
  272.2	 45.9	 57.6	 26.2	 20.9	 21.3	 77.1	 54.9	 18.4	 0.273	17.493	 5.059
  273.2	 45.9	 57.6	 26.1	 20.9	 21.4	 77.1	 54.9	 18.4	 0.269	17.371	 5.079
  274.1	 45.9	 57.6	 26.1	 20.9	 21.4	 77.1	 54.8	 18.4	 0.282	17.514	 5.059
  275.0	 45.9	 57.6	 26.1	 21.0	 21.4	 77.2	 54.9	 18.5	 0.267	17.268	 5.079
  275.9	 45.9	 57.6	 26.0	 21.0	 21.4	 77.1	 54.9	 18.5	 0.272	17.473	 5.100
  276.9	 45.9	 57.6	 26.0	 21.0	 21.5	 77.2	 54.9	 18.6	 0.273	17.534	 5.079
  277.8	 45.9	 57.7	 25.9	 21.1	 21.5	 77.2	 55.0	 18.6	 0.272	17.268	 5.100
  278.7	 45.9	 57.6	 25.9	 21.0	 21.5	 77.2	 55.0	 18.6	 0.268	17.371	 5.100
  279.6	 45.9	 57.7	 25.9	 21.0	 21.4	 77.2	 54.9	 18.6	 0.272	17.555	 5.100
  280.5	 45.9	 57.6	 25.8	 21.0	 21.5	 77.2	 54.9	 18.7	 0.268	17.309	 5.100
  281.4	 45.9	 57.7	 25.9	 21.0	 21.4	 77.2	 54.9	 18.7	 0.275	17.411	 5.120
  282.3	 45.9	 57.7	 26.0	 21.0	 21.4	 77.2	 54.9	 18.7	 0.274	17.350	 5.120
  283.2	 45.9	 57.7	 26.1	 21.0	 21.4	 77.2	 54.9	 18.7	 0.275	17.514	 5.120
  284.2	 45.9	 57.7	 26.2	 21.0	 21.4	 77.2	 54.9	 18.7	 0.264	17.309	 5.120
  285.1	 45.9	 57.7	 26.2	 21.0	 21.4	 77.2	 54.9	 18.8	 0.271	17.289	 5.100
  286.0	 45.9	 57.7	 26.1	 21.0	 21.4	 77.3	 55.0	 18.8	 0.276	17.350	 5.079
  286.9	 45.9	 57.7	 26.2	 21.0	 21.3	 77.3	 55.0	 18.9	 0.267	17.350	 5.100
  287.8	 45.9	 57.7	 26.3	 21.0	 21.3	 77.2	 55.0	 18.9	 0.274	17.555	 5.100
  288.7	 45.9	 57.7	 26.1	 21.0	 21.3	 77.2	 55.0	 18.9	 0.267	17.309	 5.100
  289.7	 45.9	 57.7	 26.0	 21.1	 21.1	 77.3	 55.1	 18.9	 0.277	17.452	 5.243
  290.6	 45.9	 57.7	 26.0	 21.1	 21.1	 77.3	 55.1	 19.0	 0.267	17.371	 5.100
  291.5	 45.9	 57.7	 25.8	 21.1	 21.0	 77.3	 55.1	 19.0	 0.277	17.289	 5.100
  292.4	 45.9	 57.7	 25.8	 21.1	 20.9	 77.3	 55.1	 19.1	 0.264	17.289	 5.120
  293.3	 45.9	 57.7	 25.9	 21.1	 20.7	 77.4	 55.1	 19.1	 0.272	17.452	 5.120
  294.2	 45.9	 57.7	 25.8	 21.1	 20.5	 77.3	 55.1	 19.1	 0.273	17.411	 5.100
  295.1	 45.8	 57.7	 25.7	 21.1	 19.8	 77.4	 55.1	 19.1	 0.280	17.473	 5.120
  296.1	 45.8	 57.7	 25.7	 21.2	 19.3	 77.4	 55.1	 19.2	 0.275	17.289	 5.140
  297.0	 45.9	 57.7	 25.8	 21.2	 18.7	 77.4	 55.1	 19.2	 0.275	17.268	 5.283
  297.9	 45.8	 57.7	 26.0	 21.3	 17.7	 77.3	 55.1	 19.2	 0.274	17.432	 5.120
  298.8	 45.8	 57.7	 26.0	 21.3	 17.5	 77.3	 55.1	 19.3	 0.273	17.432	 5.161
  299.7	 45.8	 57.7	 26.0	 21.3	 17.3	 77.3	 55.1	 19.3	 0.270	17.268	 5.181
  300.6	 45.8	 57.7	 26.0	 21.3	 17.3	 77.3	 55.1	 19.3	 0.265	17.493	 5.181
  301.6	 45.8	 57.7	 26.0	 21.3	 17.3	 77.3	 55.1	 19.3	 0.275	17.473	 5.161
  302.5	 45.8	 57.7	 26.1	 21.3	 17.3	 77.2	 55.1	 19.4	 0.270	17.391	 5.181
  303.4	 45.8	 57.7	 26.1	 21.3	 17.2	 77.2	 55.0	 19.3	 0.268	17.473	 5.161
  304.3	 45.8	 57.7	 26.2	 21.3	 17.2	 77.1	 55.0	 19.3	 0.272	17.371	 5.161
  305.2	 45.8	 57.7	 26.1	 21.3	 17.1	 77.1	 55.0	 19.3	 0.270	17.391	 5.161
  306.2	 45.8	 57.7	 26.1	 21.2	 17.1	 77.0	 55.0	 19.3	 0.270	17.555	 5.263
  307.1	 45.8	 57.7	 26.0	 21.2	 17.0	 77.0	 55.0	 19.3	 0.273	17.432	 5.140
  308.0	 45.8	 57.7	 25.9	 21.2	 17.0	 77.0	 55.0	 19.3	 0.277	17.452	 5.161
  308.9	 45.8	 57.8	 25.8	 21.2	 17.0	 77.0	 55.0	 19.2	 0.274	17.473	 5.140
  309.8	 45.8	 57.8	 25.8	 21.2	 16.9	 77.0	 55.0	 19.2	 0.267	17.616	 5.140
  310.7	 45.8	 57.8	 25.8	 21.2	 16.9	 76.9	 54.9	 19.2	 0.278	17.596	 5.140
  311.7	 45.8	 57.8	 25.8	 21.2	 16.9	 76.8	 54.8	 19.1	 0.280	17.432	 5.140
  312.6	 45.8	 57.8	 25.8	 21.2	 16.9	 76.7	 54.8	 19.1	 0.279	17.493	 5.120
  313.5	 45.8	 57.8	 25.8	 21.2	 16.8	 76.6	 54.7	 19.1	 0.268	17.493	 5.120
  314.4	 45.8	 57.8	 25.8	 21.2	 16.8	 76.6	 54.7	 19.0	 0.277	17.677	 5.222
  315.3	 45.8	 57.8	 26.0	 21.1	 16.7	 76.5	 54.6	 19.0	 0.268	17.596	 5.120
  316.2	 45.8	 57.8	 25.9	 21.1	 16.7	 76.4	 54.6	 19.0	 0.268	17.657	 5.100
  317.1	 45.8	 57.9	 25.9	 21.1	 16.6	 76.4	 54.5	 18.9	 0.277	17.514	 5.120
  318.1	 45.8	 57.9	 25.9	 21.0	 16.7	 76.3	 54.5	 18.9	 0.266	17.555	 5.120
  319.0	 45.8	 57.9	 25.9	 21.0	 16.7	 76.3	 54.5	 18.8	 0.272	17.493	 5.120
  319.9	 45.8	 57.9	 25.8	 21.0	 16.7	 76.3	 54.4	 18.8	 0.271	17.657	 5.120
  320.8	 45.8	 57.9	 25.8	 21.0	 16.7	 76.2	 54.4	 18.7	 0.267	17.616	 5.079
  321.7	 45.8	 57.9	 25.9	 21.0	 16.7	 76.2	 54.4	 18.7	 0.266	17.596	 5.222
  322.6	 45.8	 57.9	 25.9	 21.0	 16.6	 76.2	 54.3	 18.7	 0.264	17.657	 5.079
  323.6	 45.9	 58.0	 26.0	 21.0	 16.7	 76.2	 54.2	 18.6	 0.267	17.718	 5.079
  324.5	 45.8	 58.0	 25.9	 20.9	 16.7	 76.2	 54.2	 18.6	 0.270	17.534	 5.079
  325.4	 45.8	 57.9	 25.8	 20.9	 16.8	 76.2	 54.2	 18.5	 0.270	17.473	 5.059
  326.4	 45.8	 57.9	 25.8	 20.9	 16.8	 76.2	 54.1	 18.5	 0.265	17.739	 5.059
  327.3	 45.8	 57.9	 25.7	 20.9	 17.0	 76.2	 54.1	 18.4	 0.268	17.473	 5.038
  328.2	 45.8	 57.9	 25.8	 20.8	 17.1	 76.2	 54.0	 18.4	 0.275	17.636	 5.038
  329.1	 45.8	 57.9	 25.8	 20.8	 17.3	 76.2	 54.0	 18.3	 0.273	17.575	 5.018
  330.1	 45.8	 57.9	 25.8	 20.8	 17.4	 76.2	 53.9	 18.3	 0.263	17.514	 5.018
  331.1	 45.8	 57.9	 25.9	 20.8	 17.7	 76.2	 54.0	 18.3	 0.264	17.452	 4.997
  332.0	 45.8	 57.9	 25.9	 20.8	 17.8	 76.3	 53.9	 18.2	 0.277	17.493	 4.997
  333.0	 45.8	 57.9	 26.1	 20.8	 18.1	 76.3	 53.9	 18.2	 0.275	17.616	 4.997
  333.9	 45.8	 57.9	 26.1	 20.7	 18.2	 76.4	 53.9	 18.2	 0.268	17.616	 4.977
  334.9	 45.8	 57.9	 26.3	 20.7	 18.5	 76.4	 53.9	 18.1	 0.268	17.473	 4.977
  335.9	 45.8	 57.8	 26.2	 20.7	 18.6	 76.5	 53.8	 18.0	 0.266	17.411	 4.977
  336.9	 45.8	 57.8	 26.4	 20.6	 18.8	 76.5	 53.8	 18.0	 0.268	17.473	 4.977
  337.9	 45.8	 57.8	 26.3	 20.7	 19.0	 76.5	 53.8	 17.9	 0.277	17.493	 5.038
  338.8	 45.8	 57.8	 26.3	 20.6	 19.2	 76.6	 53.8	 17.9	 0.273	17.555	 4.977
  340.0	 45.8	 57.8	 26.3	 20.7	 19.4	 76.6	 53.8	 17.8	 0.269	17.452	 4.957
  342.0	 45.8	 57.8	 26.1	 20.6	 19.6	 76.7	 53.8	 17.8	 0.272	17.309	 4.977
  343.0	 45.8	 57.8	 26.0	 20.6	 19.7	 76.7	 53.8	 17.9	 0.267	17.432	 4.957
  344.0	 45.8	 57.7	 26.0	 20.6	 19.8	 76.7	 53.8	 17.8	 0.275	17.473	 4.957
  344.9	 45.8	 57.7	 25.8	 20.6	 20.0	 76.7	 53.8	 17.9	 0.267	17.514	 4.977
  345.9	 45.8	 57.7	 25.8	 20.6	 20.1	 76.8	 53.9	 17.9	 0.277	17.452	 4.957
  346.9	 45.8	 57.7	 25.5	 20.7	 20.2	 76.8	 54.0	 17.9	 0.271	17.473	 4.997
  347.9	 45.8	 57.6	 25.5	 20.7	 20.3	 76.9	 54.0	 17.9	 0.275	17.248	 4.957
  348.9	 45.7	 57.6	 25.6	 20.7	 20.4	 76.9	 54.1	 17.9	 0.268	17.330	 4.977
  349.8	 45.8	 57.6	 25.5	 20.8	 20.5	 76.9	 54.1	 17.9	 0.269	17.452	 4.977
  350.8	 45.7	 57.6	 25.5	 20.8	 20.6	 76.9	 54.2	 17.9	 0.277	17.289	 4.977
  351.8	 45.7	 57.6	 25.5	 20.8	 20.6	 76.9	 54.2	 17.9	 0.270	17.411	 4.977
  352.9	 45.7	 57.5	 25.5	 20.8	 20.8	 77.0	 54.3	 18.0	 0.263	17.432	 4.997
  355.0	 45.8	 57.5	 25.6	 20.8	 20.9	 77.0	 54.4	 18.0	 0.276	17.207	 4.977
  356.0	 45.8	 57.5	 25.7	 20.8	 20.9	 77.0	 54.4	 18.0	 0.273	17.493	 4.997
  357.0	 45.8	 57.5	 26.0	 20.7	 21.0	 77.0	 54.5	 18.0	 0.277	17.186	 4.997
  358.0	 45.7	 57.5	 25.8	 20.7	 21.0	 77.0	 54.5	 18.1	 0.275	17.227	 5.018
  359.0	 45.7	 57.5	 25.9	 20.8	 21.1	 77.1	 54.6	 18.1	 0.265	17.186	 4.997
  359.9	 45.7	 57.5	 26.1	 20.8	 21.1	 77.1	 54.6	 18.1	 0.276	17.268	 5.018
  360.9	 45.7	 57.5	 26.2	 20.8	 21.2	 77.1	 54.7	 18.1	 0.275	17.227	 5.018
  361.9	 45.7	 57.5	 26.3	 20.8	 21.2	 77.1	 54.7	 18.2	 0.273	17.411	 5.018
  362.8	 45.7	 57.5	 26.3	 20.8	 21.3	 77.1	 54.7	 18.2	 0.271	17.248	 5.038
  363.8	 45.7	 57.5	 26.5	 20.8	 21.3	 77.2	 54.7	 18.2	 0.271	17.371	 5.018
  364.8	 45.8	 57.5	 26.5	 20.8	 21.3	 77.1	 54.7	 18.2	 0.266	17.248	 5.161
  365.7	 45.7	 57.5	 26.5	 20.8	 21.4	 77.1	 54.8	 18.3	 0.266	17.432	 5.038
  366.7	 45.7	 57.5	 26.6	 20.8	 21.4	 77.2	 54.8	 18.3	 0.276	17.411	 5.181
  367.6	 45.7	 57.5	 26.7	 20.8	 21.4	 77.1	 54.8	 18.3	 0.269	17.268	 5.018
  368.6	 45.7	 57.5	 26.7	 20.8	 21.5	 77.1	 54.8	 18.4	 0.269	17.432	 5.059
  369.6	 45.7	 57.5	 26.4	 20.8	 21.5	 77.1	 54.8	 18.4	 0.266	17.432	 5.079
  370.5	 45.7	 57.5	 26.5	 20.9	 21.5	 77.1	 54.9	 18.4	 0.269	17.350	 5.059
  371.5	 45.7	 57.5	 26.3	 21.0	 21.5	 77.2	 54.9	 18.4	 0.264	17.309	 5.059
  372.5	 45.8	 57.5	 26.2	 20.9	 21.6	 77.2	 54.9	 18.5	 0.272	17.268	 5.079
  373.4	 45.7	 57.5	 26.3	 20.9	 21.6	 77.1	 54.9	 18.5	 0.272	17.432	 5.079
  374.4	 45.8	 57.5	 26.5	 21.0	 21.6	 77.2	 54.9	 18.5	 0.275	17.371	 5.079
  375.4	 45.8	 57.5	 26.4	 21.0	 21.6	 77.2	 54.9	 18.6	 0.267	17.330	 5.079
  376.3	 45.7	 57.5	 26.5	 21.0	 21.6	 77.2	 54.9	 18.6	 0.277	17.350	 5.079
  377.3	 45.8	 57.5	 26.5	 21.1	 21.6	 77.2	 54.8	 18.6	 0.269	17.371	 5.100
  378.2	 45.8	 57.5	 26.8	 21.1	 21.6	 77.2	 54.8	 18.7	 0.273	17.452	 5.100
  379.2	 45.8	 57.6	 26.8	 21.1	 21.7	 77.2	 54.8	 18.7	 0.276	17.452	 5.120
  380.2	 45.8	 57.6	 26.9	 21.1	 21.6	 77.2	 54.9	 18.7	 0.273	17.289	 5.120
  381.1	 45.8	 57.6	 26.9	 21.1	 21.7	 77.2	 54.9	 18.7	 0.274	17.371	 5.120
  382.1	 45.8	 57.6	 26.9	 21.1	 21.6	 77.2	 54.9	 18.8	 0.272	17.473	 5.120
  383.1	 45.8	 57.6	 27.0	 21.1	 21.7	 77.2	 54.9	 18.8	 0.276	17.452	 5.140
  384.0	 45.8	 57.6	 26.9	 21.2	 21.6	 77.2	 54.9	 18.8	 0.276	17.432	 5.140
  385.0	 45.8	 57.6	 26.9	 21.1	 21.6	 77.2	 54.9	 18.8	 0.281	17.493	 5.140
  386.0	 45.8	 57.6	 26.8	 21.1	 21.6	 77.2	 54.9	 18.9	 0.268	17.207	 5.140
  387.0	 45.8	 57.6	 26.8	 21.1	 21.6	 77.1	 54.9	 18.9	 0.271	17.432	 5.120
  387.9	 45.8	 57.6	 26.8	 21.1	 21.5	 77.1	 54.9	 18.9	 0.276	17.473	 5.140
  388.9	 45.8	 57.6	 26.8	 21.1	 21.5	 77.1	 54.9	 18.9	 0.276	17.289	 5.140
  389.8	 45.8	 57.6	 26.6	 21.1	 21.4	 77.2	 54.9	 18.9	 0.278	17.493	 5.140
  390.8	 45.8	 57.6	 26.6	 21.1	 21.4	 77.2	 54.9	 18.9	 0.267	17.371	 5.202
  391.8	 45.8	 57.6	 26.7	 21.2	 21.3	 77.2	 54.9	 19.0	 0.267	17.227	 5.120
  392.8	 45.7	 57.6	 26.8	 21.2	 21.2	 77.2	 54.9	 19.0	 0.266	17.411	 5.140
  393.7	 45.7	 57.6	 26.7	 21.2	 21.1	 77.2	 54.9	 19.0	 0.268	17.330	 5.120
  394.7	 45.8	 57.6	 26.6	 21.2	 20.8	 77.2	 54.9	 19.1	 0.274	17.452	 5.120
  395.7	 45.8	 57.6	 26.6	 21.3	 20.6	 77.2	 54.9	 19.2	 0.271	17.268	 5.161
  396.6	 45.8	 57.6	 26.5	 21.3	 20.0	 77.3	 54.9	 19.2	 0.280	17.432	 5.161
  397.6	 45.8	 57.6	 26.7	 21.3	 19.2	 77.3	 54.9	 19.2	 0.282	17.289	 5.161
  398.6	 45.8	 57.6	 26.7	 21.3	 18.7	 77.2	 54.9	 19.3	 0.270	17.432	 5.181
  399.6	 45.7	 57.6	 26.6	 21.3	 17.8	 77.2	 54.9	 19.3	 0.270	17.248	 5.263
  400.5	 45.7	 57.6	 26.6	 21.3	 17.5	 77.2	 54.9	 19.3	 0.265	17.330	 5.181
  401.5	 45.7	 57.6	 26.6	 21.4	 17.3	 77.2	 54.9	 19.4	 0.270	17.350	 5.181
  402.5	 45.7	 57.6	 26.6	 21.4	 17.3	 77.1	 55.0	 19.4	 0.277	17.411	 5.181
  403.4	 45.7	 57.6	 26.7	 21.4	 17.2	 77.1	 55.0	 19.4	 0.271	17.493	 5.181
  404.4	 45.8	 57.6	 26.7	 21.4	 17.3	 77.1	 55.0	 19.4	 0.277	17.330	 5.181
  405.4	 45.7	 57.6	 26.6	 21.4	 17.3	 77.1	 55.0	 19.4	 0.269	17.411	 5.161
  406.4	 45.7	 57.6	 26.6	 21.4	 17.2	 77.0	 54.9	 19.4	 0.268	17.268	 5.181
  407.4	 45.7	 57.6	 26.6	 21.4	 17.2	 77.0	 54.9	 19.4	 0.278	17.289	 5.181
  408.4	 45.7	 57.7	 26.5	 21.4	 17.1	 77.0	 54.8	 19.3	 0.269	17.575	 5.181
  409.4	 45.7	 57.7	 26.5	 21.3	 17.1	 77.0	 54.8	 19.3	 0.268	17.575	 5.161
  410.4	 45.7	 57.6	 26.6	 21.3	 17.0	 76.9	 54.8	 19.3	 0.279	17.575	 5.161
  411.4	 45.7	 57.7	 26.7	 21.3	 16.9	 76.9	 54.7	 19.2	 0.277	17.391	 5.140
  412.4	 45.6	 57.7	 26.7	 21.2	 16.9	 76.9	 54.7	 19.2	 0.267	17.452	 5.140
  413.4	 45.7	 57.7	 26.8	 21.2	 16.8	 76.9	 54.6	 19.2	 0.276	17.391	 5.140
  414.4	 45.7	 57.7	 26.8	 21.3	 16.8	 76.8	 54.6	 19.1	 0.271	17.350	 5.140
  415.4	 45.7	 57.7	 26.8	 21.2	 16.7	 76.8	 54.6	 19.1	 0.270	17.411	 5.140
  416.4	 45.7	 57.7	 26.8	 21.3	 16.7	 76.7	 54.5	 19.0	 0.272	17.596	 5.140
  417.4	 45.7	 57.7	 26.8	 21.2	 16.7	 76.6	 54.4	 19.1	 0.270	17.493	 5.140
  418.4	 45.7	 57.7	 26.8	 21.2	 16.7	 76.6	 54.4	 19.0	 0.270	17.493	 5.120
  419.4	 45.7	 57.8	 26.8	 21.2	 16.6	 76.5	 54.3	 19.0	 0.271	17.391	 5.120
  420.4	 45.7	 57.8	 26.9	 21.2	 16.6	 76.4	 54.3	 18.9	 0.276	17.411	 5.120
  421.5	 45.7	 57.8	 27.0	 21.2	 16.6	 76.3	 54.2	 18.9	 0.281	17.575	 5.120
  422.5	 45.7	 57.8	 27.0	 21.2	 16.6	 76.3	 54.2	 18.8	 0.268	17.555	 5.120
  423.5	 45.7	 57.8	 27.0	 21.1	 16.7	 76.3	 54.1	 18.8	 0.272	17.452	 5.120
  424.6	 45.6	 57.8	 27.1	 21.1	 16.7	 76.2	 54.0	 18.7	 0.274	17.657	 5.100
  425.6	 45.7	 57.8	 26.9	 21.0	 16.8	 76.2	 54.0	 18.7	 0.282	17.636	 5.100
  426.6	 45.6	 57.8	 26.7	 21.0	 16.9	 76.2	 53.9	 18.6	 0.278	17.473	 5.079
  427.6	 45.6	 57.8	 26.5	 21.0	 17.0	 76.2	 53.9	 18.6	 0.275	17.636	 5.079
  428.7	 45.7	 57.8	 26.4	 21.0	 17.2	 76.2	 53.9	 18.5	 0.275	17.657	 5.038
  429.7	 45.6	 57.8	 26.3	 20.9	 17.5	 76.3	 53.8	 18.5	 0.270	17.677	 5.059
  430.7	 45.6	 57.8	 26.3	 20.9	 17.6	 76.3	 53.8	 18.5	 0.273	17.411	 5.038
  431.6	 45.6	 57.8	 26.2	 20.9	 17.9	 76.4	 53.7	 18.4	 0.270	17.534	 5.018
  432.6	 45.6	 57.8	 26.2	 20.9	 18.0	 76.4	 53.7	 18.4	 0.271	17.534	 5.018
  433.6	 45.6	 57.8	 26.1	 20.8	 18.2	 76.4	 53.6	 18.3	 0.267	17.534	 4.997
  434.6	 45.6	 57.8	 26.2	 20.8	 18.3	 76.4	 53.6	 18.2	 0.270	17.493	 4.997
  435.8	 45.7	 57.8	 26.2	 20.8	 18.8	 76.5	 53.5	 18.1	 0.272	17.514	 4.977
  437.8	 45.7	 57.8	 26.1	 20.7	 18.9	 76.6	 53.6	 18.0	 0.267	17.616	 4.977
  438.8	 45.7	 57.8	 26.0	 20.7	 19.1	 76.6	 53.6	 18.0	 0.264	17.411	 4.977
  439.8	 45.7	 57.8	 25.9	 20.6	 19.3	 76.6	 53.6	 18.0	 0.264	17.452	 4.957
  440.8	 45.7	 57.7	 25.9	 20.6	 19.4	 76.7	 53.6	 18.0	 0.276	17.330	 4.977
  441.8	 45.7	 57.7	 25.8	 20.6	 19.6	 76.7	 53.6	 18.0	 0.275	17.555	 4.977
  442.8	 45.7	 57.7	 25.8	 20.5	 19.7	 76.8	 53.6	 17.9	 0.276	17.330	 4.957
  443.9	 45.6	 57.6	 25.8	 20.5	 19.8	 76.8	 53.6	 17.9	 0.271	17.289	 4.957
  444.9	 45.6	 57.6	 25.7	 20.6	 20.0	 76.8	 53.6	 17.9	 0.260	17.309	 4.957
  445.9	 45.6	 57.6	 25.7	 20.6	 20.0	 76.8	 53.7	 17.9	 0.270	17.452	 4.957
  447.0	 45.6	 57.6	 25.6	 20.5	 20.1	 76.9	 53.8	 17.9	 0.273	17.309	 4.957
  448.0	 45.6	 57.6	 25.6	 20.6	 20.2	 76.9	 53.8	 17.9	 0.273	17.371	 4.957
  449.1	 45.7	 57.5	 25.6	 20.6	 20.4	 77.0	 53.9	 17.9	 0.276	17.309	 4.957
  451.2	 45.6	 57.5	 25.5	 20.6	 20.5	 77.0	 53.9	 17.9	 0.271	17.248	 4.957
  452.2	 45.6	 57.5	 25.5	 20.6	 20.6	 77.0	 54.0	 18.0	 0.270	17.207	 4.997
  453.2	 45.6	 57.5	 25.4	 20.6	 20.6	 77.0	 54.1	 18.0	 0.270	17.330	 4.977
  454.0	 45.6	 57.5	 25.3	 20.6	 20.7	 77.0	 54.2	 18.0	 0.269	17.166	 4.977
  455.0	 45.7	 57.5	 25.5	 20.7	 20.8	 77.1	 54.2	 18.0	 0.271	17.207	 4.997
  456.1	 45.7	 57.5	 25.8	 20.7	 20.8	 77.1	 54.3	 18.0	 0.274	17.207	 4.997
  457.0	 45.7	 57.5	 25.7	 20.7	 20.9	 77.1	 54.3	 18.0	 0.281	17.371	 5.018
  457.9	 45.7	 57.5	 25.6	 20.7	 20.9	 77.1	 54.3	 18.0	 0.269	17.330	 4.997
  458.8	 45.7	 57.4	 25.6	 20.7	 21.0	 77.1	 54.3	 18.1	 0.272	17.371	 4.997
  459.7	 45.6	 57.4	 25.6	 20.8	 21.0	 77.2	 54.4	 18.1	 0.263	17.248	 5.018
  460.7	 45.7	 57.4	 25.8	 20.8	 21.0	 77.2	 54.4	 18.1	 0.273	17.411	 4.997
  461.6	 45.6	 57.4	 25.8	 20.7	 21.1	 77.2	 54.5	 18.1	 0.277	17.371	 5.018
  462.5	 45.6	 57.4	 25.9	 20.7	 21.2	 77.2	 54.5	 18.2	 0.268	17.371	 5.018
  463.4	 45.6	 57.4	 26.1	 20.8	 21.2	 77.2	 54.5	 18.2	 0.270	17.289	 4.997
  464.2	 45.6	 57.4	 26.0	 20.8	 21.2	 77.2	 54.5	 18.2	 0.272	17.309	 5.059
  465.2	 45.7	 57.4	 26.1	 20.8	 21.2	 77.2	 54.5	 18.2	 0.273	17.207	 5.038
  466.0	 45.6	 57.4	 26.2	 20.8	 21.2	 77.2	 54.6	 18.3	 0.275	17.207	 5.038
  467.0	 45.6	 57.4	 26.2	 20.9	 21.3	 77.2	 54.6	 18.3	 0.275	17.125	 5.038
  467.9	 45.6	 57.4	 26.1	 20.9	 21.3	 77.2	 54.6	 18.3	 0.270	17.371	 5.038
  468.8	 45.6	 57.4	 26.2	 20.9	 21.3	 77.2	 54.6	 18.4	 0.271	17.330	 5.038
  469.7	 45.6	 57.4	 26.2	 20.9	 21.4	 77.2	 54.6	 18.4	 0.270	17.309	 5.038
  470.6	 45.6	 57.4	 26.2	 20.9	 21.4	 77.2	 54.6	 18.4	 0.277	17.371	 5.038
  471.4	 45.6	 57.4	 26.1	 20.9	 21.4	 77.2	 54.6	 18.4	 0.271	17.186	 5.059
  472.3	 45.6	 57.4	 26.0	 20.9	 21.4	 77.2	 54.6	 18.5	 0.276	17.166	 5.059
  473.2	 45.6	 57.4	 26.1	 20.9	 21.4	 77.2	 54.7	 18.5	 0.275	17.125	 5.079
  474.1	 45.6	 57.4	 26.1	 20.9	 21.4	 77.2	 54.7	 18.5	 0.270	17.166	 5.038
  475.0	 45.6	 57.4	 26.0	 20.9	 21.5	 77.3	 54.6	 18.6	 0.272	17.227	 5.079
  475.9	 45.6	 57.4	 26.0	 20.9	 21.5	 77.3	 54.7	 18.6	 0.277	17.207	 5.079
  476.7	 45.6	 57.4	 25.9	 20.9	 21.5	 77.3	 54.7	 18.6	 0.276	17.186	 5.079
  477.6	 45.6	 57.4	 26.0	 20.9	 21.5	 77.3	 54.7	 18.6	 0.278	17.371	 5.079
  478.5	 45.6	 57.4	 26.1	 20.9	 21.5	 77.3	 54.8	 18.7	 0.271	17.350	 5.100
  479.4	 45.6	 57.4	 26.2	 20.9	 21.5	 77.3	 54.8	 18.7	 0.268	17.268	 5.100
  480.3	 45.6	 57.4	 26.1	 20.9	 21.5	 77.3	 54.8	 18.7	 0.268	17.309	 5.120
  481.2	 45.6	 57.4	 26.2	 20.9	 21.5	 77.3	 54.8	 18.7	 0.274	17.371	 5.100
  482.1	 45.6	 57.4	 26.2	 20.9	 21.5	 77.3	 54.8	 18.7	 0.271	17.248	 5.100
  483.0	 45.6	 57.4	 26.2	 20.8	 21.5	 77.3	 54.9	 18.8	 0.271	17.411	 5.120
  483.9	 45.6	 57.4	 26.3	 20.8	 21.5	 77.3	 54.9	 18.8	 0.271	17.207	 5.120
  484.9	 45.6	 57.4	 26.3	 20.8	 21.5	 77.4	 54.9	 18.8	 0.273	17.289	 5.120
  485.8	 45.6	 57.4	 26.3	 20.8	 21.5	 77.3	 54.9	 18.8	 0.272	17.186	 5.120
  486.7	 45.6	 57.4	 26.4	 20.8	 21.5	 77.4	 55.0	 18.8	 0.272	17.330	 5.120
  487.6	 45.6	 57.4	 26.3	 20.8	 21.5	 77.4	 54.9	 18.9	 0.271	17.309	 5.140
  488.5	 45.6	 57.4	 26.2	 20.9	 21.5	 77.4	 54.9	 18.9	 0.276	17.452	 5.120
  489.4	 45.6	 57.4	 26.2	 20.9	 21.4	 77.4	 54.9	 18.9	 0.273	17.289	 5.140
  490.3	 45.6	 57.4	 26.2	 20.9	 21.4	 77.4	 54.9	 18.9	 0.277	17.391	 5.120
  491.2	 45.6	 57.4	 26.3	 20.9	 21.4	 77.4	 55.0	 18.9	 0.266	17.248	 5.120
  492.1	 45.6	 57.5	 26.4	 20.9	 21.3	 77.4	 55.0	 19.0	 0.273	17.227	 5.120
  493.0	 45.6	 57.5	 26.5	 20.9	 21.3	 77.4	 55.0	 19.0	 0.263	17.227	 5.120
  493.9	 45.6	 57.5	 26.6	 21.0	 21.1	 77.4	 55.0	 19.0	 0.275	17.289	 5.120
  494.8	 45.6	 57.5	 26.6	 21.1	 21.0	 77.4	 55.0	 19.1	 0.273	17.207	 5.120
  495.7	 45.6	 57.5	 26.5	 21.1	 20.8	 77.4	 55.0	 19.1	 0.272	17.411	 5.140
  496.7	 45.6	 57.5	 26.7	 21.1	 20.7	 77.4	 54.9	 19.1	 0.277	17.207	 5.140
  497.6	 45.6	 57.5	 26.7	 21.2	 20.3	 77.5	 54.9	 19.1	 0.271	17.248	 5.140
  498.5	 45.6	 57.5	 26.7	 21.2	 20.1	 77.5	 54.9	 19.2	 0.265	17.350	 5.140
  499.4	 45.7	 57.5	 26.7	 21.2	 19.9	 77.5	 55.0	 19.2	 0.273	17.371	 5.161
  500.3	 45.7	 57.5	 26.8	 21.1	 19.3	 77.5	 55.0	 19.3	 0.271	17.166	 5.140
  501.2	 45.6	 57.5	 26.8	 21.1	 18.8	 77.5	 55.0	 19.3	 0.271	17.289	 5.161
  502.1	 45.7	 57.5	 26.9	 21.1	 18.1	 77.5	 55.0	 19.3	 0.270	17.166	 5.181
  503.0	 45.6	 57.5	 26.9	 21.1	 17.8	 77.4	 55.1	 19.4	 0.272	17.248	 5.161
  503.9	 45.6	 57.5	 26.5	 21.1	 17.4	 77.4	 55.1	 19.4	 0.274	17.411	 5.181
  504.8	 45.7	 57.6	 26.3	 21.1	 17.3	 77.3	 55.1	 19.4	 0.272	17.309	 5.181
  505.8	 45.6	 57.5	 26.1	 21.1	 17.3	 77.3	 55.0	 19.4	 0.279	17.248	 5.181
  506.7	 45.6	 57.5	 26.1	 21.1	 17.3	 77.3	 55.0	 19.4	 0.273	17.411	 5.181
  507.6	 45.7	 57.6	 26.1	 21.1	 17.2	 77.3	 55.0	 19.4	 0.262	17.309	 5.161
  508.5	 45.6	 57.5	 26.3	 21.1	 17.2	 77.3	 54.9	 19.3	 0.274	17.350	 5.161
  509.4	 45.6	 57.6	 26.3	 21.1	 17.2	 77.2	 54.9	 19.3	 0.272	17.248	 5.161
  510.3	 45.6	 57.6	 26.5	 21.1	 17.1	 77.2	 54.9	 19.3	 0.265	17.350	 5.140
  511.2	 45.6	 57.6	 26.5	 21.1	 17.1	 77.2	 54.9	 19.3	 0.278	17.534	 5.140
  512.1	 45.6	 57.6	 26.5	 21.1	 17.1	 77.2	 54.8	 19.2	 0.271	17.309	 5.140
  513.0	 45.6	 57.6	 26.5	 21.0	 17.1	 77.2	 54.8	 19.2	 0.269	17.350	 5.120
  513.9	 45.6	 57.6	 26.4	 21.1	 17.0	 77.2	 54.8	 19.2	 0.272	17.432	 5.120
  514.9	 45.6	 57.6	 26.4	 21.1	 17.0	 77.1	 54.7	 19.2	 0.278	17.473	 5.100
  515.8	 45.6	 57.6	 26.3	 21.1	 17.0	 77.1	 54.7	 19.2	 0.267	17.432	 5.100
  516.7	 45.6	 57.6	 26.3	 21.1	 17.0	 77.1	 54.7	 19.1	 0.265	17.514	 5.140
  517.6	 45.7	 57.7	 26.3	 21.1	 17.1	 77.1	 54.6	 19.1	 0.273	17.289	 5.120
  518.5	 45.7	 57.7	 26.3	 21.1	 17.0	 77.0	 54.5	 19.1	 0.271	17.350	 5.120
  519.4	 45.6	 57.7	 26.3	 21.1	 17.0	 76.9	 54.5	 19.1	 0.263	17.596	 5.120
  520.3	 45.7	 57.7	 26.4	 21.1	 16.9	 76.9	 54.5	 19.1	 0.280	17.473	 5.120
  521.2	 45.6	 57.7	 26.3	 21.0	 16.9	 76.8	 54.4	 19.0	 0.271	17.268	 5.100
  522.1	 45.6	 57.7	 26.3	 21.0	 16.9	 76.8	 54.4	 19.0	 0.268	17.534	 5.100
  523.1	 45.6	 57.7	 26.5	 21.0	 16.8	 76.7	 54.4	 18.9	 0.272	17.309	 5.100
  524.0	 45.6	 57.7	 26.4	 21.0	 16.8	 76.6	 54.3	 18.9	 0.277	17.452	 5.100
  524.9	 45.6	 57.7	 26.4	 21.0	 16.8	 76.5	 54.3	 18.8	 0.279	17.555	 5.100
  525.8	 45.6	 57.7	 26.3	 21.0	 16.8	 76.5	 54.3	 18.8	 0.267	17.432	 5.100
  526.7	 45.6	 57.7	 26.3	 21.0	 16.8	 76.5	 54.2	 18.7	 0.269	17.371	 5.100
  527.6	 45.6	 57.7	 26.3	 21.0	 16.8	 76.4	 54.1	 18.7	 0.266	17.473	 5.079
  528.5	 45.6	 57.7	 26.3	 20.9	 16.8	 76.4	 54.1	 18.7	 0.271	17.575	 5.079
  529.4	 45.6	 57.7	 26.2	 20.9	 16.8	 76.3	 54.1	 18.6	 0.272	17.330	 5.079
  530.4	 45.6	 57.7	 26.2	 20.9	 16.9	 76.3	 54.1	 18.6	 0.268	17.473	 5.059
  531.3	 45.6	 57.8	 26.2	 20.9	 16.9	 76.2	 54.0	 18.6	 0.262	17.555	 5.059
  532.2	 45.6	 57.8	 26.1	 20.8	 17.1	 76.2	 54.0	 18.5	 0.268	17.493	 5.059
  533.1	 45.6	 57.8	 26.1	 20.8	 17.2	 76.2	 53.9	 18.5	 0.274	17.309	 5.059
  534.0	 45.6	 57.7	 26.2	 20.8	 17.4	 76.2	 53.9	 18.4	 0.277	17.391	 5.038
  534.9	 45.6	 57.7	 26.1	 20.8	 17.5	 76.2	 53.8	 18.4	 0.269	17.575	 5.018
  535.8	 45.6	 57.7	 26.0	 20.8	 17.6	 76.3	 53.7	 18.4	 0.268	17.350	 5.018
  536.7	 45.6	 57.7	 26.0	 20.7	 17.9	 76.3	 53.7	 18.3	 0.267	17.432	 5.018
  537.7	 45.6	 57.7	 26.1	 20.6	 18.0	 76.3	 53.7	 18.3	 0.271	17.555	 4.997
  538.6	 45.6	 57.7	 26.1	 20.6	 18.2	 76.3	 53.7	 18.2	 0.270	17.452	 4.997
  539.5	 45.6	 57.7	 26.0	 20.6	 18.4	 76.4	 53.7	 18.2	 0.269	17.309	 4.997
  540.4	 45.6	 57.7	 26.1	 20.5	 18.6	 76.4	 53.7	 18.2	 0.270	17.411	 4.977
  541.3	 45.6	 57.7	 26.2	 20.5	 18.7	 76.4	 53.6	 18.1	 0.269	17.555	 4.977
  542.2	 45.6	 57.7	 26.4	 20.5	 18.9	 76.5	 53.6	 18.1	 0.275	17.350	 4.977
  543.1	 45.6	 57.7	 26.5	 20.5	 19.0	 76.5	 53.6	 18.0	 0.271	17.309	 4.977
  544.0	 45.6	 57.6	 26.5	 20.5	 19.0	 76.5	 53.6	 18.0	 0.269	17.371	 4.977
  544.9	 45.6	 57.6	 26.4	 20.5	 19.2	 76.5	 53.6	 18.0	 0.277	17.493	 4.977
  545.9	 45.6	 57.6	 26.4	 20.5	 19.3	 76.5	 53.6	 18.0	 0.279	17.452	 4.957
  546.8	 45.6	 57.6	 26.6	 20.5	 19.4	 76.5	 53.6	 17.9	 0.272	17.350	 4.977
  547.7	 45.6	 57.6	 26.7	 20.5	 19.5	 76.6	 53.6	 17.9	 0.271	17.268	 4.977
  548.6	 45.6	 57.6	 26.7	 20.5	 19.6	 76.6	 53.6	 17.9	 0.273	17.289	 4.957
  549.5	 45.6	 57.6	 26.5	 20.5	 19.7	 76.7	 53.6	 17.9	 0.273	17.452	 4.957
  550.4	 45.6	 57.5	 26.5	 20.5	 19.9	 76.7	 53.6	 18.0	 0.277	17.330	 4.957
  551.4	 45.6	 57.5	 26.6	 20.6	 19.9	 76.8	 53.7	 18.0	 0.275	17.371	 4.957
  552.3	 45.6	 57.5	 26.7	 20.5	 20.1	 76.8	 53.7	 18.0	 0.266	17.166	 4.957
  553.3	 45.6	 57.5	 26.7	 20.6	 20.1	 76.8	 53.8	 18.0	 0.275	17.371	 4.977
  554.2	 45.6	 57.5	 26.7	 20.6	 20.2	 76.9	 53.8	 18.0	 0.273	17.186	 5.079
  555.2	 45.6	 57.5	 26.7	 20.6	 20.3	 76.9	 53.9	 18.0	 0.278	17.330	 4.977
  556.1	 45.6	 57.5	 26.8	 20.6	 20.4	 76.9	 53.9	 18.0	 0.271	17.227	 4.997
  557.0	 45.6	 57.4	 26.8	 20.6	 20.5	 77.0	 54.0	 18.0	 0.271	17.227	 4.977
  558.0	 45.6	 57.4	 26.8	 20.7	 20.6	 77.0	 54.0	 18.0	 0.268	17.391	 4.977
  558.9	 45.6	 57.4	 26.8	 20.7	 20.6	 77.0	 54.0	 18.1	 0.269	17.227	 4.997
  559.9	 45.6	 57.4	 26.7	 20.7	 20.8	 77.0	 54.1	 18.1	 0.272	17.146	 4.977
  560.8	 45.6	 57.4	 26.8	 20.8	 20.8	 77.0	 54.2	 18.1	 0.270	17.146	 4.997
  561.7	 45.6	 57.4	 26.9	 20.8	 20.9	 77.0	 54.2	 18.1	 0.274	17.268	 4.997
  562.7	 45.6	 57.4	 26.9	 20.8	 20.9	 77.1	 54.2	 18.1	 0.274	17.371	 4.997
  563.6	 45.6	 57.4	 27.0	 20.8	 21.0	 77.0	 54.2	 18.1	 0.273	17.350	 5.018
  564.5	 45.7	 57.5	 27.0	 20.8	 21.0	 77.0	 54.2	 18.2	 0.271	17.289	 5.018
  565.5	 45.6	 57.4	 27.0	 20.8	 21.1	 77.1	 54.3	 18.2	 0.278	17.268	 5.038
  566.4	 45.7	 57.5	 26.9	 20.9	 21.1	 77.0	 54.2	 18.2	 0.278	17.350	 5.018
  567.3	 45.6	 57.4	 26.9	 20.9	 21.1	 77.0	 54.3	 18.2	 0.271	17.186	 5.018
  568.3	 45.6	 57.4	 26.9	 20.9	 21.2	 77.1	 54.3	 18.2	 0.266	17.350	 5.018
  569.2	 45.6	 57.4	 26.9	 20.9	 21.2	 77.1	 54.4	 18.3	 0.272	17.186	 5.038
  570.1	 45.6	 57.4	 26.8	 20.9	 21.3	 77.1	 54.4	 18.3	 0.270	17.146	 5.038
  571.0	 45.6	 57.4	 26.8	 21.0	 21.3	 77.1	 54.4	 18.3	 0.273	17.432	 5.059
  572.0	 45.6	 57.4	 26.8	 21.0	 21.3	 77.1	 54.5	 18.3	 0.270	17.125	 5.059
  572.9	 45.7	 57.4	 26.7	 21.1	 21.4	 77.2	 54.5	 18.4	 0.272	17.146	 5.079
  573.8	 45.6	 57.4	 26.8	 21.1	 21.4	 77.2	 54.5	 18.4	 0.272	17.248	 5.059
  574.7	 45.6	 57.4	 26.8	 21.1	 21.5	 77.2	 54.5	 18.4	 0.270	17.166	 5.059
  575.7	 45.6	 57.4	 26.8	 21.1	 21.5	 77.2	 54.5	 18.5	 0.270	17.268	 5.079
  576.6	 45.7	 57.4	 26.8	 21.1	 21.5	 77.2	 54.5	 18.5	 0.278	17.166	 5.079
  577.5	 45.7	 57.4	 26.8	 21.2	 21.6	 77.2	 54.5	 18.5	 0.266	17.248	 5.079
  578.5	 45.6	 57.4	 26.8	 21.2	 21.6	 77.2	 54.5	 18.5	 0.274	17.207	 5.100
  579.4	 45.6	 57.4	 27.0	 21.2	 21.6	 77.2	 54.6	 18.6	 0.276	17.268	 5.079
  580.3	 45.6	 57.4	 27.0	 21.2	 21.6	 77.2	 54.6	 18.6	 0.268	17.227	 5.079
  581.2	 45.6	 57.4	 27.0	 21.2	 21.7	 77.2	 54.6	 18.6	 0.276	17.350	 5.100
  582.2	 45.6	 57.4	 27.0	 21.3	 21.7	 77.2	 54.6	 18.6	 0.274	17.207	 5.100
  583.1	 45.6	 57.4	 27.1	 21.3	 21.7	 77.2	 54.6	 18.7	 0.269	17.186	 5.120
  584.0	 45.6	 57.4	 27.1	 21.3	 21.7	 77.2	 54.6	 18.7	 0.272	17.391	 5.120
  584.9	 45.6	 57.4	 27.1	 21.3	 21.7	 77.2	 54.6	 18.7	 0.267	17.166	 5.140
  585.9	 45.6	 57.4	 27.0	 21.3	 21.7	 77.2	 54.6	 18.7	 0.274	17.350	 5.120
  586.8	 45.6	 57.4	 27.0	 21.3	 21.8	 77.2	 54.6	 18.8	 0.273	17.146	 5.140
  587.7	 45.6	 57.4	 27.0	 21.3	 21.8	 77.2	 54.6	 18.8	 0.271	17.371	 5.120
  588.7	 45.6	 57.4	 27.0	 21.3	 21.8	 77.2	 54.7	 18.8	 0.277	17.166	 5.140
  589.6	 45.6	 57.4	 26.9	 21.3	 21.8	 77.2	 54.7	 18.9	 0.272	17.350	 5.161
  590.5	 45.6	 57.4	 26.8	 21.3	 21.8	 77.3	 54.6	 18.9	 0.270	17.268	 5.140
  591.4	 45.6	 57.4	 26.5	 21.3	 21.8	 77.3	 54.7	 18.9	 0.270	17.248	 5.161
  592.3	 45.6	 57.4	 26.6	 21.3	 21.8	 77.3	 54.7	 19.0	 0.271	17.289	 5.140
  593.3	 45.6	 57.4	 26.7	 21.3	 21.8	 77.3	 54.7	 19.0	 0.276	17.268	 5.161
  594.2	 45.6	 57.4	 26.8	 21.3	 21.8	 77.3	 54.7	 19.0	 0.272	17.432	 5.161
  595.1	 45.6	 57.5	 26.8	 21.3	 21.8	 77.3	 54.7	 19.0	 0.271	17.268	 5.161
  596.1	 45.6	 57.5	 26.7	 21.2	 21.8	 77.3	 54.7	 19.0	 0.271	17.452	 5.140
  597.0	 45.6	 57.5	 26.6	 21.3	 21.8	 77.3	 54.7	 19.1	 0.272	17.227	 5.161
  597.9	 45.6	 57.5	 26.5	 21.3	 21.8	 77.3	 54.7	 19.1	 0.270	17.166	 5.161
  598.8	 45.6	 57.5	 26.3	 21.2	 21.7	 77.4	 54.7	 19.1	 0.273	17.391	 5.263
  599.8	 45.6	 57.5	 26.3	 21.3	 21.7	 77.3	 54.7	 19.2	 0.275	17.268	 5.140
  600.7	 45.5	 57.5	 26.1	 21.2	 21.6	 77.3	 54.7	 19.2	 0.277	17.268	 5.140
  601.6	 45.6	 57.5	 26.1	 21.3	 21.6	 77.4	 54.7	 19.2	 0.272	17.248	 5.304
  602.6	 45.5	 57.5	 26.0	 21.3	 21.5	 77.4	 54.7	 19.2	 0.275	17.391	 5.140
  603.5	 45.5	 57.5	 26.1	 21.3	 21.4	 77.4	 54.7	 19.2	 0.268	17.350	 5.161
  604.4	 45.5	 57.4	 26.3	 21.3	 21.3	 77.4	 54.8	 19.3	 0.277	17.411	 5.161
  605.3	 45.5	 57.4	 26.3	 21.3	 21.1	 77.4	 54.7	 19.3	 0.268	17.207	 5.140
  606.3	 45.5	 57.4	 26.3	 21.3	 21.0	 77.4	 54.7	 19.3	 0.264	17.391	 5.140
  607.3	 45.5	 57.4	 26.2	 21.3	 20.7	 77.4	 54.8	 19.4	 0.277	17.289	 5.161
  608.2	 45.5	 57.4	 26.1	 21.3	 20.3	 77.4	 54.8	 19.4	 0.274	17.186	 5.161
  609.2	 45.5	 57.4	 25.9	 21.3	 20.1	 77.4	 54.7	 19.4	 0.280	17.309	 5.161
  610.1	 45.5	 57.4	 25.9	 21.3	 19.6	 77.4	 54.8	 19.4	 0.283	17.227	 5.161
  611.0	 45.5	 57.4	 25.7	 21.3	 18.2	 77.4	 54.8	 19.5	 0.265	17.289	 5.181
  611.9	 45.5	 57.4	 25.6	 21.3	 17.8	 77.4	 54.8	 19.5	 0.274	17.207	 5.181
  612.9	 45.5	 57.4	 25.6	 21.3	 17.5	 77.4	 54.8	 19.5	 0.271	17.309	 5.181
  613.8	 45.5	 57.4	 25.6	 21.3	 17.5	 77.4	 54.8	 19.5	 0.277	17.227	 5.181
  614.7	 45.5	 57.4	 25.7	 21.3	 17.4	 77.3	 54.8	 19.6	 0.275	17.371	 5.181
  615.6	 45.5	 57.4	 25.8	 21.2	 17.4	 77.3	 54.8	 19.6	 0.268	17.227	 5.181
  616.6	 45.5	 57.4	 25.9	 21.2	 17.3	 77.3	 54.8	 19.6	 0.271	17.350	 5.181
  617.5	 45.5	 57.4	 25.9	 21.3	 17.3	 77.2	 54.8	 19.6	 0.283	17.227	 5.181
  618.4	 45.5	 57.4	 25.9	 21.3	 17.2	 77.2	 54.8	 19.5	 0.268	17.330	 5.161
  619.4	 45.5	 57.5	 25.9	 21.3	 17.2	 77.2	 54.7	 19.5	 0.278	17.227	 5.304
  620.3	 45.5	 57.4	 25.7	 21.3	 17.1	 77.2	 54.7	 19.5	 0.269	17.350	 5.161
  621.2	 45.5	 57.5	 25.7	 21.3	 17.1	 77.2	 54.7	 19.5	 0.276	17.330	 5.161
  622.1	 45.5	 57.5	 25.7	 21.3	 17.0	 77.1	 54.6	 19.4	 0.268	17.371	 5.161
  623.1	 45.5	 57.5	 25.7	 21.3	 17.0	 77.1	 54.7	 19.4	 0.274	17.268	 5.161
  624.0	 45.5	 57.5	 25.7	 21.2	 17.0	 77.1	 54.6	 19.4	 0.275	17.391	 5.161
  624.9	 45.5	 57.5	 25.7	 21.2	 16.9	 77.0	 54.5	 19.3	 0.271	17.309	 5.161
  625.9	 45.5	 57.5	 25.5	 21.2	 16.9	 76.9	 54.5	 19.3	 0.264	17.452	 5.140
  626.8	 45.5	 57.5	 25.6	 21.2	 16.9	 76.7	 54.5	 19.2	 0.269	17.350	 5.140
  627.7	 45.5	 57.6	 25.6	 21.1	 16.8	 76.7	 54.4	 19.2	 0.273	17.452	 5.140
  628.6	 45.5	 57.6	 25.8	 21.2	 16.9	 76.5	 54.4	 19.2	 0.276	17.371	 5.120
  629.6	 45.5	 57.6	 25.9	 21.1	 16.8	 76.5	 54.3	 19.1	 0.268	17.452	 5.120
  630.5	 45.5	 57.6	 26.0	 21.1	 16.9	 76.5	 54.3	 19.1	 0.271	17.371	 5.120
  631.4	 45.5	 57.6	 26.0	 21.0	 16.8	 76.4	 54.3	 19.1	 0.275	17.473	 5.120
  632.4	 45.5	 57.6	 25.8	 21.0	 16.8	 76.4	 54.2	 19.0	 0.271	17.309	 5.120
  633.3	 45.5	 57.7	 25.7	 21.0	 16.8	 76.3	 54.2	 19.0	 0.275	17.534	 5.100
  634.2	 45.5	 57.7	 25.8	 21.0	 16.8	 76.3	 54.1	 18.9	 0.270	17.411	 5.100
  635.1	 45.5	 57.7	 26.0	 21.0	 16.8	 76.2	 54.1	 18.9	 0.270	17.391	 5.100
  636.1	 45.5	 57.7	 26.1	 20.9	 16.7	 76.2	 54.0	 18.8	 0.266	17.432	 5.079
  637.0	 45.5	 57.7	 26.1	 20.9	 16.7	 76.2	 54.0	 18.8	 0.269	17.391	 5.079
  637.9	 45.5	 57.7	 26.1	 20.9	 16.7	 76.2	 54.0	 18.7	 0.270	17.493	 5.059
  638.8	 45.5	 57.7	 26.3	 20.9	 16.7	 76.2	 53.9	 18.7	 0.275	17.432	 5.079
  639.8	 45.6	 57.7	 26.0	 20.9	 16.7	 76.2	 53.9	 18.7	 0.273	17.411	 5.079
  640.7	 45.6	 57.7	 26.1	 20.9	 16.8	 76.2	 53.9	 18.7	 0.266	17.391	 5.059
  641.6	 45.6	 57.7	 26.4	 20.9	 16.9	 76.2	 53.8	 18.6	 0.277	17.371	 5.079
  642.5	 45.6	 57.7	 26.5	 20.9	 17.0	 76.1	 53.8	 18.6	 0.273	17.432	 5.059
  643.5	 45.6	 57.7	 26.1	 20.9	 17.2	 76.2	 53.8	 18.5	 0.277	17.330	 5.059
  644.4	 45.6	 57.7	 25.8	 20.9	 17.3	 76.2	 53.7	 18.5	 0.262	17.432	 5.038
  645.3	 45.6	 57.7	 25.8	 20.8	 17.6	 76.2	 53.7	 18.5	 0.272	17.411	 5.038
  646.3	 45.6	 57.7	 25.8	 20.8	 17.7	 76.2	 53.7	 18.4	 0.272	17.452	 5.038
  647.2	 45.6	 57.7	 25.7	 20.8	 17.9	 76.2	 53.7	 18.4	 0.276	17.268	 5.038
  648.1	 45.6	 57.7	 26.0	 20.8	 18.1	 76.3	 53.7	 18.3	 0.274	17.432	 5.018
  649.0	 45.6	 57.7	 26.1	 20.8	 18.3	 76.4	 53.6	 18.3	 0.270	17.391	 5.018
  650.0	 45.6	 57.7	 25.8	 20.8	 18.5	 76.4	 53.6	 18.3	 0.270	17.350	 5.018
  650.9	 45.6	 57.7	 25.8	 20.8	 18.6	 76.4	 53.6	 18.2	 0.276	17.452	 5.018
  651.8	 45.6	 57.7	 26.3	 20.7	 18.9	 76.5	 53.6	 18.2	 0.272	17.350	 5.018
  652.7	 45.6	 57.7	 26.3	 20.8	 19.0	 76.5	 53.6	 18.2	 0.265	17.411	 5.018
  653.7	 45.5	 57.6	 26.0	 20.7	 19.2	 76.5	 53.6	 18.2	 0.269	17.493	 4.997
  654.6	 45.5	 57.6	 26.1	 20.7	 19.3	 76.6	 53.7	 18.2	 0.281	17.350	 4.997
  655.5	 45.6	 57.6	 26.4	 20.7	 19.5	 76.7	 53.7	 18.1	 0.274	17.493	 4.997
  656.4	 45.6	 57.6	 26.5	 20.7	 19.6	 76.7	 53.7	 18.1	 0.266	17.289	 4.997
  657.4	 45.6	 57.7	 26.7	 20.7	 19.7	 76.8	 53.7	 18.1	 0.272	17.452	 4.997
  658.3	 45.6	 57.6	 26.8	 20.7	 19.8	 76.8	 53.7	 18.1	 0.276	17.227	 4.977
  659.2	 45.6	 57.6	 26.8	 20.7	 19.9	 76.8	 53.7	 18.1	 0.272	17.452	 4.977
  660.2	 45.6	 57.6	 26.9	 20.7	 20.0	 76.8	 53.7	 18.1	 0.282	17.227	 4.997
  661.1	 45.6	 57.6	 26.9	 20.7	 20.2	 76.9	 53.7	 18.0	 0.272	17.391	 4.997
  662.0	 45.6	 57.6	 26.9	 20.7	 20.2	 76.9	 53.7	 18.0	 0.268	17.289	 4.977
  662.9	 45.6	 57.6	 26.9	 20.8	 20.2	 76.9	 53.8	 18.0	 0.275	17.146	 4.977
  663.8	 45.6	 57.5	 26.7	 20.8	 20.4	 76.9	 53.8	 18.0	 0.270	17.350	 4.977
  664.7	 45.6	 57.5	 26.6	 20.9	 20.4	 77.0	 53.9	 18.1	 0.266	17.268	 4.997
  665.6	 45.6	 57.5	 26.7	 20.9	 20.5	 77.0	 53.9	 18.1	 0.272	17.186	 4.997
  666.5	 45.6	 57.5	 26.7	 20.9	 20.6	 77.1	 54.0	 18.1	 0.273	17.391	 4.997
  667.4	 45.6	 57.5	 26.7	 20.9	 20.7	 77.1	 54.0	 18.1	 0.273	17.350	 4.997
  668.3	 45.6	 57.5	 26.8	 20.9	 20.7	 77.1	 54.0	 18.1	 0.267	17.268	 4.997
  669.2	 45.6	 57.5	 26.8	 20.9	 20.8	 77.1	 54.1	 18.1	 0.277	17.227	 4.997
  670.1	 45.6	 57.5	 26.9	 20.9	 20.8	 77.1	 54.1	 18.2	 0.270	17.309	 5.018
  671.0	 45.6	 57.5	 27.0	 20.9	 20.9	 77.2	 54.1	 18.2	 0.276	17.391	 4.997
  671.9	 45.6	 57.5	 26.7	 20.9	 21.0	 77.2	 54.2	 18.2	 0.270	17.289	 5.018
  672.9	 45.6	 57.4	 26.8	 20.9	 21.0	 77.2	 54.3	 18.2	 0.273	17.248	 5.018
  673.8	 45.6	 57.5	 26.8	 20.9	 21.1	 77.2	 54.3	 18.2	 0.276	17.207	 5.018
  674.7	 45.6	 57.4	 26.9	 20.9	 21.1	 77.2	 54.3	 18.3	 0.268	17.186	 5.038
  675.6	 45.6	 57.4	 26.9	 20.9	 21.2	 77.2	 54.3	 18.3	 0.268	17.248	 5.100
  676.5	 45.6	 57.4	 26.8	 20.9	 21.2	 77.3	 54.4	 18.3	 0.272	17.330	 5.018
  677.5	 45.6	 57.4	 26.7	 20.9	 21.3	 77.2	 54.4	 18.3	 0.268	17.371	 5.038
  678.4	 45.6	 57.4	 26.8	 21.0	 21.3	 77.2	 54.4	 18.4	 0.274	17.146	 5.038
  679.3	 45.6	 57.4	 26.8	 21.0	 21.4	 77.3	 54.4	 18.4	 0.270	17.084	 5.059
  680.2	 45.6	 57.4	 26.9	 21.0	 21.4	 77.3	 54.5	 18.4	 0.270	17.146	 5.059
  681.1	 45.6	 57.4	 26.9	 21.0	 21.4	 77.3	 54.5	 18.4	 0.276	17.248	 5.059
  682.1	 45.6	 57.4	 26.9	 21.0	 21.5	 77.3	 54.5	 18.5	 0.280	17.330	 5.059
  683.0	 45.6	 57.4	 27.0	 21.0	 21.5	 77.3	 54.6	 18.5	 0.266	17.309	 5.059
  683.9	 45.6	 57.4	 26.9	 21.1	 21.5	 77.3	 54.6	 18.5	 0.267	17.268	 5.079
  684.8	 45.6	 57.5	 26.9	 21.0	 21.5	 77.3	 54.6	 18.5	 0.269	17.186	 5.059
  685.8	 45.6	 57.5	 26.8	 21.0	 21.6	 77.3	 54.6	 18.6	 0.276	17.166	 5.079
  686.7	 45.6	 57.4	 26.7	 21.1	 21.6	 77.3	 54.6	 18.6	 0.269	17.248	 5.079
  687.6	 45.7	 57.5	 26.7	 21.1	 21.6	 77.3	 54.6	 18.6	 0.267	17.330	 5.100
  688.5	 45.6	 57.5	 26.8	 21.1	 21.6	 77.3	 54.6	 18.6	 0.279	17.166	 5.079
  689.4	 45.6	 57.4	 26.5	 21.1	 21.6	 77.3	 54.6	 18.6	 0.273	17.146	 5.100
  690.4	 45.6	 57.5	 26.5	 21.2	 21.6	 77.3	 54.7	 18.7	 0.277	17.125	 5.079
  691.3	 45.6	 57.5	 26.3	 21.1	 21.7	 77.3	 54.7	 18.7	 0.275	17.289	 5.100
  692.3	 45.6	 57.5	 26.3	 21.2	 21.7	 77.3	 54.7	 18.8	 0.280	17.166	 5.100
  693.2	 45.6	 57.4	 26.4	 21.2	 21.7	 77.3	 54.7	 18.7	 0.272	17.391	 5.120
  694.2	 45.6	 57.4	 26.4	 21.2	 21.7	 77.4	 54.7	 18.8	 0.272	17.186	 5.120
  695.1	 45.6	 57.4	 26.5	 21.1	 21.7	 77.3	 54.7	 18.8	 0.280	17.125	 5.120
  696.1	 45.6	 57.5	 26.6	 21.1	 21.7	 77.4	 54.7	 18.9	 0.265	17.350	 5.120
  697.0	 45.6	 57.5	 26.7	 21.1	 21.7	 77.4	 54.7	 18.9	 0.276	17.125	 5.120
  698.0	 45.6	 57.5	 26.8	 21.1	 21.7	 77.4	 54.7	 18.9	 0.269	17.227	 5.120
  698.9	 45.6	 57.5	 26.8	 21.1	 21.7	 77.4	 54.7	 18.9	 0.269	17.391	 5.120
  699.8	 45.6	 57.5	 26.7	 21.1	 21.7	 77.4	 54.7	 18.9	 0.263	17.227	 5.140
  700.8	 45.6	 57.5	 26.8	 21.1	 21.6	 77.4	 54.7	 19.0	 0.272	17.105	 5.100
  701.7	 45.6	 57.5	 26.9	 21.1	 21.5	 77.4	 54.7	 19.0	 0.277	17.227	 5.100
  702.7	 45.6	 57.5	 27.0	 21.1	 21.5	 77.4	 54.7	 19.0	 0.269	17.350	 5.181
  703.6	 45.6	 57.5	 27.0	 21.1	 21.4	 77.4	 54.7	 19.1	 0.272	17.207	 5.120
  704.6	 45.6	 57.5	 26.9	 21.1	 21.3	 77.4	 54.7	 19.1	 0.267	17.125	 5.120
  705.5	 45.6	 57.5	 26.9	 21.1	 21.3	 77.5	 54.7	 19.1	 0.276	17.227	 5.120
  706.4	 45.6	 57.5	 26.6	 21.2	 21.1	 77.4	 54.7	 19.1	 0.265	17.350	 5.140
  707.4	 45.6	 57.5	 26.5	 21.2	 21.0	 77.4	 54.8	 19.2	 0.270	17.207	 5.304
  708.3	 45.6	 57.5	 26.5	 21.2	 20.9	 77.4	 54.8	 19.3	 0.284	17.125	 5.140
  709.3	 45.6	 57.5	 26.6	 21.2	 20.8	 77.5	 54.8	 19.3	 0.264	17.248	 5.140
  710.2	 45.6	 57.5	 26.9	 21.2	 20.4	 77.5	 54.8	 19.3	 0.278	17.330	 5.263
  711.2	 45.6	 57.5	 27.0	 21.3	 20.2	 77.5	 54.8	 19.4	 0.273	17.227	 5.140
  712.1	 45.6	 57.5	 27.2	 21.3	 18.8	 77.5	 54.8	 19.4	 0.279	17.125	 5.161
  713.1	 45.6	 57.5	 27.3	 21.3	 18.0	 77.5	 54.8	 19.4	 0.277	17.227	 5.181
  714.0	 45.6	 57.5	 27.2	 21.3	 17.7	 77.5	 54.9	 19.5	 0.270	17.146	 5.181
  714.9	 45.6	 57.5	 27.2	 21.3	 17.6	 77.4	 54.9	 19.5	 0.269	17.146	 5.202
  715.8	 45.6	 57.5	 27.1	 21.3	 17.5	 77.4	 54.9	 19.5	 0.269	17.268	 5.263
  716.7	 45.6	 57.5	 26.9	 21.3	 17.5	 77.4	 54.9	 19.6	 0.278	17.391	 5.181
  717.6	 45.6	 57.5	 26.3	 21.3	 17.5	 77.3	 54.9	 19.6	 0.273	17.411	 5.202
  718.5	 45.6	 57.5	 26.3	 21.3	 17.4	 77.3	 54.8	 19.6	 0.276	17.248	 5.181
  719.5	 45.6	 57.6	 26.3	 21.3	 17.4	 77.3	 54.8	 19.5	 0.274	17.268	 5.181
  720.4	 45.6	 57.6	 26.4	 21.3	 17.4	 77.2	 54.7	 19.5	 0.279	17.227	 5.181
  721.3	 45.6	 57.6	 26.5	 21.3	 17.3	 77.2	 54.8	 19.5	 0.273	17.350	 5.161
  722.2	 45.6	 57.6	 26.2	 21.3	 17.3	 77.2	 54.7	 19.4	 0.276	17.309	 5.161
  723.1	 45.6	 57.6	 26.4	 21.3	 17.2	 77.2	 54.7	 19.5	 0.273	17.452	 5.140
  724.0	 45.6	 57.6	 26.7	 21.3	 17.1	 77.2	 54.7	 19.4	 0.270	17.186	 5.140
  725.0	 45.6	 57.6	 26.6	 21.3	 17.1	 77.2	 54.7	 19.4	 0.274	17.227	 5.140
  725.9	 45.6	 57.6	 26.5	 21.3	 17.1	 77.1	 54.7	 19.4	 0.275	17.309	 5.161
  726.8	 45.6	 57.7	 26.6	 21.3	 17.1	 77.1	 54.6	 19.3	 0.270	17.473	 5.161
  727.7	 45.6	 57.7	 26.3	 21.3	 17.0	 77.1	 54.6	 19.3	 0.274	17.391	 5.120
  728.6	 45.6	 57.7	 26.2	 21.3	 17.0	 77.0	 54.5	 19.3	 0.271	17.493	 5.120
  729.5	 45.6	 57.7	 26.4	 21.3	 16.9	 77.0	 54.5	 19.2	 0.276	17.473	 5.140
  730.4	 45.6	 57.7	 26.5	 21.3	 16.9	 76.9	 54.5	 19.2	 0.273	17.309	 5.140
  731.4	 45.6	 57.7	 26.4	 21.2	 16.9	 76.8	 54.4	 19.1	 0.275	17.330	 5.120
  732.3	 45.6	 57.7	 26.4	 21.2	 16.8	 76.8	 54.3	 19.1	 0.273	17.391	 5.140
  733.2	 45.6	 57.8	 26.3	 21.2	 16.8	 76.7	 54.3	 19.1	 0.272	17.452	 5.120
  734.1	 45.6	 57.7	 26.3	 21.2	 16.7	 76.7	 54.3	 19.0	 0.271	17.371	 5.120
  735.0	 45.6	 57.8	 26.4	 21.2	 16.8	 76.6	 54.2	 19.0	 0.269	17.514	 5.120
  735.9	 45.6	 57.8	 26.3	 21.2	 16.7	 76.6	 54.2	 19.0	 0.269	17.493	 5.120
  736.9	 45.6	 57.8	 26.3	 21.1	 16.7	 76.6	 54.1	 18.9	 0.272	17.411	 5.100
  737.8	 45.6	 57.8	 26.2	 21.1	 16.7	 76.5	 54.1	 18.9	 0.277	17.514	 5.100
  738.7	 45.6	 57.8	 26.2	 21.1	 16.7	 76.5	 54.0	 18.8	 0.273	17.371	 5.079
  739.7	 45.6	 57.8	 26.2	 21.1	 16.7	 76.5	 54.0	 18.8	 0.272	17.411	 5.079
  740.6	 45.6	 57.8	 26.1	 21.0	 16.7	 76.5	 53.9	 18.7	 0.269	17.371	 5.059
  741.5	 45.6	 57.8	 26.0	 21.0	 16.8	 76.5	 53.8	 18.7	 0.271	17.330	 5.079
  742.5	 45.6	 57.8	 26.0	 21.0	 16.9	 76.5	 53.8	 18.6	 0.273	17.309	 5.059
  743.4	 45.6	 57.8	 26.4	 20.9	 17.2	 76.5	 53.8	 18.5	 0.267	17.555	 5.059
  744.4	 45.6	 57.8	 26.5	 20.9	 17.3	 76.5	 53.7	 18.5	 0.266	17.411	 5.038
  745.3	 45.6	 57.8	 26.5	 20.9	 17.6	 76.5	 53.7	 18.5	 0.270	17.371	 5.038
  746.2	 45.6	 57.8	 26.6	 20.9	 17.7	 76.5	 53.7	 18.4	 0.270	17.350	 5.018
  747.2	 45.6	 57.7	 26.6	 20.8	 17.9	 76.5	 53.7	 18.4	 0.268	17.473	 5.018
  748.1	 45.6	 57.7	 26.6	 20.7	 18.1	 76.6	 53.6	 18.3	 0.277	17.432	 5.018
  749.1	 45.6	 57.7	 26.5	 20.7	 18.3	 76.6	 53.6	 18.2	 0.270	17.350	 4.997
  750.0	 45.6	 57.7	 26.5	 20.6	 18.4	 76.7	 53.6	 18.2	 0.268	17.473	 4.997
  750.9	 45.6	 57.7	 26.4	 20.6	 18.7	 76.7	 53.5	 18.2	 0.276	17.432	 4.997
  751.9	 45.6	 57.7	 26.3	 20.6	 18.8	 76.8	 53.5	 18.1	 0.272	17.391	 4.957
  752.8	 45.5	 57.7	 26.3	 20.6	 19.0	 76.8	 53.6	 18.1	 0.274	17.350	 4.977
  753.7	 45.6	 57.7	 26.2	 20.5	 19.1	 76.8	 53.6	 18.1	 0.270	17.350	 4.977
  754.6	 45.6	 57.7	 26.5	 20.6	 19.3	 76.9	 53.6	 18.1	 0.259	17.309	 4.977
  755.6	 45.6	 57.6	 26.9	 20.6	 19.4	 77.0	 53.6	 18.0	 0.270	17.289	 4.977
  756.5	 45.5	 57.6	 26.9	 20.6	 19.5	 77.1	 53.6	 18.0	 0.273	17.452	 4.977
