# Run number 03 on Tue May 28 14:16:45 2019
# time	TA	TB	TC	TD	T1	T2	T3	T4	DP	P2	P1
    1.2	 40.4	 40.2	 24.4	 23.4	 23.6	 25.1	 24.0	 23.7	 0.282	 6.592	 6.550
    2.3	 40.4	 40.2	 24.3	 23.4	 23.6	 25.1	 24.0	 23.7	 0.289	 6.572	 6.571
    3.1	 40.4	 40.2	 24.2	 23.4	 23.6	 25.1	 24.0	 23.7	 0.277	 6.551	 6.550
    3.9	 40.4	 40.2	 24.1	 23.5	 23.6	 25.1	 24.0	 23.7	 0.282	 6.592	 6.550
    4.7	 40.4	 40.2	 24.1	 23.5	 23.6	 25.1	 24.0	 23.7	 0.281	 6.572	 6.571
    5.5	 40.4	 40.2	 24.1	 23.5	 23.6	 25.1	 24.0	 23.7	 0.280	 6.572	 6.571
    6.3	 40.4	 40.2	 24.1	 23.5	 23.6	 25.1	 24.0	 23.7	 0.286	 6.592	 6.550
    7.2	 40.4	 40.2	 24.1	 23.6	 23.6	 25.1	 24.0	 23.7	 0.276	 6.592	 6.571
    8.0	 40.4	 40.2	 24.2	 23.6	 23.6	 25.1	 24.0	 23.7	 0.281	 6.613	 6.550
    8.8	 40.4	 40.2	 24.2	 23.7	 23.6	 25.1	 24.0	 23.7	 0.280	 6.572	 6.571
    9.6	 40.4	 40.2	 24.1	 23.7	 23.6	 25.1	 24.0	 23.7	 0.285	 6.592	 6.550
   10.5	 40.4	 40.2	 24.0	 23.7	 23.6	 25.1	 24.0	 23.7	 0.283	 6.572	 6.571
   11.2	 40.4	 40.2	 24.1	 23.8	 23.6	 25.1	 24.0	 23.7	 0.279	 6.572	 6.571
   12.1	 40.4	 40.2	 24.1	 23.9	 23.6	 25.1	 23.9	 23.7	 0.282	 6.572	 6.571
   12.9	 40.4	 40.2	 24.0	 23.8	 23.6	 25.1	 23.9	 23.7	 0.280	 6.592	 6.571
   13.7	 40.4	 40.2	 24.1	 23.8	 23.6	 25.1	 24.0	 23.7	 0.276	 6.572	 6.550
   14.5	 40.4	 40.2	 24.1	 23.9	 23.6	 25.1	 24.0	 23.7	 0.275	 6.572	 6.571
   15.4	 40.4	 40.2	 24.1	 23.9	 23.6	 25.1	 24.0	 23.7	 0.284	 6.592	 6.571
   16.2	 40.4	 40.2	 23.9	 23.9	 23.6	 25.1	 24.0	 23.7	 0.276	 6.572	 6.550
   17.0	 40.3	 40.2	 23.9	 23.9	 23.6	 25.1	 24.0	 23.7	 0.283	 6.551	 6.571
   17.8	 40.4	 40.2	 23.9	 23.9	 23.6	 25.1	 24.0	 23.7	 0.276	 6.572	 6.571
   18.6	 40.4	 40.2	 24.0	 23.9	 23.6	 25.1	 24.0	 23.7	 0.283	 6.592	 6.571
   19.4	 40.4	 40.2	 24.1	 23.9	 23.6	 25.1	 24.0	 23.7	 0.268	 6.572	 6.550
   20.3	 40.3	 40.2	 24.1	 24.0	 23.6	 25.1	 24.0	 23.7	 0.281	 6.572	 6.571
   21.1	 40.3	 40.2	 24.0	 23.9	 23.6	 25.1	 24.0	 23.8	 0.283	 6.592	 6.571
   21.9	 40.4	 40.2	 23.9	 24.0	 23.6	 25.1	 24.0	 23.7	 0.283	 6.572	 6.571
   22.7	 40.3	 40.2	 23.9	 24.0	 23.6	 25.1	 24.0	 23.7	 0.277	 6.551	 6.571
   23.6	 40.3	 40.2	 24.0	 24.0	 23.6	 25.1	 24.0	 23.8	 0.278	 6.572	 6.571
   24.3	 40.3	 40.2	 23.9	 24.0	 23.6	 25.1	 24.0	 23.8	 0.278	 6.572	 6.550
   25.2	 40.4	 40.2	 23.8	 24.0	 23.6	 25.1	 24.0	 23.7	 0.288	 6.572	 6.550
   26.0	 40.3	 40.2	 23.8	 24.0	 23.6	 25.1	 24.0	 23.8	 0.277	 6.572	 6.571
   26.8	 40.3	 40.2	 23.8	 24.0	 23.6	 25.1	 24.0	 23.8	 0.283	 6.572	 6.571
   27.6	 40.3	 40.2	 23.8	 24.0	 23.6	 25.1	 24.0	 23.7	 0.278	 6.592	 6.693
   28.5	 40.4	 40.2	 23.8	 24.0	 23.6	 25.1	 24.0	 23.7	 0.285	 6.572	 6.571
   29.3	 40.3	 40.2	 23.9	 24.0	 23.6	 25.1	 24.0	 23.7	 0.280	 6.572	 6.571
   30.1	 40.3	 40.2	 23.9	 24.0	 23.6	 25.1	 24.0	 23.8	 0.277	 6.572	 6.571
   30.9	 40.3	 40.2	 24.0	 24.0	 23.6	 25.1	 24.0	 23.8	 0.287	 6.592	 6.550
   31.8	 40.3	 40.2	 23.9	 24.0	 23.6	 25.1	 24.0	 23.8	 0.285	 6.572	 6.571
   32.6	 40.3	 40.2	 23.9	 24.0	 23.6	 25.1	 24.0	 23.8	 0.279	 6.572	 6.550
   33.5	 40.3	 40.2	 23.9	 24.0	 23.6	 25.1	 24.0	 23.8	 0.283	 6.592	 6.571
   34.3	 40.3	 40.2	 23.9	 24.0	 23.6	 25.1	 24.0	 23.7	 0.284	 6.572	 6.571
   35.1	 40.3	 40.2	 24.1	 24.0	 23.6	 25.1	 24.0	 23.7	 0.273	 6.674	 6.571
   35.9	 40.3	 40.2	 24.1	 24.0	 23.6	 25.1	 24.0	 23.7	 0.277	 6.592	 6.571
   36.8	 40.3	 40.2	 24.1	 24.0	 23.6	 25.1	 24.0	 23.7	 0.279	 6.592	 6.571
   37.6	 40.3	 40.2	 24.1	 24.0	 23.6	 25.1	 24.0	 23.7	 0.276	 6.572	 6.571
   38.4	 40.3	 40.2	 24.1	 24.0	 23.6	 25.1	 24.0	 23.7	 0.278	 6.572	 6.571
   39.2	 40.3	 40.2	 24.1	 24.0	 23.6	 25.1	 24.0	 23.7	 0.283	 6.592	 6.550
   40.1	 40.3	 40.1	 24.2	 24.0	 23.6	 25.1	 24.0	 23.7	 0.276	 6.572	 6.550
   40.9	 40.3	 40.1	 24.1	 24.0	 23.6	 25.1	 24.0	 23.8	 0.281	 6.592	 6.571
   41.8	 40.3	 40.1	 24.0	 24.0	 23.6	 25.1	 24.0	 23.8	 0.276	 6.674	 6.571
   42.6	 40.3	 40.1	 24.0	 24.0	 23.6	 25.1	 24.0	 23.7	 0.284	 6.572	 6.571
   43.4	 40.3	 40.1	 24.0	 24.0	 23.6	 25.1	 24.0	 23.7	 0.283	 6.551	 6.550
   44.2	 40.3	 40.1	 24.0	 24.0	 23.6	 25.1	 24.0	 23.8	 0.276	 6.572	 6.571
   45.1	 40.3	 40.1	 24.0	 24.0	 23.6	 25.1	 24.0	 23.7	 0.275	 6.572	 6.571
   45.9	 40.3	 40.2	 24.0	 24.0	 23.6	 25.1	 24.0	 23.8	 0.280	 6.551	 6.571
   46.8	 40.3	 40.2	 24.1	 24.0	 23.6	 25.1	 24.0	 23.8	 0.283	 6.572	 6.693
   47.6	 40.3	 40.1	 24.2	 24.0	 23.6	 25.1	 24.0	 23.8	 0.272	 6.592	 6.550
   48.4	 40.3	 40.1	 24.2	 24.0	 23.6	 25.1	 24.0	 23.7	 0.281	 6.592	 6.571
   49.2	 40.3	 40.1	 24.2	 23.9	 23.6	 25.1	 24.0	 23.7	 0.278	 6.572	 6.571
   50.1	 40.3	 40.1	 24.1	 23.9	 23.6	 25.1	 24.0	 23.7	 0.275	 6.592	 6.571
   50.9	 40.3	 40.1	 24.1	 23.8	 23.6	 25.1	 24.0	 23.7	 0.281	 6.592	 6.571
   51.7	 40.3	 40.1	 24.1	 23.7	 23.6	 25.1	 24.0	 23.7	 0.280	 6.572	 6.571
   52.5	 40.3	 40.1	 24.1	 23.7	 23.6	 25.1	 24.0	 23.7	 0.268	 6.572	 6.550
   53.4	 40.3	 40.1	 24.1	 23.6	 23.6	 25.1	 23.9	 23.7	 0.279	 6.572	 6.571
   54.2	 40.3	 40.1	 24.1	 23.5	 23.6	 25.1	 24.0	 23.7	 0.286	 6.592	 6.550
   55.1	 40.3	 40.1	 24.1	 23.5	 23.6	 25.1	 24.0	 23.7	 0.275	 6.572	 6.571
   55.9	 40.2	 40.1	 24.1	 23.5	 23.6	 25.1	 24.0	 23.7	 0.285	 6.572	 6.571
   56.7	 40.3	 40.1	 24.1	 23.5	 23.6	 25.1	 24.0	 23.7	 0.284	 6.592	 6.571
   57.5	 40.3	 40.1	 24.2	 23.5	 23.6	 25.1	 24.0	 23.7	 0.271	 6.572	 6.571
   58.4	 40.3	 40.1	 24.2	 23.5	 23.6	 25.1	 24.0	 23.7	 0.273	 6.572	 6.550
   59.2	 40.3	 40.1	 24.3	 23.4	 23.6	 25.1	 24.0	 23.7	 0.285	 6.572	 6.571
   60.1	 40.3	 40.1	 24.3	 23.5	 23.6	 25.1	 24.0	 23.7	 0.272	 6.572	 6.550
   60.9	 40.3	 40.1	 24.2	 23.6	 23.6	 25.1	 24.0	 23.7	 0.284	 6.572	 6.632
   61.7	 40.3	 40.1	 24.2	 23.6	 23.6	 25.1	 24.0	 23.7	 0.282	 6.572	 6.571
   62.5	 40.3	 40.1	 24.2	 23.5	 23.6	 25.1	 24.0	 23.7	 0.270	 6.572	 6.571
   63.4	 40.3	 40.1	 24.3	 23.5	 23.6	 25.1	 24.0	 23.7	 0.282	 6.572	 6.571
   64.2	 40.3	 40.1	 24.3	 23.4	 23.6	 25.1	 24.0	 23.7	 0.281	 6.572	 6.571
   65.1	 40.3	 40.1	 24.3	 23.5	 23.6	 25.1	 24.0	 23.7	 0.280	 6.572	 6.571
   65.8	 40.3	 40.1	 24.3	 23.5	 23.6	 25.1	 23.9	 23.7	 0.275	 6.572	 6.571
   66.7	 40.3	 40.1	 24.3	 23.5	 23.6	 25.1	 24.0	 23.7	 0.281	 6.572	 6.571
   67.5	 40.3	 40.1	 24.2	 23.5	 23.6	 25.1	 24.0	 23.7	 0.283	 6.572	 6.571
   68.4	 40.3	 40.1	 24.1	 23.5	 23.6	 25.1	 24.0	 23.7	 0.277	 6.572	 6.571
   69.2	 40.3	 40.1	 24.0	 23.5	 23.6	 25.1	 24.0	 23.7	 0.276	 6.572	 6.571
   70.0	 40.3	 40.1	 24.0	 23.5	 23.6	 25.1	 24.0	 23.7	 0.275	 6.572	 6.571
   70.8	 40.3	 40.1	 24.0	 23.5	 23.6	 25.1	 24.0	 23.7	 0.282	 6.572	 6.571
   71.7	 40.2	 40.1	 24.1	 23.6	 23.6	 25.1	 24.0	 23.7	 0.283	 6.572	 6.693
   72.5	 40.3	 40.1	 24.1	 23.6	 23.5	 25.1	 24.0	 23.7	 0.279	 6.572	 6.571
   73.4	 40.3	 40.1	 24.2	 23.6	 23.6	 25.1	 24.0	 23.7	 0.275	 6.572	 6.571
   74.2	 40.2	 40.1	 24.2	 23.6	 23.6	 25.1	 24.0	 23.7	 0.274	 6.572	 6.571
   75.1	 40.2	 40.1	 24.2	 23.6	 23.6	 25.1	 24.0	 23.7	 0.277	 6.572	 6.571
   75.9	 40.3	 40.1	 24.3	 23.5	 23.6	 25.1	 24.0	 23.7	 0.279	 6.572	 6.571
   76.7	 40.3	 40.1	 24.3	 23.5	 23.6	 25.1	 24.0	 23.7	 0.279	 6.572	 6.550
   77.5	 40.2	 40.1	 24.3	 23.5	 23.6	 25.1	 24.0	 23.7	 0.280	 6.572	 6.571
   78.4	 40.2	 40.1	 24.3	 23.5	 23.6	 25.1	 24.0	 23.7	 0.269	 6.572	 6.571
   79.2	 40.2	 40.1	 24.2	 23.6	 23.6	 25.1	 24.0	 23.8	 0.281	 6.572	 6.550
   80.1	 40.3	 40.1	 24.2	 23.7	 23.6	 25.1	 24.0	 23.8	 0.278	 6.572	 6.571
   80.9	 40.2	 40.1	 24.2	 23.8	 23.6	 25.1	 24.0	 23.8	 0.276	 6.572	 6.571
   81.7	 40.2	 40.1	 24.2	 23.9	 23.6	 25.1	 24.0	 23.8	 0.275	 6.572	 6.550
   82.5	 40.2	 40.1	 24.2	 23.9	 23.6	 25.1	 24.0	 23.8	 0.278	 6.572	 6.571
   83.4	 40.3	 40.1	 24.2	 23.9	 23.6	 25.1	 24.0	 23.8	 0.276	 6.572	 6.571
   84.2	 40.3	 40.1	 24.2	 24.0	 23.6	 25.1	 24.0	 23.8	 0.279	 6.572	 6.571
   85.1	 40.3	 40.2	 24.2	 24.0	 23.6	 25.1	 24.0	 23.8	 0.277	 6.674	 6.550
   85.9	 40.3	 40.1	 24.2	 24.1	 23.6	 25.1	 24.0	 23.8	 0.281	 6.572	 6.571
   86.8	 40.3	 40.1	 24.3	 24.1	 23.6	 25.1	 24.0	 23.8	 0.279	 6.572	 6.571
   87.6	 40.3	 40.1	 24.3	 24.1	 23.6	 25.1	 24.0	 23.7	 0.282	 6.572	 6.571
   88.4	 40.2	 40.1	 24.3	 24.0	 23.6	 25.1	 24.0	 23.7	 0.279	 6.572	 6.571
   89.2	 40.2	 40.1	 24.2	 24.0	 23.6	 25.1	 24.0	 23.7	 0.276	 6.572	 6.571
   90.1	 40.2	 40.1	 24.2	 24.0	 23.6	 25.1	 24.0	 23.7	 0.286	 6.572	 6.571
   90.9	 40.2	 40.1	 24.2	 24.0	 23.6	 25.1	 24.0	 23.8	 0.279	 6.572	 6.571
   91.8	 40.2	 40.1	 24.1	 24.0	 23.6	 25.1	 24.0	 23.8	 0.273	 6.572	 6.571
   92.6	 40.2	 40.1	 24.2	 24.0	 23.6	 25.1	 24.0	 23.8	 0.279	 6.572	 6.571
   93.5	 40.2	 40.1	 24.2	 24.0	 23.6	 25.1	 24.0	 23.8	 0.279	 6.572	 6.571
   94.3	 40.2	 40.1	 24.2	 24.0	 23.6	 25.1	 24.0	 23.8	 0.278	 6.572	 6.550
   95.1	 40.2	 40.1	 24.1	 24.0	 23.6	 25.1	 24.1	 23.8	 0.274	 6.572	 6.571
   96.0	 40.2	 40.1	 24.2	 24.0	 23.6	 25.1	 24.0	 23.8	 0.284	 6.572	 6.571
   96.8	 40.2	 40.1	 24.2	 24.0	 23.6	 25.1	 24.0	 23.8	 0.286	 6.572	 6.571
   97.7	 40.2	 40.1	 24.2	 24.0	 23.6	 25.1	 24.0	 23.8	 0.281	 6.572	 6.571
   98.5	 40.2	 40.1	 24.1	 24.1	 23.6	 25.1	 24.0	 23.8	 0.283	 6.572	 6.571
   99.4	 40.2	 40.1	 24.1	 24.0	 23.6	 25.1	 24.0	 23.8	 0.288	 6.572	 6.571
  100.2	 40.2	 40.1	 24.1	 24.1	 23.6	 25.1	 24.0	 23.8	 0.282	 6.551	 6.571
  101.0	 40.2	 40.1	 24.2	 24.0	 23.6	 25.1	 24.0	 23.7	 0.281	 6.572	 6.571
  101.9	 40.2	 40.1	 24.2	 24.0	 23.6	 25.1	 24.0	 23.8	 0.286	 6.572	 6.591
  102.7	 40.2	 40.1	 24.2	 24.0	 23.6	 25.1	 24.0	 23.7	 0.277	 6.572	 6.550
  103.5	 40.2	 40.1	 24.3	 23.9	 23.6	 25.1	 24.0	 23.7	 0.288	 6.572	 6.571
  104.3	 40.2	 40.1	 24.3	 24.0	 23.6	 25.1	 24.0	 23.7	 0.276	 6.572	 6.571
  105.2	 40.2	 40.1	 24.2	 24.0	 23.6	 25.1	 24.0	 23.7	 0.285	 6.572	 6.571
  106.0	 40.2	 40.1	 24.1	 24.0	 23.6	 25.1	 24.0	 23.7	 0.275	 6.572	 6.571
  106.9	 40.2	 40.1	 24.1	 24.0	 23.6	 25.1	 24.0	 23.7	 0.282	 6.551	 6.571
  107.6	 40.2	 40.1	 24.1	 24.0	 23.6	 25.1	 24.0	 23.7	 0.281	 6.572	 6.571
  108.5	 40.2	 40.1	 24.1	 24.0	 23.6	 25.1	 24.0	 23.7	 0.282	 6.572	 6.571
  109.3	 40.2	 40.1	 24.1	 23.9	 23.6	 25.1	 24.0	 23.7	 0.276	 6.572	 6.571
  110.2	 40.2	 40.1	 24.1	 23.8	 23.6	 25.1	 24.0	 23.7	 0.276	 6.572	 6.571
  110.9	 40.2	 40.0	 24.0	 23.7	 23.6	 25.1	 24.0	 23.8	 0.273	 6.572	 6.571
  111.8	 40.2	 40.1	 24.0	 23.7	 23.6	 25.1	 24.0	 23.7	 0.283	 6.613	 6.550
  112.6	 40.2	 40.1	 24.0	 23.8	 23.6	 25.1	 24.0	 23.7	 0.285	 6.572	 6.550
  113.5	 40.2	 40.0	 24.0	 23.8	 23.6	 25.1	 24.0	 23.8	 0.278	 6.572	 6.571
  114.3	 40.2	 40.1	 24.0	 23.8	 23.6	 25.1	 24.0	 23.7	 0.284	 6.572	 6.571
  115.1	 40.2	 40.0	 23.9	 24.0	 23.6	 25.1	 24.0	 23.7	 0.282	 6.572	 6.571
  115.9	 40.2	 40.0	 23.9	 24.0	 23.6	 25.1	 24.0	 23.7	 0.275	 6.551	 6.571
  116.8	 40.2	 40.0	 24.0	 24.0	 23.6	 25.1	 24.0	 23.8	 0.277	 6.572	 6.550
  117.6	 40.2	 40.0	 24.1	 24.1	 23.6	 25.1	 24.0	 23.7	 0.280	 6.572	 6.571
  118.4	 40.2	 40.0	 24.1	 24.1	 23.6	 25.1	 24.0	 23.7	 0.281	 6.572	 6.571
  119.2	 40.2	 40.1	 24.1	 24.1	 23.6	 25.1	 24.0	 23.7	 0.280	 6.572	 6.571
  120.1	 40.2	 40.1	 24.0	 24.1	 23.6	 25.1	 24.0	 23.8	 0.283	 6.572	 6.571
  120.9	 40.2	 40.1	 24.0	 24.1	 23.6	 25.1	 24.0	 23.8	 0.279	 6.572	 6.571
  121.7	 40.1	 40.0	 24.0	 24.1	 23.6	 25.1	 24.0	 23.7	 0.284	 6.572	 6.571
  122.5	 40.1	 40.0	 24.0	 24.1	 23.6	 25.1	 24.0	 23.8	 0.276	 6.654	 6.550
  123.4	 40.1	 40.0	 24.0	 24.1	 23.6	 25.1	 24.0	 23.7	 0.283	 6.572	 6.571
  124.2	 40.1	 40.0	 24.0	 24.1	 23.6	 25.1	 24.0	 23.7	 0.277	 6.572	 6.571
  125.1	 40.1	 40.0	 24.0	 24.1	 23.6	 25.1	 24.0	 23.7	 0.275	 6.572	 6.550
  125.9	 40.2	 40.0	 24.0	 24.1	 23.6	 25.1	 24.0	 23.7	 0.282	 6.572	 6.550
  126.7	 40.1	 40.0	 23.9	 24.1	 23.6	 25.1	 24.0	 23.7	 0.282	 6.572	 6.571
  127.5	 40.1	 40.0	 23.8	 24.1	 23.6	 25.1	 24.0	 23.7	 0.283	 6.551	 6.550
  128.4	 40.1	 40.0	 23.8	 24.1	 23.6	 25.1	 24.0	 23.8	 0.275	 6.572	 6.571
  129.2	 40.1	 40.0	 23.7	 24.1	 23.6	 25.1	 24.0	 23.7	 0.278	 6.572	 6.571
  130.0	 40.2	 40.0	 23.7	 24.1	 23.6	 25.1	 24.0	 23.7	 0.278	 6.572	 6.571
  130.8	 40.2	 40.1	 23.8	 24.2	 23.6	 25.1	 24.0	 23.8	 0.280	 6.572	 6.571
  131.7	 40.2	 40.1	 23.9	 24.1	 23.6	 25.1	 24.0	 23.8	 0.281	 6.572	 6.571
  132.5	 40.2	 40.1	 23.9	 24.0	 23.6	 25.1	 24.0	 23.8	 0.282	 6.572	 6.571
  133.3	 40.2	 40.1	 23.9	 23.9	 23.6	 25.1	 24.0	 23.8	 0.280	 6.572	 6.571
  134.1	 40.2	 40.1	 23.9	 24.0	 23.7	 25.1	 24.1	 23.8	 0.278	 6.572	 6.571
  135.0	 40.2	 40.1	 24.0	 24.0	 23.7	 25.1	 24.1	 23.8	 0.278	 6.572	 6.571
  135.8	 40.2	 40.0	 24.0	 24.0	 23.6	 25.1	 24.0	 23.8	 0.282	 6.572	 6.571
  136.7	 40.2	 40.0	 23.9	 24.0	 23.7	 25.1	 24.1	 23.8	 0.283	 6.572	 6.571
  137.5	 40.1	 40.0	 23.9	 24.0	 23.7	 25.1	 24.1	 23.8	 0.282	 6.572	 6.571
  138.3	 40.1	 40.0	 23.9	 24.0	 23.7	 25.1	 24.1	 23.8	 0.275	 6.572	 6.571
  139.1	 40.1	 40.0	 24.0	 24.0	 23.7	 25.1	 24.1	 23.8	 0.283	 6.572	 6.571
  140.0	 40.1	 40.0	 24.0	 24.0	 23.7	 25.1	 24.1	 23.8	 0.277	 6.572	 6.571
  140.8	 40.1	 40.0	 24.0	 24.0	 23.7	 25.1	 24.1	 23.8	 0.279	 6.572	 6.571
  141.7	 40.2	 40.0	 24.0	 24.0	 23.7	 25.1	 24.1	 23.8	 0.275	 6.572	 6.571
  142.4	 40.2	 40.0	 24.0	 24.0	 23.7	 25.2	 24.1	 23.8	 0.281	 6.572	 6.571
  143.3	 40.1	 40.0	 24.0	 24.0	 23.7	 25.2	 24.1	 23.8	 0.271	 6.572	 6.571
  144.1	 40.1	 40.0	 24.0	 24.1	 23.7	 25.2	 24.1	 23.8	 0.278	 6.572	 6.571
  145.0	 40.1	 40.0	 24.1	 24.1	 23.7	 25.2	 24.1	 23.8	 0.280	 6.572	 6.571
  145.8	 40.1	 40.0	 24.1	 24.1	 23.7	 25.1	 24.1	 23.8	 0.289	 6.572	 6.550
  146.6	 40.1	 40.0	 24.1	 24.2	 23.6	 25.1	 24.1	 23.8	 0.279	 6.572	 6.571
  147.4	 40.2	 40.0	 24.1	 24.2	 23.6	 25.1	 24.1	 23.8	 0.282	 6.654	 6.571
  148.3	 40.2	 40.0	 24.2	 24.2	 23.6	 25.1	 24.1	 23.8	 0.284	 6.572	 6.550
  149.1	 40.2	 40.0	 24.2	 24.3	 23.7	 25.1	 24.1	 23.8	 0.277	 6.572	 6.571
  150.0	 40.2	 40.0	 24.1	 24.3	 23.7	 25.1	 24.1	 23.8	 0.279	 6.572	 6.571
  150.7	 40.1	 40.0	 24.1	 24.3	 23.7	 25.2	 24.1	 23.8	 0.273	 6.572	 6.571
  151.6	 40.1	 40.0	 24.1	 24.4	 23.7	 25.2	 24.1	 23.8	 0.286	 6.572	 6.571
  152.4	 40.1	 40.0	 24.1	 24.4	 23.7	 25.2	 24.1	 23.8	 0.281	 6.572	 6.571
  153.3	 40.1	 40.0	 24.1	 24.4	 23.7	 25.2	 24.1	 23.8	 0.274	 6.572	 6.571
  154.1	 40.1	 40.0	 24.1	 24.4	 23.7	 25.2	 24.1	 23.8	 0.280	 6.572	 6.571
  154.9	 40.1	 40.0	 24.1	 24.4	 23.7	 25.2	 24.1	 23.8	 0.279	 6.572	 6.571
  155.7	 40.1	 40.0	 24.1	 24.4	 23.7	 25.2	 24.1	 23.8	 0.282	 6.572	 6.571
  156.6	 40.1	 40.0	 24.1	 24.4	 23.7	 25.2	 24.1	 23.8	 0.281	 6.572	 6.571
  157.4	 40.1	 40.0	 24.1	 24.4	 23.7	 25.2	 24.1	 23.8	 0.280	 6.551	 6.550
  158.3	 40.1	 40.0	 24.1	 24.3	 23.7	 25.2	 24.1	 23.8	 0.271	 6.572	 6.571
  159.1	 40.1	 40.0	 24.0	 24.3	 23.7	 25.2	 24.1	 23.8	 0.283	 6.572	 6.571
  159.9	 40.1	 40.0	 24.0	 24.3	 23.7	 25.2	 24.1	 23.9	 0.277	 6.551	 6.571
  160.7	 40.1	 40.0	 24.0	 24.3	 23.7	 25.2	 24.1	 23.9	 0.273	 6.551	 6.571
  161.6	 40.1	 40.0	 24.0	 24.3	 23.7	 25.2	 24.1	 23.9	 0.277	 6.572	 6.550
  162.4	 40.1	 40.0	 24.1	 24.3	 23.7	 25.2	 24.1	 23.8	 0.282	 6.572	 6.571
  163.2	 40.1	 40.0	 24.1	 24.3	 23.7	 25.2	 24.1	 23.8	 0.279	 6.572	 6.571
  164.0	 40.1	 40.0	 24.1	 24.3	 23.7	 25.1	 24.1	 23.8	 0.281	 6.551	 6.571
  164.9	 40.1	 40.0	 24.1	 24.2	 23.7	 25.2	 24.1	 23.8	 0.277	 6.572	 6.571
  165.7	 40.1	 40.0	 24.1	 24.2	 23.7	 25.2	 24.1	 23.8	 0.281	 6.572	 6.571
  166.6	 40.1	 40.0	 24.1	 24.2	 23.7	 25.2	 24.1	 23.8	 0.283	 6.572	 6.550
  167.4	 40.1	 40.0	 24.1	 24.1	 23.7	 25.1	 24.1	 23.8	 0.282	 6.572	 6.571
  168.3	 40.1	 40.0	 24.2	 24.0	 23.6	 25.1	 24.0	 23.8	 0.276	 6.572	 6.571
  169.1	 40.1	 40.0	 24.2	 24.1	 23.6	 25.1	 24.0	 23.8	 0.285	 6.572	 6.571
  170.0	 40.1	 40.0	 24.2	 24.1	 23.6	 25.1	 24.0	 23.7	 0.272	 6.572	 6.571
  170.9	 40.1	 40.0	 24.2	 24.1	 23.6	 25.1	 24.0	 23.8	 0.275	 6.572	 6.571
  171.8	 40.1	 40.0	 24.2	 24.2	 23.6	 25.1	 24.0	 23.8	 0.279	 6.572	 6.571
  172.6	 40.1	 40.0	 24.2	 24.1	 23.6	 25.1	 24.0	 23.8	 0.279	 6.572	 6.550
  173.5	 40.1	 40.0	 24.2	 24.1	 23.6	 25.1	 24.0	 23.7	 0.268	 6.572	 6.550
  174.3	 40.1	 40.0	 24.2	 24.1	 23.6	 25.1	 24.1	 23.8	 0.279	 6.572	 6.571
  175.2	 40.1	 40.0	 24.2	 24.1	 23.6	 25.1	 24.1	 23.8	 0.284	 6.592	 6.571
  176.0	 40.1	 40.0	 24.2	 24.2	 23.7	 25.1	 24.1	 23.8	 0.282	 6.572	 6.571
  176.9	 40.1	 40.0	 24.2	 24.2	 23.7	 25.1	 24.1	 23.8	 0.278	 6.551	 6.571
  177.7	 40.1	 40.0	 24.2	 24.1	 23.7	 25.1	 24.1	 23.8	 0.281	 6.572	 6.571
  178.6	 40.1	 40.0	 24.2	 24.0	 23.7	 25.1	 24.1	 23.8	 0.279	 6.572	 6.571
  179.4	 40.1	 40.0	 24.2	 24.0	 23.7	 25.1	 24.1	 23.8	 0.280	 6.572	 6.571
  180.3	 40.1	 40.0	 24.3	 24.1	 23.7	 25.1	 24.1	 23.8	 0.279	 6.551	 6.571
  181.1	 40.1	 40.0	 24.3	 24.0	 23.7	 25.1	 24.1	 23.8	 0.278	 6.572	 6.571
  181.9	 40.1	 40.0	 24.3	 24.0	 23.7	 25.2	 24.1	 23.8	 0.276	 6.572	 6.571
  182.7	 40.1	 40.0	 24.3	 24.0	 23.7	 25.2	 24.1	 23.8	 0.285	 6.551	 6.571
  183.6	 40.1	 40.0	 24.3	 24.1	 23.7	 25.2	 24.1	 23.8	 0.277	 6.572	 6.571
  184.4	 40.1	 39.9	 24.3	 24.1	 23.7	 25.1	 24.1	 23.8	 0.283	 6.572	 6.571
  185.3	 40.1	 40.0	 24.2	 24.1	 23.7	 25.1	 24.1	 23.8	 0.283	 6.572	 6.571
  186.1	 40.1	 39.9	 24.2	 24.1	 23.7	 25.1	 24.1	 23.8	 0.285	 6.572	 6.571
  187.0	 40.1	 40.0	 24.2	 24.2	 23.6	 25.1	 24.1	 23.8	 0.275	 6.572	 6.571
  187.8	 40.1	 40.0	 24.2	 24.2	 23.7	 25.1	 24.1	 23.8	 0.278	 6.572	 6.550
  188.7	 40.1	 39.9	 24.2	 24.2	 23.7	 25.1	 24.1	 23.8	 0.292	 6.572	 6.571
  189.6	 40.1	 40.0	 24.3	 24.2	 23.6	 25.1	 24.0	 23.8	 0.275	 6.572	 6.571
  190.5	 40.1	 40.0	 24.3	 24.2	 23.6	 25.1	 24.0	 23.8	 0.279	 6.551	 6.571
  191.3	 40.1	 39.9	 24.3	 24.1	 23.6	 25.1	 24.0	 23.8	 0.280	 6.572	 6.571
  192.2	 40.1	 39.9	 24.3	 24.1	 23.6	 25.1	 24.0	 23.8	 0.280	 6.572	 6.571
  193.0	 40.1	 39.9	 24.3	 24.1	 23.7	 25.1	 24.0	 23.8	 0.268	 6.572	 6.571
  193.9	 40.1	 39.9	 24.3	 24.2	 23.7	 25.1	 24.0	 23.8	 0.274	 6.572	 6.571
  194.7	 40.1	 39.9	 24.3	 24.2	 23.7	 25.1	 24.1	 23.8	 0.275	 6.654	 6.550
  195.6	 40.1	 40.0	 24.3	 24.1	 23.6	 25.1	 24.1	 23.8	 0.279	 6.551	 6.571
  196.4	 40.1	 40.0	 24.3	 24.1	 23.6	 25.1	 24.0	 23.8	 0.278	 6.572	 6.571
  197.3	 40.1	 39.9	 24.3	 24.1	 23.7	 25.1	 24.1	 23.8	 0.278	 6.551	 6.550
  198.1	 40.1	 40.0	 24.2	 24.1	 23.7	 25.1	 24.1	 23.8	 0.278	 6.572	 6.571
  199.0	 40.1	 40.0	 24.1	 24.1	 23.7	 25.1	 24.1	 23.8	 0.279	 6.572	 6.571
  199.9	 40.1	 39.9	 24.1	 24.1	 23.7	 25.1	 24.1	 23.8	 0.278	 6.531	 6.550
  200.8	 40.0	 39.9	 24.0	 24.0	 23.7	 25.2	 24.1	 23.8	 0.276	 7.328	 6.142
  201.6	 40.1	 40.0	 24.0	 24.0	 22.4	 28.2	 24.2	 23.8	 0.272	 7.226	 5.978
  202.5	 40.1	 40.0	 24.0	 24.1	 22.7	 30.2	 24.4	 23.8	 0.281	 7.390	 5.570
  203.3	 40.1	 40.0	 24.0	 24.1	 23.1	 31.2	 24.5	 23.8	 0.278	 7.451	 5.223
  204.2	 40.1	 39.9	 24.0	 24.0	 24.1	 32.1	 24.7	 23.9	 0.274	 7.431	 4.998
  205.0	 40.1	 39.9	 24.0	 23.9	 24.6	 34.0	 25.1	 24.0	 0.273	 7.492	 4.875
  205.9	 40.1	 39.8	 23.9	 24.0	 25.7	 34.8	 25.3	 24.2	 0.282	 7.533	 4.794
  206.7	 40.0	 39.7	 24.0	 23.9	 26.1	 35.6	 25.5	 24.4	 0.289	 7.574	 4.712
  207.6	 40.0	 39.6	 24.0	 24.0	 26.5	 36.9	 25.8	 24.5	 0.283	 7.656	 4.671
  208.5	 40.1	 39.1	 24.0	 24.0	 27.3	 37.5	 26.0	 24.8	 0.281	 7.717	 4.630
  209.4	 40.0	 38.8	 24.0	 23.9	 27.6	 38.5	 26.3	 24.9	 0.276	 7.819	 4.610
  210.2	 40.1	 38.5	 23.9	 24.0	 28.0	 39.0	 26.5	 25.1	 0.277	 7.840	 4.569
  211.1	 40.1	 38.0	 23.9	 24.0	 28.5	 39.3	 26.7	 25.3	 0.271	 7.963	 4.548
  211.9	 40.1	 37.7	 23.9	 24.1	 28.8	 40.1	 27.1	 25.4	 0.286	 7.983	 4.528
  212.8	 40.0	 37.2	 23.9	 24.1	 29.0	 40.4	 27.3	 25.7	 0.286	 8.106	 4.548
  213.6	 40.1	 36.9	 23.9	 24.1	 29.4	 40.7	 27.5	 25.8	 0.278	 8.106	 4.548
  214.5	 40.0	 36.6	 23.9	 24.1	 29.6	 41.2	 28.0	 25.9	 0.271	 8.208	 4.569
  215.3	 40.1	 35.9	 23.9	 24.2	 29.9	 41.5	 28.2	 26.2	 0.282	 8.290	 4.610
  216.2	 40.0	 35.6	 23.9	 24.2	 30.0	 41.7	 28.4	 26.3	 0.280	 8.372	 4.651
  217.1	 40.0	 35.2	 24.0	 24.1	 30.1	 42.2	 28.8	 26.5	 0.280	 8.474	 4.691
  218.0	 40.0	 34.5	 23.9	 24.1	 30.1	 42.5	 28.9	 26.8	 0.274	 8.515	 4.773
  218.8	 40.0	 34.2	 23.9	 24.0	 30.1	 42.7	 29.2	 26.9	 0.276	 8.576	 4.814
  219.7	 40.0	 33.4	 24.0	 24.0	 30.1	 43.1	 29.4	 27.1	 0.276	 8.678	 4.896
  220.5	 40.0	 33.0	 24.0	 24.1	 29.9	 43.3	 29.5	 27.4	 0.279	 8.760	 4.937
  221.4	 40.0	 32.5	 24.0	 24.1	 29.8	 43.6	 29.8	 27.6	 0.281	 8.862	 5.018
  222.2	 40.0	 31.6	 23.9	 24.1	 29.7	 43.8	 30.0	 27.9	 0.271	 8.944	 5.039
  223.1	 40.0	 31.2	 23.9	 24.2	 29.4	 44.0	 30.2	 28.1	 0.279	 9.087	 5.141
  224.0	 40.0	 30.9	 23.9	 24.2	 29.2	 44.2	 30.7	 28.2	 0.281	 9.108	 5.141
  224.9	 40.0	 30.2	 23.8	 24.2	 28.8	 44.4	 30.9	 28.6	 0.273	 9.210	 5.182
  225.7	 40.0	 29.8	 23.8	 24.2	 28.6	 44.5	 31.1	 28.8	 0.275	 9.333	 5.223
  226.6	 40.0	 29.3	 23.9	 24.0	 28.4	 44.7	 31.5	 28.9	 0.273	 9.435	 5.263
  227.4	 40.0	 29.1	 23.8	 23.9	 27.9	 44.9	 31.6	 29.2	 0.272	 9.537	 5.304
  228.3	 40.0	 28.9	 23.9	 23.9	 28.0	 44.7	 31.8	 29.4	 0.275	 8.188	 6.285
  229.1	 40.0	 28.8	 23.9	 23.9	 29.3	 44.3	 31.7	 29.6	 0.279	 8.576	 7.061
  230.0	 40.0	 28.5	 23.9	 24.0	 31.3	 43.7	 31.7	 29.8	 0.278	 9.108	 7.306
  230.8	 39.9	 28.9	 23.9	 24.0	 31.9	 42.6	 31.6	 29.8	 0.276	 9.619	 7.286
  231.7	 40.0	 30.8	 23.9	 24.1	 32.1	 42.3	 31.6	 29.7	 0.269	10.028	 7.163
  232.5	 40.0	 31.8	 23.9	 24.1	 32.3	 42.2	 31.7	 29.5	 0.277	10.356	 7.082
  233.4	 40.0	 32.7	 24.0	 24.1	 32.2	 42.4	 31.9	 29.4	 0.275	10.744	 6.959
  234.2	 40.0	 34.8	 24.0	 24.0	 32.1	 42.7	 32.0	 29.0	 0.276	11.051	 6.836
  235.1	 40.0	 36.0	 24.0	 24.1	 31.7	 43.2	 32.1	 28.8	 0.278	11.235	 6.734
  235.9	 40.0	 37.2	 24.0	 24.0	 31.5	 44.1	 32.2	 28.7	 0.275	11.501	 6.612
  236.8	 40.0	 39.2	 23.9	 24.0	 28.1	 44.6	 32.3	 28.3	 0.268	11.746	 6.469
  237.6	 40.0	 40.0	 23.9	 24.0	 25.5	 45.0	 32.3	 28.1	 0.276	11.869	 6.387
  238.4	 40.0	 40.7	 23.9	 24.0	 24.6	 45.9	 32.2	 27.9	 0.282	12.115	 6.285
  239.3	 40.0	 42.0	 23.9	 24.1	 23.6	 46.4	 32.1	 27.5	 0.283	12.176	 6.203
  240.1	 40.0	 42.6	 23.8	 24.1	 23.3	 47.0	 32.0	 27.3	 0.277	12.278	 6.081
  241.0	 40.0	 43.1	 23.8	 24.1	 22.9	 47.5	 31.7	 27.1	 0.277	12.442	 6.019
  241.8	 40.0	 43.9	 23.8	 24.1	 22.2	 47.8	 31.4	 26.7	 0.278	12.585	 5.856
  242.6	 40.0	 44.3	 23.8	 24.0	 21.9	 48.3	 31.0	 26.5	 0.283	12.646	 5.835
  243.5	 40.0	 44.7	 23.8	 24.1	 21.7	 49.2	 29.9	 26.3	 0.283	12.708	 5.815
  244.3	 40.0	 45.3	 23.8	 24.1	 21.2	 49.7	 29.3	 25.9	 0.281	12.810	 5.713
  245.2	 39.9	 45.5	 23.8	 24.1	 21.0	 50.5	 28.1	 25.7	 0.279	12.892	 5.692
  246.0	 39.9	 45.8	 23.8	 24.0	 20.6	 50.8	 27.5	 25.5	 0.273	12.994	 5.611
  246.9	 39.9	 46.2	 24.0	 23.9	 20.2	 51.1	 26.9	 25.1	 0.268	13.137	 5.590
  247.7	 39.9	 46.4	 24.1	 23.8	 20.0	 51.3	 25.9	 24.9	 0.283	13.178	 5.590
  248.6	 39.9	 46.8	 24.1	 23.8	 19.8	 51.6	 25.4	 24.8	 0.280	13.219	 5.549
  249.4	 39.9	 46.9	 24.2	 23.9	 19.3	 51.7	 25.0	 24.4	 0.278	13.280	 5.447
  250.3	 39.9	 47.1	 24.1	 24.0	 19.1	 52.0	 24.6	 24.2	 0.276	13.301	 5.406
  251.1	 39.9	 47.4	 24.1	 24.0	 18.8	 52.1	 24.5	 24.1	 0.277	13.403	 5.386
  252.0	 39.9	 47.5	 24.1	 24.0	 18.4	 52.1	 24.5	 23.7	 0.273	13.526	 5.345
  252.8	 39.9	 47.6	 24.1	 24.0	 18.2	 52.4	 24.8	 23.6	 0.283	13.485	 5.304
  253.7	 39.8	 47.9	 24.1	 24.1	 18.0	 52.7	 25.0	 23.2	 0.281	13.505	 5.284
  254.5	 39.8	 48.0	 24.1	 24.1	 17.6	 52.8	 25.4	 23.0	 0.285	13.546	 5.202
  255.5	 39.7	 48.1	 24.2	 24.1	 17.4	 53.1	 26.2	 22.8	 0.277	13.669	 5.182
  256.3	 39.7	 48.3	 24.1	 24.1	 17.0	 53.2	 26.7	 22.5	 0.279	13.649	 5.141
  257.2	 39.7	 48.4	 24.0	 24.1	 16.8	 53.5	 27.8	 22.3	 0.276	13.771	 5.120
  258.0	 39.7	 48.4	 24.0	 24.0	 16.6	 53.7	 28.3	 22.2	 0.276	13.669	 5.080
  258.9	 39.7	 48.6	 24.0	 24.0	 16.3	 54.0	 28.9	 21.9	 0.282	13.710	 5.059
  259.7	 39.7	 48.7	 24.0	 24.0	 16.1	 54.3	 30.1	 21.7	 0.282	13.710	 5.039
  260.6	 39.6	 48.8	 24.0	 24.0	 16.0	 54.4	 30.6	 21.6	 0.275	13.812	 5.018
  261.4	 39.6	 48.8	 23.9	 24.1	 15.7	 54.6	 31.2	 21.3	 0.276	13.894	 4.998
  262.3	 39.6	 48.9	 24.0	 24.1	 15.6	 54.8	 32.4	 21.2	 0.281	13.812	 4.957
  263.1	 39.6	 49.0	 24.0	 24.1	 15.5	 54.9	 33.0	 21.1	 0.275	13.833	 4.916
  264.0	 39.5	 49.0	 24.0	 24.1	 15.2	 55.0	 33.5	 20.8	 0.282	13.914	 4.896
  264.8	 39.5	 49.1	 24.0	 24.1	 15.1	 55.3	 34.6	 20.7	 0.283	13.874	 4.875
  265.7	 39.5	 49.1	 24.0	 24.1	 14.8	 55.5	 35.1	 20.5	 0.273	13.976	 4.834
  266.5	 39.5	 49.2	 24.0	 24.1	 14.7	 55.7	 35.6	 20.4	 0.281	13.833	 4.794
  267.4	 39.5	 49.2	 24.0	 24.1	 14.5	 56.0	 36.5	 20.3	 0.279	13.955	 4.773
  268.2	 39.5	 49.3	 24.1	 24.1	 14.3	 56.2	 37.0	 20.1	 0.277	13.914	 4.732
  269.1	 39.5	 49.3	 24.1	 24.1	 14.2	 56.3	 37.4	 20.0	 0.277	13.853	 4.712
  269.9	 39.5	 49.3	 24.1	 24.1	 14.1	 56.6	 38.3	 19.9	 0.284	14.017	 4.671
  270.8	 39.5	 49.3	 24.2	 24.2	 13.8	 56.8	 38.7	 19.8	 0.277	13.955	 4.630
  271.6	 39.4	 49.3	 24.3	 24.2	 13.7	 56.9	 39.1	 19.7	 0.285	13.833	 4.630
  272.4	 39.4	 49.3	 24.3	 24.1	 13.6	 57.1	 39.9	 19.6	 0.278	13.853	 4.671
  273.2	 39.4	 49.3	 24.2	 24.1	 13.3	 57.2	 40.3	 19.4	 0.273	13.914	 4.569
  274.1	 39.4	 49.3	 24.3	 24.3	 13.3	 57.3	 40.6	 19.3	 0.280	13.955	 4.548
  274.9	 39.4	 49.3	 24.2	 25.6	 13.2	 57.6	 41.2	 19.2	 0.271	13.833	 4.528
  275.8	 39.4	 49.4	 24.1	 24.5	 13.1	 57.7	 41.5	 19.1	 0.282	13.996	 4.487
  276.6	 39.5	 49.4	 24.1	 22.2	 13.1	 57.8	 41.7	 19.0	 0.284	13.914	 4.487
  277.5	 39.5	 49.4	 24.0	 19.8	 13.2	 58.0	 42.2	 19.0	 0.280	13.833	 4.528
  278.3	 39.5	 49.4	 24.1	 19.5	 13.4	 58.1	 42.4	 18.9	 0.280	13.894	 4.528
  279.2	 39.5	 49.3	 24.1	 19.4	 13.5	 58.1	 42.6	 18.8	 0.272	13.914	 4.569
  280.0	 39.5	 49.3	 24.1	 19.5	 13.6	 58.2	 42.9	 18.8	 0.278	14.017	 4.589
  280.8	 39.5	 49.4	 24.2	 19.6	 13.9	 58.2	 43.1	 18.7	 0.274	14.037	 4.589
  281.6	 39.5	 49.3	 24.2	 19.6	 14.0	 58.2	 43.2	 18.7	 0.277	13.955	 4.630
  282.5	 39.5	 49.4	 24.2	 19.7	 14.0	 58.1	 43.4	 18.7	 0.274	13.955	 4.651
  283.3	 39.6	 49.4	 24.1	 19.7	 14.2	 58.0	 43.6	 18.6	 0.280	13.976	 4.671
  284.2	 39.6	 49.4	 24.2	 19.8	 14.2	 57.9	 43.7	 18.6	 0.280	14.078	 4.671
  285.0	 39.6	 49.4	 24.2	 19.8	 14.3	 57.9	 43.8	 18.6	 0.284	14.180	 4.671
  285.9	 39.6	 49.5	 24.1	 19.9	 14.3	 57.9	 43.8	 18.5	 0.281	14.017	 4.691
  286.7	 39.7	 49.5	 24.1	 19.9	 14.4	 57.9	 43.9	 18.4	 0.282	14.139	 4.691
  287.6	 39.7	 49.6	 24.1	 19.9	 14.4	 57.9	 44.0	 18.4	 0.280	14.058	 4.732
  288.4	 39.7	 49.6	 24.2	 20.0	 14.5	 57.9	 44.0	 18.3	 0.287	14.099	 4.732
  289.3	 39.7	 49.6	 24.1	 19.9	 14.5	 57.9	 44.1	 18.3	 0.279	14.160	 4.732
  290.1	 39.8	 49.7	 24.1	 19.9	 14.5	 58.0	 44.1	 18.3	 0.277	14.139	 4.732
  291.0	 39.8	 49.7	 23.7	 19.9	 14.5	 57.9	 44.2	 18.2	 0.272	14.221	 4.732
  291.8	 39.8	 49.8	 23.7	 20.0	 14.5	 58.0	 44.2	 18.1	 0.280	14.283	 4.732
  292.7	 39.9	 49.9	 23.6	 20.0	 14.5	 58.0	 44.2	 18.1	 0.286	14.221	 4.773
  293.5	 39.9	 49.9	 23.7	 19.9	 14.5	 58.0	 44.2	 18.0	 0.282	14.221	 4.753
  294.4	 39.9	 50.0	 23.6	 19.9	 14.5	 57.9	 44.2	 18.0	 0.279	14.324	 4.753
  295.2	 40.0	 50.1	 23.8	 19.9	 14.5	 57.9	 44.2	 17.9	 0.284	14.283	 4.773
  296.1	 40.0	 50.1	 23.7	 19.9	 14.5	 57.8	 44.2	 17.8	 0.277	14.303	 4.794
  297.0	 40.0	 50.1	 23.7	 19.8	 14.5	 57.9	 44.2	 17.8	 0.281	14.324	 4.753
  297.8	 40.0	 50.2	 23.9	 19.8	 14.6	 57.9	 44.1	 17.7	 0.275	14.385	 4.753
  298.7	 40.1	 50.2	 23.7	 19.8	 14.5	 58.0	 44.1	 17.7	 0.281	14.364	 4.773
  299.6	 40.1	 50.3	 23.7	 19.7	 14.6	 58.1	 44.1	 17.6	 0.278	14.446	 4.773
  300.4	 40.1	 50.4	 24.0	 19.7	 14.6	 58.2	 44.1	 17.6	 0.287	14.446	 4.753
  301.3	 40.2	 50.4	 24.0	 19.7	 14.6	 58.3	 44.1	 17.6	 0.284	14.549	 4.773
  302.1	 40.2	 50.5	 24.3	 19.7	 14.6	 58.4	 44.1	 17.5	 0.279	14.446	 4.773
  303.0	 40.2	 50.5	 24.3	 19.7	 14.6	 58.4	 44.1	 17.5	 0.280	14.549	 4.773
  303.8	 40.2	 50.5	 24.4	 19.6	 14.6	 58.6	 44.1	 17.4	 0.274	14.528	 4.773
  304.7	 40.2	 50.6	 24.2	 19.6	 14.6	 58.7	 44.1	 17.4	 0.284	14.528	 4.794
  305.5	 40.3	 50.6	 24.1	 19.6	 14.6	 58.7	 44.0	 17.3	 0.276	14.487	 4.794
  306.4	 40.3	 50.7	 24.4	 19.6	 14.6	 58.8	 44.0	 17.3	 0.271	14.630	 4.794
  307.2	 40.3	 50.7	 24.3	 19.7	 14.6	 58.8	 43.9	 17.2	 0.275	14.569	 4.794
  308.1	 40.3	 50.8	 24.4	 19.6	 14.6	 58.9	 43.9	 17.1	 0.286	14.610	 4.794
  309.0	 40.3	 50.9	 24.3	 19.6	 14.5	 58.8	 43.9	 17.1	 0.279	14.733	 4.794
  309.8	 40.3	 50.9	 24.1	 19.5	 14.5	 58.9	 43.8	 17.0	 0.282	14.569	 4.794
  310.7	 40.4	 50.9	 24.1	 19.5	 14.5	 58.9	 43.8	 17.0	 0.278	14.630	 4.794
  311.6	 40.4	 51.0	 24.0	 19.5	 14.6	 59.0	 43.8	 16.9	 0.283	14.712	 4.794
  312.4	 40.4	 51.0	 24.2	 19.5	 14.6	 59.0	 43.7	 16.8	 0.276	14.794	 4.794
  313.3	 40.5	 51.1	 24.3	 19.5	 14.6	 59.1	 43.7	 16.8	 0.275	14.671	 4.794
  314.1	 40.5	 51.2	 24.3	 19.5	 14.6	 59.1	 43.7	 16.8	 0.279	14.814	 4.773
  315.0	 40.5	 51.2	 24.4	 19.4	 14.6	 59.2	 43.6	 16.7	 0.280	14.774	 4.794
  315.8	 40.6	 51.2	 24.6	 19.4	 14.6	 59.2	 43.6	 16.7	 0.290	14.855	 4.794
  316.7	 40.6	 51.3	 24.8	 19.4	 14.7	 59.2	 43.6	 16.6	 0.273	14.855	 4.773
  317.5	 40.6	 51.3	 24.8	 19.3	 14.7	 59.3	 43.5	 16.6	 0.277	14.835	 4.773
  318.4	 40.6	 51.3	 24.8	 19.3	 14.8	 59.3	 43.5	 16.5	 0.279	14.835	 4.773
  319.2	 40.6	 51.4	 24.9	 19.3	 14.9	 59.4	 43.4	 16.4	 0.287	14.794	 4.753
  320.1	 40.7	 51.4	 24.9	 19.3	 15.0	 59.5	 43.4	 16.4	 0.282	14.917	 4.753
  320.9	 40.7	 51.4	 25.0	 19.3	 15.2	 59.6	 43.4	 16.4	 0.275	14.774	 4.753
  321.8	 40.7	 51.5	 25.0	 19.2	 15.4	 59.6	 43.4	 16.3	 0.276	14.855	 4.712
  322.6	 40.8	 51.5	 24.9	 19.2	 15.5	 59.8	 43.4	 16.3	 0.283	14.835	 4.732
  323.5	 40.8	 51.5	 24.8	 19.2	 15.7	 59.9	 43.4	 16.2	 0.276	14.814	 4.712
  324.3	 40.8	 51.5	 24.8	 19.2	 15.8	 59.9	 43.4	 16.2	 0.280	14.814	 4.712
  325.2	 40.8	 51.6	 24.8	 19.1	 15.9	 60.0	 43.3	 16.2	 0.282	14.917	 4.691
  326.1	 40.8	 51.6	 24.6	 19.2	 16.1	 60.0	 43.3	 16.1	 0.283	14.896	 4.691
  327.0	 40.9	 51.6	 24.7	 19.2	 16.2	 60.2	 43.3	 16.1	 0.278	14.978	 4.691
  327.8	 40.9	 51.7	 24.8	 19.2	 16.3	 60.2	 43.3	 16.0	 0.288	14.876	 4.671
  328.7	 40.9	 51.7	 24.8	 19.2	 16.5	 60.2	 43.3	 15.9	 0.284	14.998	 4.671
  329.5	 41.0	 51.7	 24.8	 19.1	 16.5	 60.3	 43.3	 15.9	 0.280	14.958	 4.671
  330.4	 41.0	 51.8	 24.6	 19.1	 16.6	 60.4	 43.4	 15.9	 0.284	14.937	 4.651
  331.4	 41.0	 51.8	 24.6	 19.1	 16.8	 60.4	 43.4	 15.8	 0.276	14.937	 4.630
  332.3	 41.0	 51.8	 24.5	 19.1	 17.0	 60.4	 43.4	 15.8	 0.280	14.937	 4.630
  333.2	 41.1	 51.8	 24.6	 19.2	 17.0	 60.5	 43.5	 15.7	 0.283	14.917	 4.610
  334.2	 41.1	 51.9	 24.5	 19.2	 17.1	 60.5	 43.5	 15.6	 0.279	15.039	 4.610
  335.1	 41.1	 51.9	 24.5	 19.2	 17.3	 60.6	 43.6	 15.6	 0.276	14.814	 4.589
  336.0	 41.1	 51.9	 24.4	 19.2	 17.3	 60.7	 43.6	 15.6	 0.276	14.835	 4.589
  336.9	 41.2	 51.9	 24.3	 19.3	 17.5	 60.8	 43.7	 15.5	 0.282	14.835	 4.589
  337.9	 41.2	 51.9	 24.4	 19.3	 17.6	 60.9	 43.9	 15.4	 0.278	14.855	 4.569
  338.8	 41.2	 51.9	 24.4	 19.3	 17.8	 61.0	 44.0	 15.4	 0.282	14.876	 4.589
  339.8	 41.2	 51.9	 24.4	 19.4	 17.8	 61.1	 44.1	 15.4	 0.279	14.896	 4.589
  340.7	 41.3	 51.9	 24.4	 19.3	 18.0	 61.0	 44.2	 15.3	 0.282	14.917	 4.589
  341.6	 41.3	 51.9	 24.4	 19.3	 18.1	 61.1	 44.4	 15.3	 0.285	14.896	 4.589
  342.6	 41.3	 51.9	 24.4	 19.3	 18.2	 61.1	 44.5	 15.3	 0.279	14.835	 4.589
  343.5	 41.4	 51.9	 24.4	 19.4	 18.3	 61.1	 44.6	 15.3	 0.271	14.876	 4.610
  344.4	 41.4	 51.9	 24.3	 19.4	 18.4	 61.1	 44.7	 15.3	 0.279	14.855	 4.610
  345.4	 41.4	 51.9	 24.3	 19.4	 18.5	 61.1	 45.0	 15.3	 0.275	14.876	 4.630
  346.3	 41.4	 52.0	 24.2	 19.4	 18.6	 61.1	 45.0	 15.3	 0.273	14.855	 4.630
  347.2	 41.5	 52.0	 24.1	 19.4	 18.7	 61.1	 45.2	 15.3	 0.287	14.876	 4.630
  348.2	 41.5	 52.0	 24.1	 19.4	 18.8	 61.2	 45.3	 15.4	 0.281	14.896	 4.630
  349.1	 41.5	 52.0	 24.1	 19.5	 18.9	 61.1	 45.5	 15.4	 0.285	14.896	 4.610
  350.0	 41.5	 52.0	 24.0	 19.5	 19.0	 61.1	 45.6	 15.4	 0.283	14.937	 4.610
  351.0	 41.5	 52.1	 24.0	 19.4	 19.0	 61.0	 45.7	 15.4	 0.278	14.978	 4.630
  351.9	 41.6	 52.1	 24.2	 19.4	 19.1	 61.1	 45.8	 15.3	 0.281	15.039	 4.630
  352.9	 41.6	 52.1	 24.3	 19.4	 19.1	 61.2	 46.0	 15.4	 0.278	15.060	 4.773
  353.8	 41.7	 52.2	 24.3	 19.4	 19.2	 61.1	 46.1	 15.4	 0.280	15.080	 4.651
  354.7	 41.7	 52.2	 24.4	 19.4	 19.3	 61.2	 46.2	 15.4	 0.280	15.101	 4.651
  355.7	 41.7	 52.2	 24.4	 19.4	 19.4	 61.2	 46.3	 15.4	 0.274	15.142	 4.630
  356.6	 41.7	 52.2	 24.5	 19.4	 19.4	 61.2	 46.4	 15.4	 0.280	15.121	 4.651
  357.5	 41.7	 52.2	 24.4	 19.5	 19.5	 61.3	 46.5	 15.4	 0.277	15.121	 4.651
  358.5	 41.8	 52.3	 24.5	 19.5	 19.5	 61.4	 46.6	 15.4	 0.278	14.958	 4.651
  359.4	 41.9	 52.3	 24.4	 19.5	 19.6	 61.3	 46.7	 15.4	 0.274	14.958	 4.651
  360.3	 41.9	 52.3	 24.3	 19.6	 19.6	 61.3	 46.8	 15.5	 0.273	14.958	 4.651
  361.3	 42.0	 52.3	 24.4	 19.5	 19.7	 61.3	 46.9	 15.5	 0.270	15.162	 4.651
  362.2	 42.0	 52.4	 24.3	 19.6	 19.7	 61.3	 46.9	 15.5	 0.283	15.142	 4.651
  363.2	 42.0	 52.4	 24.3	 19.6	 19.8	 61.3	 47.0	 15.5	 0.284	15.203	 4.651
  364.1	 42.0	 52.4	 24.3	 19.6	 19.8	 61.3	 47.1	 15.6	 0.281	14.998	 4.691
  365.0	 42.0	 52.5	 24.3	 19.6	 19.9	 61.4	 47.2	 15.6	 0.272	15.019	 4.671
  366.0	 42.0	 52.5	 24.2	 19.6	 19.9	 61.4	 47.3	 15.6	 0.280	15.080	 4.691
  366.9	 42.1	 52.5	 24.1	 19.6	 20.0	 61.5	 47.4	 15.6	 0.283	15.121	 4.691
  367.9	 42.1	 52.5	 24.0	 19.6	 20.0	 61.5	 47.4	 15.7	 0.282	15.183	 4.712
  368.8	 42.1	 52.6	 24.2	 19.6	 20.1	 61.4	 47.5	 15.7	 0.269	15.203	 4.712
  369.7	 42.2	 52.6	 24.3	 19.6	 20.1	 61.5	 47.5	 15.7	 0.281	15.223	 4.855
  370.7	 42.2	 52.6	 24.6	 19.6	 20.1	 61.4	 47.6	 15.7	 0.279	15.285	 4.712
  371.6	 42.3	 52.7	 24.6	 19.7	 20.2	 61.5	 47.7	 15.8	 0.274	15.162	 4.712
  372.5	 42.3	 52.7	 24.5	 19.6	 20.2	 61.5	 47.7	 15.8	 0.281	15.162	 4.712
  373.5	 42.3	 52.7	 24.5	 19.7	 20.2	 61.4	 47.8	 15.9	 0.277	15.101	 4.712
  374.4	 42.3	 52.8	 24.4	 19.6	 20.3	 61.4	 47.8	 15.9	 0.284	15.305	 4.732
  375.4	 42.3	 52.8	 24.5	 19.7	 20.3	 61.4	 47.9	 15.9	 0.286	15.326	 4.855
  376.3	 42.4	 52.8	 24.4	 19.7	 20.3	 61.4	 47.9	 15.9	 0.284	15.326	 4.732
  377.2	 42.5	 52.9	 24.3	 19.7	 20.3	 61.5	 48.0	 16.0	 0.273	15.203	 4.732
  378.2	 42.5	 52.9	 24.2	 19.7	 20.4	 61.5	 48.0	 16.0	 0.277	15.244	 4.732
  379.1	 42.5	 52.9	 24.2	 19.7	 20.4	 61.5	 48.1	 16.0	 0.280	15.203	 4.732
  380.0	 42.5	 52.9	 24.1	 19.7	 20.4	 61.4	 48.1	 16.0	 0.275	15.223	 4.732
  381.0	 42.5	 53.0	 24.1	 19.7	 20.5	 61.5	 48.2	 16.1	 0.279	15.203	 4.753
  381.9	 42.5	 53.0	 24.2	 19.7	 20.5	 61.6	 48.3	 16.1	 0.281	15.387	 4.753
  382.9	 42.6	 53.0	 24.1	 19.7	 20.5	 61.6	 48.3	 16.1	 0.277	15.428	 4.753
  383.8	 42.6	 53.0	 24.1	 19.7	 20.5	 61.6	 48.3	 16.2	 0.283	15.510	 4.794
  384.7	 42.6	 53.1	 24.0	 19.7	 20.5	 61.6	 48.4	 16.2	 0.274	15.285	 4.753
  385.7	 42.6	 53.1	 24.0	 19.7	 20.6	 61.7	 48.4	 16.2	 0.277	15.244	 4.834
  386.6	 42.7	 53.1	 24.1	 19.7	 20.5	 61.7	 48.4	 16.2	 0.279	15.305	 4.773
  387.6	 42.7	 53.2	 24.1	 19.6	 20.6	 61.7	 48.5	 16.2	 0.280	15.428	 4.794
  388.5	 42.7	 53.2	 24.2	 19.6	 20.6	 61.6	 48.5	 16.3	 0.273	15.489	 4.794
  389.4	 42.7	 53.2	 24.2	 19.6	 20.6	 61.6	 48.5	 16.3	 0.279	15.387	 4.794
  390.4	 42.8	 53.3	 24.2	 19.6	 20.7	 61.6	 48.6	 16.4	 0.288	15.408	 4.794
  391.4	 42.8	 53.3	 24.1	 19.6	 20.7	 61.6	 48.6	 16.4	 0.277	15.346	 4.814
  392.3	 42.9	 53.3	 24.1	 19.6	 20.7	 61.7	 48.6	 16.4	 0.281	15.387	 4.814
  393.3	 42.9	 53.4	 24.1	 19.6	 20.7	 61.7	 48.7	 16.5	 0.279	15.428	 4.794
  394.3	 43.0	 53.4	 24.2	 19.7	 20.7	 61.7	 48.7	 16.5	 0.280	15.367	 4.814
  395.2	 43.0	 53.5	 24.3	 19.7	 20.7	 61.6	 48.8	 16.5	 0.276	15.530	 4.814
  396.2	 43.0	 53.5	 24.3	 19.6	 20.7	 61.7	 48.8	 16.5	 0.277	15.510	 4.814
  397.2	 43.0	 53.5	 24.3	 19.7	 20.8	 61.7	 48.8	 16.6	 0.280	15.408	 4.814
  398.1	 43.0	 53.5	 24.2	 19.6	 20.7	 61.6	 48.8	 16.6	 0.279	15.612	 4.814
  399.1	 43.0	 53.5	 24.1	 19.6	 20.8	 61.6	 48.8	 16.6	 0.281	15.530	 4.834
  400.0	 43.0	 53.6	 24.1	 19.6	 20.8	 61.6	 48.9	 16.6	 0.281	15.469	 4.814
  401.0	 43.1	 53.6	 24.2	 19.7	 20.8	 61.6	 48.9	 16.7	 0.278	15.653	 4.834
  402.0	 43.1	 53.7	 24.2	 19.7	 20.8	 61.6	 48.9	 16.7	 0.273	15.571	 4.834
  402.9	 43.2	 53.7	 24.2	 19.7	 20.8	 61.6	 49.0	 16.7	 0.278	15.510	 4.834
  403.9	 43.2	 53.7	 24.2	 19.7	 20.8	 61.6	 49.0	 16.7	 0.277	15.694	 4.834
  404.9	 43.2	 53.7	 24.3	 19.6	 20.8	 61.7	 49.0	 16.7	 0.277	15.612	 4.834
  405.8	 43.2	 53.8	 24.3	 19.6	 20.8	 61.8	 49.1	 16.8	 0.275	15.551	 4.855
  406.8	 43.3	 53.8	 24.3	 19.7	 20.8	 61.9	 49.1	 16.8	 0.277	15.694	 4.855
  407.7	 43.3	 53.8	 24.2	 19.7	 20.8	 61.9	 49.2	 16.8	 0.280	15.653	 4.855
  408.7	 43.3	 53.9	 24.1	 19.7	 20.8	 61.9	 49.2	 16.8	 0.286	15.592	 4.875
  409.7	 43.3	 53.9	 24.2	 19.8	 20.8	 61.9	 49.2	 16.8	 0.272	15.694	 4.875
  410.6	 43.3	 53.9	 24.2	 19.7	 20.8	 62.0	 49.2	 16.9	 0.275	15.735	 4.855
  411.6	 43.3	 54.0	 24.1	 19.7	 20.8	 62.0	 49.2	 16.9	 0.284	15.551	 4.875
  412.6	 43.3	 54.0	 24.1	 19.7	 20.8	 62.0	 49.3	 16.9	 0.292	15.796	 4.875
  413.5	 43.4	 54.0	 24.2	 19.7	 20.8	 62.0	 49.3	 17.0	 0.281	15.776	 4.875
  414.5	 43.4	 54.0	 24.1	 19.7	 20.8	 62.0	 49.4	 17.0	 0.280	15.612	 4.875
  415.4	 43.5	 54.0	 24.2	 19.7	 20.8	 62.0	 49.4	 17.0	 0.272	15.858	 4.875
  416.4	 43.5	 54.1	 24.3	 19.7	 20.8	 62.0	 49.4	 17.0	 0.271	15.633	 4.875
  417.4	 43.5	 54.1	 24.2	 19.7	 20.8	 62.0	 49.4	 17.0	 0.280	15.633	 4.855
  418.3	 43.6	 54.1	 24.1	 19.7	 20.7	 61.9	 49.4	 17.0	 0.271	15.755	 4.875
  419.3	 43.6	 54.2	 24.1	 19.7	 20.7	 61.8	 49.4	 17.0	 0.282	15.714	 4.875
  420.3	 43.6	 54.2	 24.1	 19.7	 20.7	 61.9	 49.5	 17.0	 0.280	15.653	 4.875
  421.3	 43.6	 54.2	 24.3	 19.6	 20.7	 62.0	 49.5	 17.1	 0.274	15.735	 4.875
  422.2	 43.6	 54.2	 24.4	 19.6	 20.7	 62.1	 49.6	 17.1	 0.276	15.755	 4.896
  423.2	 43.7	 54.3	 24.4	 19.5	 20.7	 62.2	 49.5	 17.1	 0.287	15.858	 4.875
  424.2	 43.7	 54.3	 24.6	 19.6	 20.7	 62.2	 49.6	 17.1	 0.279	15.898	 4.875
  425.2	 43.7	 54.3	 24.5	 19.6	 20.7	 62.4	 49.7	 17.2	 0.285	15.796	 4.875
  426.2	 43.8	 54.3	 24.5	 19.6	 20.6	 62.5	 49.7	 17.2	 0.281	15.735	 4.855
  427.2	 43.8	 54.4	 24.5	 19.5	 20.6	 62.6	 49.8	 17.2	 0.283	15.796	 4.875
  428.2	 43.8	 54.4	 24.6	 19.5	 20.6	 62.6	 49.8	 17.2	 0.281	15.755	 4.875
  429.1	 43.8	 54.4	 24.6	 19.5	 20.5	 62.6	 49.8	 17.2	 0.273	15.755	 4.875
  430.1	 43.9	 54.5	 24.5	 19.5	 20.6	 62.7	 49.9	 17.2	 0.284	15.878	 4.875
  431.1	 43.9	 54.5	 24.8	 19.5	 20.5	 62.8	 49.9	 17.3	 0.275	15.878	 4.875
  432.1	 43.9	 54.5	 24.9	 19.4	 20.5	 62.9	 50.0	 17.3	 0.285	15.939	 5.039
  433.1	 44.0	 54.5	 24.7	 19.4	 20.5	 63.0	 50.0	 17.3	 0.280	15.817	 4.875
  434.1	 44.0	 54.5	 24.8	 19.4	 20.5	 63.1	 50.0	 17.3	 0.276	15.817	 4.875
  435.1	 44.0	 54.5	 24.5	 19.4	 20.4	 63.3	 50.1	 17.4	 0.278	15.776	 4.875
  436.1	 44.0	 54.6	 24.0	 19.4	 20.3	 63.3	 50.2	 17.4	 0.279	15.960	 4.875
  437.0	 44.1	 54.6	 23.9	 19.4	 20.3	 63.5	 50.2	 17.4	 0.276	15.980	 4.875
  438.0	 44.1	 54.7	 24.0	 19.4	 20.2	 63.6	 50.2	 17.4	 0.281	16.001	 4.855
  439.0	 44.1	 54.7	 23.9	 19.4	 20.2	 63.8	 50.3	 17.4	 0.278	15.878	 4.855
  440.0	 44.2	 54.7	 24.2	 19.4	 20.1	 63.9	 50.3	 17.4	 0.281	15.980	 4.855
  441.0	 44.2	 54.7	 24.3	 19.4	 20.1	 64.0	 50.4	 17.5	 0.280	15.858	 4.834
  442.0	 44.3	 54.7	 24.3	 19.4	 20.0	 64.2	 50.4	 17.5	 0.285	15.898	 4.834
  443.0	 44.3	 54.8	 24.4	 19.4	 19.8	 64.2	 50.4	 17.5	 0.277	15.817	 4.834
  444.0	 44.3	 54.8	 24.4	 19.4	 19.7	 64.4	 50.5	 17.5	 0.273	15.898	 4.834
  444.9	 44.3	 54.8	 24.4	 19.4	 19.6	 64.5	 50.5	 17.5	 0.276	15.858	 4.834
  445.9	 44.4	 54.8	 24.5	 19.4	 19.5	 64.5	 50.6	 17.6	 0.284	15.858	 4.834
  446.9	 44.4	 54.8	 24.6	 19.4	 19.2	 64.6	 50.6	 17.6	 0.281	15.980	 4.834
  447.9	 44.4	 54.9	 24.7	 19.4	 19.1	 64.7	 50.6	 17.6	 0.279	16.001	 4.855
  449.1	 44.5	 54.9	 24.5	 19.5	 18.2	 64.9	 50.7	 17.7	 0.282	15.858	 4.896
  451.1	 44.5	 54.9	 24.6	 19.5	 17.3	 64.9	 50.8	 17.7	 0.277	16.083	 4.916
  451.9	 44.5	 55.0	 24.6	 19.5	 16.7	 64.9	 50.8	 17.7	 0.283	16.042	 4.855
  452.6	 44.6	 55.0	 24.6	 19.5	 16.4	 64.9	 50.8	 17.8	 0.289	16.062	 4.834
  453.5	 44.6	 55.0	 24.7	 19.5	 16.2	 65.0	 50.8	 17.8	 0.276	16.021	 4.855
  454.3	 44.6	 55.0	 24.7	 19.5	 16.0	 65.0	 50.9	 17.8	 0.279	15.919	 4.855
  455.1	 44.6	 55.0	 24.7	 19.5	 15.9	 65.0	 50.9	 17.8	 0.272	15.919	 4.875
  456.0	 44.7	 55.1	 24.8	 19.6	 15.8	 65.1	 50.9	 17.8	 0.282	16.001	 4.977
  456.8	 44.7	 55.1	 24.8	 19.5	 15.7	 65.2	 50.9	 17.8	 0.282	16.103	 4.875
  457.8	 44.7	 55.1	 24.8	 19.5	 15.8	 65.4	 51.0	 17.8	 0.280	16.185	 4.855
  458.7	 44.7	 55.1	 24.8	 19.5	 15.7	 65.4	 51.0	 17.9	 0.283	16.062	 4.855
  459.8	 44.8	 55.2	 24.6	 19.5	 15.7	 65.5	 51.0	 17.8	 0.278	16.164	 4.814
  462.1	 44.8	 55.3	 24.7	 19.5	 15.5	 65.5	 51.0	 17.7	 0.283	16.185	 4.834
  463.9	 44.8	 55.3	 24.6	 19.4	 15.5	 65.5	 50.9	 17.7	 0.278	16.267	 4.855
  464.7	 44.9	 55.3	 24.4	 19.4	 15.4	 65.5	 50.9	 17.6	 0.283	16.123	 4.834
  465.6	 44.9	 55.4	 24.6	 19.4	 15.4	 65.5	 50.9	 17.6	 0.276	16.144	 4.834
  466.7	 44.9	 55.4	 24.3	 19.4	 15.3	 65.4	 50.9	 17.5	 0.276	16.144	 4.834
  468.9	 45.0	 55.5	 24.2	 19.3	 15.3	 65.6	 50.8	 17.5	 0.277	16.185	 4.814
  470.8	 45.0	 55.5	 24.2	 19.3	 15.3	 65.6	 50.8	 17.4	 0.281	16.226	 4.814
  472.0	 45.1	 55.6	 24.7	 19.2	 15.3	 65.6	 50.7	 17.4	 0.281	16.369	 4.814
  473.8	 45.1	 55.6	 24.5	 19.2	 15.2	 65.6	 50.6	 17.3	 0.285	16.389	 4.814
  474.8	 45.1	 55.7	 24.6	 19.2	 15.2	 65.6	 50.6	 17.2	 0.272	16.328	 4.814
  475.9	 45.2	 55.8	 24.0	 19.1	 15.2	 65.7	 50.5	 17.2	 0.280	16.451	 4.814
  477.9	 45.2	 55.8	 24.0	 19.2	 15.2	 65.7	 50.5	 17.1	 0.282	16.287	 4.794
  478.8	 45.2	 55.8	 24.2	 19.1	 15.2	 65.7	 50.4	 17.1	 0.274	16.226	 4.814
  479.7	 45.3	 55.8	 24.3	 19.1	 15.3	 65.7	 50.4	 17.1	 0.282	16.410	 4.794
  480.5	 45.3	 55.8	 24.5	 19.1	 15.3	 65.8	 50.4	 17.0	 0.270	16.348	 4.773
  481.6	 45.3	 55.9	 24.8	 19.1	 15.4	 65.9	 50.4	 17.0	 0.279	16.287	 4.773
  483.2	 45.4	 55.9	 24.6	 19.0	 15.6	 66.1	 50.3	 16.9	 0.276	16.512	 4.753
  485.0	 45.4	 56.0	 25.1	 18.9	 16.0	 66.1	 50.3	 16.8	 0.288	16.369	 4.753
  487.3	 45.5	 56.0	 24.8	 18.9	 16.4	 66.2	 50.3	 16.7	 0.283	16.369	 4.753
  489.0	 45.5	 56.0	 24.7	 18.8	 16.5	 66.3	 50.2	 16.6	 0.271	16.328	 4.732
  490.3	 45.6	 56.1	 24.7	 18.8	 16.8	 66.5	 50.2	 16.5	 0.278	16.492	 4.732
  492.1	 45.6	 56.1	 24.9	 18.8	 16.9	 66.6	 50.2	 16.5	 0.270	16.512	 4.691
  493.4	 45.7	 56.2	 24.6	 18.8	 17.2	 66.7	 50.2	 16.4	 0.278	16.389	 4.712
  495.3	 45.7	 56.2	 24.6	 18.7	 17.4	 66.7	 50.2	 16.4	 0.285	16.430	 4.691
  496.2	 45.7	 56.3	 24.6	 18.7	 17.4	 66.7	 50.2	 16.4	 0.283	16.492	 4.691
  497.2	 45.7	 56.3	 24.5	 18.8	 17.6	 66.7	 50.2	 16.4	 0.278	16.512	 4.671
  498.2	 45.8	 56.4	 24.7	 18.7	 17.7	 66.8	 50.2	 16.3	 0.278	16.532	 4.691
  499.6	 45.9	 56.4	 25.1	 18.8	 18.0	 66.9	 50.3	 16.3	 0.273	16.369	 4.671
  501.3	 45.9	 56.4	 25.1	 18.8	 18.0	 67.1	 50.3	 16.3	 0.286	16.594	 4.671
  502.3	 45.9	 56.4	 25.1	 18.8	 18.2	 67.2	 50.4	 16.3	 0.282	16.573	 4.671
  503.2	 46.0	 56.4	 25.0	 18.8	 18.2	 67.2	 50.5	 16.3	 0.281	16.594	 4.691
  504.2	 46.0	 56.4	 25.0	 18.8	 18.4	 67.3	 50.5	 16.3	 0.277	16.389	 4.651
  505.1	 46.0	 56.4	 25.0	 18.8	 18.4	 67.5	 50.6	 16.3	 0.282	16.471	 4.691
  506.0	 46.1	 56.4	 25.1	 18.8	 18.5	 67.5	 50.7	 16.3	 0.275	16.430	 4.753
  507.0	 46.1	 56.4	 24.9	 18.8	 18.6	 67.6	 50.7	 16.3	 0.280	16.492	 4.671
  508.2	 46.1	 56.5	 24.9	 18.8	 18.8	 67.7	 50.9	 16.3	 0.285	16.389	 4.691
  510.4	 46.2	 56.5	 24.5	 18.9	 19.0	 67.8	 50.9	 16.3	 0.274	16.553	 4.691
  512.2	 46.2	 56.5	 24.6	 18.9	 19.0	 67.7	 51.0	 16.3	 0.278	16.614	 4.691
  513.3	 46.3	 56.6	 24.7	 18.9	 19.1	 67.9	 51.1	 16.3	 0.280	16.655	 4.691
  514.2	 46.3	 56.6	 24.7	 18.9	 19.1	 67.9	 51.1	 16.3	 0.277	16.573	 4.691
  515.3	 46.3	 56.6	 24.7	 18.9	 19.2	 68.1	 51.2	 16.3	 0.274	16.594	 4.814
  516.5	 46.4	 56.6	 24.5	 18.9	 19.3	 67.9	 51.3	 16.4	 0.277	16.471	 4.712
  518.7	 46.4	 56.7	 24.5	 19.0	 19.5	 68.2	 51.4	 16.4	 0.278	16.635	 4.712
  520.6	 46.4	 56.7	 24.4	 19.0	 19.5	 68.3	 51.5	 16.5	 0.283	16.737	 4.732
  521.8	 46.5	 56.7	 24.6	 19.0	 19.6	 68.4	 51.6	 16.5	 0.281	16.573	 4.732
  523.7	 46.5	 56.8	 24.7	 19.0	 19.7	 68.5	 51.6	 16.5	 0.275	16.655	 4.732
  524.7	 46.5	 56.8	 24.6	 19.0	 19.7	 68.6	 51.7	 16.5	 0.281	16.553	 4.753
  525.8	 46.5	 56.8	 24.6	 19.0	 19.7	 68.7	 51.7	 16.6	 0.286	16.635	 4.732
  526.8	 46.5	 56.8	 24.5	 19.0	 19.8	 68.7	 51.8	 16.6	 0.277	16.532	 4.753
  527.8	 46.5	 56.8	 24.5	 19.0	 19.8	 68.7	 51.8	 16.6	 0.280	16.594	 4.753
  528.8	 46.5	 56.8	 24.5	 19.1	 19.9	 68.8	 51.9	 16.6	 0.274	16.696	 4.753
  529.8	 46.6	 56.9	 24.3	 19.1	 19.9	 68.9	 51.9	 16.7	 0.275	16.573	 4.773
  530.9	 46.6	 56.9	 24.4	 19.1	 19.9	 68.9	 51.9	 16.7	 0.272	16.798	 4.773
  531.8	 46.7	 56.9	 24.5	 19.1	 20.0	 69.0	 52.0	 16.7	 0.274	16.655	 4.773
  532.9	 46.7	 57.0	 24.3	 19.1	 20.0	 69.0	 52.0	 16.7	 0.273	16.860	 4.773
  534.0	 46.8	 57.0	 24.1	 19.1	 20.1	 69.1	 52.1	 16.8	 0.273	16.635	 4.794
  536.0	 46.8	 57.0	 24.1	 19.1	 20.1	 69.2	 52.1	 16.8	 0.279	16.860	 4.794
  537.0	 46.9	 57.1	 24.3	 19.2	 20.0	 69.2	 52.1	 16.8	 0.275	16.655	 4.794
  538.0	 46.9	 57.1	 24.4	 19.1	 20.1	 69.3	 52.2	 16.8	 0.276	16.655	 4.773
  539.1	 46.9	 57.1	 24.3	 19.2	 20.1	 69.3	 52.2	 16.9	 0.274	16.819	 4.794
  540.1	 46.9	 57.1	 24.4	 19.1	 20.2	 69.5	 52.3	 17.0	 0.277	16.696	 4.794
  541.3	 47.0	 57.2	 24.7	 19.2	 20.2	 69.4	 52.4	 17.0	 0.276	16.880	 4.814
  543.4	 47.1	 57.3	 24.3	 19.1	 20.2	 69.4	 52.4	 17.0	 0.274	16.798	 4.814
  545.4	 47.1	 57.3	 24.3	 19.1	 20.2	 69.5	 52.5	 17.1	 0.277	16.778	 4.834
  546.3	 47.1	 57.4	 24.2	 19.1	 20.2	 69.6	 52.4	 17.0	 0.285	16.778	 4.834
  547.3	 47.1	 57.4	 24.1	 19.1	 20.2	 69.6	 52.4	 17.1	 0.285	17.023	 4.834
  548.3	 47.2	 57.4	 24.1	 19.1	 20.2	 69.7	 52.5	 17.1	 0.278	16.962	 4.834
  549.3	 47.2	 57.5	 24.1	 19.1	 20.2	 69.8	 52.5	 17.1	 0.277	16.798	 4.855
  550.3	 47.2	 57.5	 24.1	 19.1	 20.1	 69.8	 52.5	 17.2	 0.278	16.982	 4.834
  551.4	 47.2	 57.5	 24.2	 19.1	 20.1	 69.8	 52.5	 17.2	 0.274	16.921	 4.855
  553.0	 47.3	 57.6	 24.2	 19.1	 20.1	 69.9	 52.5	 17.2	 0.283	17.126	 4.855
  554.4	 47.3	 57.6	 24.2	 19.1	 20.1	 70.0	 52.6	 17.2	 0.277	17.064	 4.855
  555.3	 47.3	 57.6	 24.2	 19.1	 20.1	 70.1	 52.6	 17.2	 0.276	17.044	 4.855
  556.2	 47.4	 57.7	 24.4	 19.1	 20.1	 70.1	 52.7	 17.2	 0.279	17.105	 4.855
  557.1	 47.4	 57.7	 24.3	 19.1	 20.1	 70.1	 52.7	 17.3	 0.283	16.982	 4.875
  558.1	 47.4	 57.7	 24.3	 19.2	 20.1	 70.2	 52.7	 17.3	 0.278	17.126	 4.875
  559.0	 47.5	 57.8	 24.2	 19.2	 20.1	 70.2	 52.8	 17.3	 0.288	17.126	 4.875
  560.0	 47.5	 57.8	 24.5	 19.2	 20.1	 70.1	 52.8	 17.4	 0.285	16.942	 4.875
  560.9	 47.5	 57.8	 24.7	 19.3	 20.1	 70.3	 52.9	 17.4	 0.278	17.023	 4.896
  561.8	 47.5	 57.8	 24.4	 19.3	 20.1	 70.3	 52.9	 17.5	 0.286	16.982	 4.875
  562.8	 47.5	 57.9	 24.5	 19.3	 20.1	 70.3	 52.9	 17.5	 0.274	17.105	 4.875
  563.7	 47.6	 57.9	 24.6	 19.3	 20.1	 70.3	 53.0	 17.5	 0.276	17.228	 4.896
  564.6	 47.7	 57.9	 24.7	 19.4	 20.1	 70.5	 53.0	 17.5	 0.281	17.003	 4.896
  565.5	 47.7	 58.0	 24.6	 19.4	 20.1	 70.5	 53.0	 17.6	 0.276	17.044	 4.916
  566.4	 47.7	 58.0	 24.7	 19.4	 20.0	 70.5	 53.1	 17.6	 0.281	17.126	 4.896
  567.3	 47.7	 58.0	 24.5	 19.4	 20.0	 70.6	 53.1	 17.6	 0.270	17.207	 4.896
  568.2	 47.8	 58.1	 24.6	 19.5	 19.9	 70.5	 53.1	 17.6	 0.280	17.207	 4.896
  569.1	 47.8	 58.1	 24.6	 19.5	 19.8	 70.6	 53.1	 17.6	 0.280	17.228	 4.875
  570.0	 47.8	 58.1	 24.5	 19.5	 19.6	 70.6	 53.1	 17.6	 0.290	17.064	 4.875
  571.0	 47.8	 58.1	 24.4	 19.6	 19.5	 70.7	 53.1	 17.7	 0.271	17.207	 4.875
  571.9	 47.8	 58.2	 24.3	 19.5	 19.4	 70.8	 53.2	 17.7	 0.286	17.085	 4.875
  572.8	 47.8	 58.2	 24.4	 19.5	 19.2	 70.8	 53.2	 17.8	 0.279	17.044	 4.896
  573.7	 47.8	 58.2	 24.6	 19.5	 19.0	 70.8	 53.3	 17.8	 0.276	17.289	 4.916
  574.6	 47.8	 58.2	 24.8	 19.5	 18.9	 70.9	 53.3	 17.9	 0.283	17.351	 4.916
  575.5	 47.8	 58.2	 24.9	 19.5	 18.7	 71.0	 53.4	 17.9	 0.275	17.187	 4.916
  576.4	 47.9	 58.3	 25.1	 19.6	 18.5	 71.0	 53.4	 17.9	 0.280	17.310	 4.916
  577.3	 47.9	 58.3	 25.1	 19.6	 18.4	 70.9	 53.4	 17.9	 0.278	17.248	 4.916
  578.2	 47.9	 58.3	 25.0	 19.6	 18.0	 70.9	 53.4	 17.9	 0.274	17.064	 4.916
  579.1	 48.0	 58.3	 25.0	 19.6	 17.8	 71.0	 53.4	 18.0	 0.278	17.126	 4.916
  580.0	 48.0	 58.3	 24.9	 19.5	 17.3	 71.0	 53.5	 18.0	 0.277	17.330	 4.916
  581.0	 48.0	 58.3	 24.9	 19.6	 16.9	 71.0	 53.5	 18.1	 0.273	17.351	 5.018
  581.9	 48.0	 58.4	 24.6	 19.5	 16.4	 71.0	 53.6	 18.1	 0.285	17.146	 4.916
  582.8	 48.0	 58.4	 24.4	 19.6	 16.4	 71.0	 53.6	 18.1	 0.280	17.228	 4.896
  583.7	 48.0	 58.4	 24.4	 19.6	 16.4	 71.1	 53.6	 18.2	 0.277	17.392	 4.916
  584.6	 48.1	 58.4	 24.3	 19.6	 16.3	 71.2	 53.7	 18.2	 0.282	17.392	 4.916
  585.5	 48.1	 58.4	 24.2	 19.6	 16.2	 71.2	 53.7	 18.2	 0.282	17.187	 5.018
  586.5	 48.1	 58.4	 24.4	 19.6	 16.2	 71.2	 53.7	 18.2	 0.279	17.310	 5.059
  587.4	 48.1	 58.5	 24.6	 19.5	 16.2	 71.2	 53.7	 18.2	 0.278	17.167	 4.916
  588.3	 48.1	 58.5	 24.4	 19.6	 16.1	 71.2	 53.7	 18.2	 0.278	17.289	 5.039
  589.2	 48.1	 58.5	 24.4	 19.6	 16.1	 71.3	 53.7	 18.2	 0.281	17.432	 4.855
  590.1	 48.2	 58.5	 24.4	 19.6	 16.1	 71.3	 53.8	 18.2	 0.280	17.453	 4.834
  591.0	 48.2	 58.6	 24.3	 19.6	 16.1	 71.3	 53.9	 18.2	 0.276	17.494	 4.855
  591.9	 48.3	 58.6	 24.6	 19.6	 16.1	 71.2	 53.9	 18.2	 0.276	17.330	 4.834
  592.8	 48.3	 58.6	 24.7	 19.6	 16.0	 71.3	 53.9	 18.1	 0.279	17.228	 4.855
  593.7	 48.3	 58.6	 25.0	 19.6	 16.0	 71.3	 53.9	 18.2	 0.276	17.330	 4.855
  594.6	 48.3	 58.6	 24.9	 19.6	 15.9	 71.3	 53.9	 18.2	 0.273	17.351	 4.875
  595.6	 48.3	 58.7	 24.9	 19.6	 15.9	 71.3	 53.9	 18.2	 0.284	17.289	 4.875
  596.5	 48.4	 58.7	 24.4	 19.6	 15.9	 71.3	 53.9	 18.2	 0.277	17.432	 4.875
  597.4	 48.4	 58.7	 24.3	 19.6	 15.9	 71.3	 53.9	 18.1	 0.275	17.412	 4.896
  598.3	 48.4	 58.7	 24.3	 19.5	 15.9	 71.2	 53.8	 18.1	 0.276	17.351	 4.896
  599.3	 48.4	 58.7	 24.3	 19.5	 15.8	 71.0	 53.9	 18.1	 0.281	17.514	 4.875
  600.2	 48.5	 58.8	 24.5	 19.5	 15.8	 71.0	 53.8	 18.1	 0.274	17.514	 4.875
  601.1	 48.5	 58.8	 24.5	 19.5	 15.8	 71.0	 53.9	 18.0	 0.281	17.576	 4.875
  602.1	 48.5	 58.8	 24.6	 19.5	 15.8	 71.0	 53.8	 18.0	 0.276	17.412	 4.875
  603.0	 48.6	 58.9	 24.5	 19.5	 15.8	 71.0	 53.8	 18.0	 0.279	17.678	 4.875
  603.9	 48.6	 58.9	 24.2	 19.5	 15.8	 70.9	 53.8	 17.9	 0.278	17.473	 4.896
  604.9	 48.6	 58.9	 24.2	 19.4	 15.8	 70.8	 53.8	 17.9	 0.279	17.514	 4.875
  605.8	 48.6	 59.0	 24.1	 19.4	 15.8	 70.8	 53.8	 17.9	 0.279	17.698	 4.855
  606.8	 48.6	 59.0	 24.1	 19.4	 15.8	 70.8	 53.7	 17.9	 0.281	17.514	 4.875
  607.7	 48.6	 59.0	 24.2	 19.4	 15.8	 70.8	 53.7	 17.8	 0.283	17.678	 4.875
  608.7	 48.7	 59.1	 24.1	 19.4	 15.8	 70.8	 53.7	 17.8	 0.278	17.494	 4.875
  609.6	 48.7	 59.1	 23.8	 19.4	 15.7	 70.7	 53.6	 17.8	 0.276	17.657	 4.855
  610.5	 48.7	 59.1	 23.9	 19.3	 15.7	 70.7	 53.6	 17.7	 0.282	17.555	 4.855
  611.5	 48.7	 59.2	 23.9	 19.3	 15.7	 70.7	 53.6	 17.7	 0.279	17.657	 4.875
  612.4	 48.8	 59.2	 23.8	 19.3	 15.6	 70.8	 53.6	 17.7	 0.272	17.739	 4.855
  613.3	 48.8	 59.3	 24.0	 19.3	 15.6	 70.8	 53.6	 17.7	 0.280	17.657	 4.875
  614.2	 48.9	 59.3	 24.0	 19.3	 15.7	 70.8	 53.6	 17.6	 0.278	17.780	 4.875
  615.2	 48.9	 59.3	 24.1	 19.3	 15.7	 70.8	 53.6	 17.6	 0.283	17.637	 4.855
  616.1	 48.9	 59.3	 24.3	 19.3	 15.7	 70.8	 53.6	 17.5	 0.278	17.821	 4.855
  617.0	 48.9	 59.4	 24.4	 19.3	 15.7	 70.8	 53.5	 17.5	 0.274	17.657	 4.855
  618.0	 49.0	 59.4	 24.4	 19.3	 15.8	 70.8	 53.5	 17.5	 0.279	17.821	 4.855
  618.9	 49.0	 59.4	 24.3	 19.2	 15.9	 70.9	 53.5	 17.4	 0.277	17.596	 4.855
  619.8	 49.0	 59.4	 24.2	 19.2	 15.9	 70.9	 53.5	 17.4	 0.278	17.862	 4.834
  620.7	 49.0	 59.4	 24.2	 19.2	 16.0	 71.0	 53.5	 17.4	 0.278	17.576	 4.834
  621.7	 49.0	 59.5	 24.1	 19.2	 16.1	 71.1	 53.5	 17.4	 0.277	17.862	 4.834
  622.6	 49.1	 59.5	 24.1	 19.2	 16.2	 71.0	 53.5	 17.3	 0.279	17.678	 4.834
  623.5	 49.1	 59.6	 24.0	 19.1	 16.4	 71.0	 53.5	 17.3	 0.275	17.862	 4.814
  624.5	 49.1	 59.6	 24.0	 19.0	 16.4	 71.1	 53.5	 17.3	 0.278	17.657	 4.814
  625.4	 49.1	 59.6	 24.3	 19.0	 16.6	 71.2	 53.5	 17.2	 0.277	17.862	 4.794
  626.3	 49.2	 59.6	 24.2	 19.0	 16.7	 71.3	 53.5	 17.2	 0.287	17.637	 4.814
  627.2	 49.2	 59.7	 24.1	 19.0	 16.8	 71.3	 53.5	 17.2	 0.279	17.637	 4.814
  628.2	 49.2	 59.6	 23.8	 19.0	 16.9	 71.5	 53.5	 17.2	 0.276	17.903	 4.794
  629.1	 49.2	 59.6	 23.8	 18.9	 17.1	 71.5	 53.5	 17.1	 0.286	17.903	 4.794
  630.0	 49.2	 59.7	 23.8	 18.9	 17.1	 71.6	 53.5	 17.1	 0.280	17.698	 4.794
  631.0	 49.3	 59.7	 24.1	 18.9	 17.3	 71.7	 53.5	 17.1	 0.288	17.903	 4.773
  631.9	 49.3	 59.7	 24.2	 18.9	 17.3	 71.7	 53.5	 17.0	 0.281	17.842	 4.773
  632.8	 49.3	 59.7	 24.3	 19.0	 17.5	 71.8	 53.5	 17.0	 0.278	17.821	 4.773
  633.8	 49.3	 59.7	 24.3	 18.9	 17.6	 71.8	 53.6	 17.0	 0.279	17.903	 4.753
  634.7	 49.4	 59.8	 24.2	 19.0	 17.6	 71.9	 53.6	 16.9	 0.270	17.801	 4.753
  635.6	 49.4	 59.8	 23.9	 18.9	 17.7	 72.0	 53.6	 16.9	 0.283	17.821	 4.753
  636.5	 49.5	 59.8	 24.1	 18.9	 17.8	 72.1	 53.6	 16.9	 0.279	17.862	 4.794
  637.4	 49.5	 59.8	 24.2	 18.9	 17.9	 72.2	 53.7	 16.9	 0.276	17.719	 4.773
  638.3	 49.5	 59.8	 24.0	 18.9	 18.0	 72.3	 53.7	 16.9	 0.281	17.678	 4.753
  639.2	 49.5	 59.9	 23.7	 18.9	 18.1	 72.3	 53.7	 16.9	 0.275	17.964	 4.753
  640.1	 49.6	 59.9	 23.5	 18.9	 18.2	 72.4	 53.7	 16.9	 0.273	17.882	 4.773
  641.0	 49.6	 59.9	 23.4	 18.9	 18.2	 72.4	 53.8	 16.9	 0.273	17.882	 4.753
  641.9	 49.6	 59.9	 23.9	 18.9	 18.4	 72.5	 53.8	 16.9	 0.287	17.678	 4.753
  642.8	 49.6	 59.8	 24.3	 18.9	 18.4	 72.5	 53.9	 16.9	 0.275	17.719	 4.753
  643.7	 49.6	 59.9	 24.6	 18.9	 18.5	 72.5	 53.9	 16.9	 0.288	17.780	 4.753
  644.6	 49.6	 59.9	 24.8	 18.9	 18.5	 72.6	 54.0	 16.9	 0.283	17.944	 4.773
  645.5	 49.6	 59.9	 24.9	 18.9	 18.7	 72.6	 54.0	 16.9	 0.276	17.882	 4.773
  646.4	 49.7	 59.9	 24.9	 18.9	 18.7	 72.7	 54.1	 16.9	 0.278	17.862	 4.753
  647.3	 49.7	 60.0	 24.7	 18.9	 18.8	 72.8	 54.1	 16.9	 0.273	18.005	 4.773
  648.2	 49.7	 60.0	 24.6	 18.9	 18.8	 72.8	 54.2	 16.9	 0.275	18.046	 4.753
  649.1	 49.8	 60.0	 24.2	 19.0	 18.9	 72.9	 54.2	 16.9	 0.286	17.862	 4.773
  650.0	 49.8	 60.0	 24.0	 19.0	 19.0	 72.9	 54.3	 16.9	 0.274	17.903	 4.773
  650.9	 49.8	 60.0	 24.2	 19.0	 19.0	 72.9	 54.3	 16.9	 0.269	17.923	 4.773
  651.8	 49.8	 60.0	 24.7	 19.0	 19.1	 73.0	 54.4	 16.9	 0.281	17.780	 4.773
  652.7	 49.8	 60.0	 24.8	 19.0	 19.1	 73.0	 54.4	 16.9	 0.274	17.780	 4.773
  653.6	 49.8	 60.0	 24.9	 19.0	 19.2	 73.0	 54.5	 17.0	 0.284	17.903	 4.855
  654.5	 49.8	 60.1	 24.8	 19.0	 19.2	 73.0	 54.5	 17.0	 0.274	17.964	 4.794
  655.4	 49.8	 60.1	 24.9	 19.0	 19.3	 73.1	 54.6	 17.1	 0.279	17.985	 4.794
  656.3	 49.9	 60.1	 24.9	 19.0	 19.3	 73.1	 54.6	 17.1	 0.273	17.780	 4.794
  657.2	 49.9	 60.1	 24.8	 19.1	 19.3	 73.2	 54.7	 17.1	 0.277	17.801	 4.814
  658.1	 49.9	 60.1	 24.4	 19.1	 19.4	 73.2	 54.7	 17.1	 0.285	17.821	 4.814
  659.0	 49.9	 60.1	 24.4	 19.1	 19.4	 73.3	 54.7	 17.1	 0.274	17.985	 4.794
  659.9	 49.9	 60.2	 24.7	 19.1	 19.5	 73.3	 54.7	 17.1	 0.278	17.964	 4.834
  660.8	 50.0	 60.2	 24.9	 19.2	 19.5	 73.3	 54.8	 17.2	 0.280	17.903	 4.834
  661.6	 50.0	 60.2	 24.4	 19.2	 19.6	 73.4	 54.9	 17.2	 0.269	18.107	 4.834
  662.5	 50.0	 60.2	 24.6	 19.2	 19.6	 73.4	 54.9	 17.2	 0.282	17.903	 4.834
  663.4	 50.1	 60.3	 24.4	 19.2	 19.6	 73.5	 54.9	 17.2	 0.279	18.087	 4.834
  664.3	 50.1	 60.3	 24.5	 19.2	 19.6	 73.6	 55.0	 17.2	 0.277	17.882	 4.834
  665.1	 50.1	 60.3	 24.3	 19.2	 19.7	 73.6	 55.0	 17.3	 0.273	17.985	 4.855
  666.0	 50.1	 60.3	 24.0	 19.2	 19.7	 73.6	 55.1	 17.3	 0.281	18.169	 4.834
  666.9	 50.1	 60.3	 24.1	 19.2	 19.7	 73.5	 55.1	 17.3	 0.284	17.944	 4.855
  667.8	 50.2	 60.4	 24.3	 19.2	 19.7	 73.6	 55.1	 17.4	 0.281	17.923	 4.855
  668.7	 50.2	 60.4	 24.3	 19.2	 19.7	 73.5	 55.1	 17.3	 0.277	17.944	 4.855
  669.5	 50.2	 60.4	 24.6	 19.2	 19.7	 73.5	 55.2	 17.4	 0.275	18.026	 4.875
  670.4	 50.2	 60.4	 24.4	 19.2	 19.8	 73.6	 55.2	 17.4	 0.273	18.026	 5.018
  671.3	 50.3	 60.5	 24.5	 19.2	 19.8	 73.6	 55.2	 17.4	 0.274	17.964	 4.875
  672.2	 50.3	 60.5	 24.5	 19.2	 19.8	 73.7	 55.3	 17.4	 0.276	18.128	 4.875
  673.1	 50.3	 60.5	 24.6	 19.2	 19.8	 73.7	 55.3	 17.4	 0.277	18.066	 4.875
  673.9	 50.4	 60.5	 24.6	 19.2	 19.8	 73.8	 55.3	 17.4	 0.267	18.169	 4.977
  674.8	 50.4	 60.6	 24.2	 19.3	 19.8	 73.9	 55.3	 17.5	 0.281	18.087	 4.875
  675.7	 50.4	 60.6	 24.3	 19.2	 19.8	 73.9	 55.4	 17.5	 0.278	17.985	 4.875
  676.6	 50.4	 60.6	 24.1	 19.3	 19.9	 74.0	 55.4	 17.5	 0.275	18.271	 4.875
  677.5	 50.4	 60.6	 24.4	 19.3	 19.9	 74.0	 55.4	 17.6	 0.281	18.026	 4.916
  678.4	 50.5	 60.6	 24.0	 19.3	 19.9	 74.0	 55.4	 17.6	 0.282	18.210	 4.896
  679.2	 50.5	 60.6	 24.3	 19.3	 19.9	 74.0	 55.4	 17.6	 0.280	18.128	 4.875
  680.2	 50.5	 60.7	 24.4	 19.3	 19.9	 74.0	 55.5	 17.6	 0.269	18.148	 4.896
  681.0	 50.6	 60.7	 24.6	 19.3	 19.9	 74.1	 55.5	 17.7	 0.267	18.373	 4.896
  681.9	 50.6	 60.7	 24.4	 19.3	 19.9	 74.1	 55.6	 17.7	 0.278	18.066	 4.896
  682.8	 50.6	 60.7	 24.1	 19.3	 19.9	 74.2	 55.6	 17.7	 0.285	18.353	 5.039
  683.7	 50.6	 60.8	 23.8	 19.4	 19.8	 74.2	 55.6	 17.7	 0.276	18.107	 4.896
  684.6	 50.7	 60.8	 23.9	 19.4	 19.8	 74.2	 55.8	 17.8	 0.274	18.291	 5.018
  685.5	 50.7	 60.8	 23.7	 19.4	 19.7	 74.2	 55.8	 17.8	 0.284	18.169	 4.896
  686.4	 50.7	 60.9	 23.6	 19.4	 19.6	 74.3	 55.9	 17.8	 0.270	18.271	 4.896
  687.3	 50.7	 60.9	 23.5	 19.4	 19.6	 74.2	 55.9	 17.9	 0.284	18.312	 4.875
  688.2	 50.7	 60.9	 23.7	 19.4	 19.4	 74.2	 56.0	 17.9	 0.284	18.414	 4.896
  689.1	 50.7	 60.9	 24.0	 19.4	 19.2	 74.2	 56.0	 17.9	 0.283	18.169	 4.896
  690.1	 50.7	 60.9	 23.7	 19.4	 18.9	 74.3	 56.0	 18.0	 0.283	18.291	 4.916
  691.2	 50.8	 61.0	 23.9	 19.4	 18.6	 74.5	 56.2	 18.1	 0.286	18.189	 4.937
  693.2	 50.8	 61.0	 24.4	 19.4	 18.4	 74.4	 56.2	 18.1	 0.276	18.271	 4.937
  694.2	 50.9	 61.0	 24.1	 19.5	 18.3	 74.5	 56.3	 18.2	 0.288	18.332	 4.937
  695.3	 50.9	 61.1	 24.0	 19.5	 18.0	 74.6	 56.3	 18.2	 0.276	18.455	 4.937
  696.4	 51.0	 61.1	 24.1	 19.5	 17.6	 74.6	 56.3	 18.2	 0.280	18.414	 5.080
  698.4	 51.0	 61.2	 24.6	 19.6	 17.1	 74.7	 56.4	 18.3	 0.277	18.455	 4.937
  699.3	 51.0	 61.2	 24.3	 19.6	 16.7	 74.8	 56.4	 18.3	 0.275	18.312	 4.957
  700.2	 51.0	 61.2	 23.9	 19.6	 16.5	 74.8	 56.4	 18.3	 0.278	18.394	 4.957
  701.2	 51.1	 61.2	 24.1	 19.6	 16.4	 74.9	 56.4	 18.4	 0.268	18.516	 4.937
  702.3	 51.1	 61.3	 24.5	 19.6	 16.4	 74.9	 56.4	 18.3	 0.280	18.291	 4.937
  703.4	 51.1	 61.3	 24.6	 19.7	 16.5	 74.9	 56.5	 18.4	 0.277	18.414	 4.896
  705.5	 51.2	 61.4	 24.8	 19.7	 16.5	 75.0	 56.5	 18.4	 0.278	18.476	 4.896
  707.6	 51.2	 61.4	 24.4	 19.7	 16.5	 75.0	 56.5	 18.4	 0.276	18.557	 4.916
  708.6	 51.2	 61.4	 24.7	 19.7	 16.3	 75.1	 56.5	 18.4	 0.275	18.476	 4.916
  710.7	 51.2	 61.4	 24.8	 19.7	 16.3	 75.1	 56.5	 18.4	 0.274	18.414	 4.937
  711.8	 51.3	 61.5	 24.5	 19.6	 16.3	 75.1	 56.5	 18.4	 0.275	18.639	 4.916
  712.8	 51.3	 61.5	 24.2	 19.6	 16.3	 75.1	 56.5	 18.4	 0.283	18.373	 4.916
  713.8	 51.3	 61.5	 24.2	 19.6	 16.3	 75.0	 56.5	 18.4	 0.278	18.578	 4.916
  714.8	 51.4	 61.6	 24.1	 19.6	 16.3	 75.0	 56.5	 18.4	 0.269	18.660	 4.916
  715.8	 51.4	 61.6	 24.3	 19.6	 16.2	 75.0	 56.4	 18.3	 0.272	18.598	 4.916
  716.8	 51.4	 61.6	 24.5	 19.7	 16.2	 75.0	 56.4	 18.3	 0.271	18.762	 4.916
  717.7	 51.4	 61.7	 24.0	 19.6	 16.2	 74.9	 56.4	 18.2	 0.279	18.660	 4.916
  718.7	 51.5	 61.7	 23.9	 19.6	 16.2	 74.8	 56.4	 18.2	 0.279	18.578	 5.039
  719.6	 51.4	 61.7	 24.0	 19.6	 16.2	 74.9	 56.4	 18.2	 0.285	18.578	 4.896
  720.6	 51.5	 61.8	 24.0	 19.6	 16.2	 74.8	 56.3	 18.2	 0.278	18.782	 4.896
  721.6	 51.5	 61.8	 23.8	 19.6	 16.2	 74.8	 56.3	 18.1	 0.271	18.782	 4.896
  722.5	 51.6	 61.8	 24.0	 19.6	 16.1	 74.7	 56.3	 18.1	 0.278	18.823	 4.896
  723.4	 51.6	 61.9	 24.6	 19.5	 16.1	 74.8	 56.2	 18.1	 0.270	18.844	 4.916
  724.4	 51.6	 61.9	 24.7	 19.5	 16.1	 74.7	 56.2	 18.0	 0.270	18.823	 4.916
  725.3	 51.6	 61.9	 24.7	 19.5	 16.1	 74.8	 56.2	 18.0	 0.283	18.741	 4.916
  726.2	 51.6	 61.9	 24.4	 19.5	 16.1	 74.8	 56.1	 18.0	 0.279	18.639	 4.916
  727.2	 51.6	 62.0	 24.3	 19.4	 16.1	 74.8	 56.1	 18.0	 0.272	18.660	 4.916
  728.1	 51.6	 62.0	 24.2	 19.4	 16.1	 74.8	 56.1	 17.9	 0.276	18.741	 4.916
  729.0	 51.6	 62.0	 24.3	 19.4	 16.1	 74.7	 56.1	 17.9	 0.275	18.823	 4.916
  730.0	 51.6	 62.0	 24.8	 19.4	 16.1	 74.8	 56.1	 17.9	 0.279	18.864	 4.896
  730.9	 51.6	 62.0	 24.6	 19.3	 16.2	 74.7	 56.0	 17.8	 0.277	18.966	 4.896
  731.9	 51.7	 62.1	 24.2	 19.3	 16.2	 74.8	 56.0	 17.8	 0.271	18.823	 4.896
  732.8	 51.7	 62.1	 24.1	 19.3	 16.3	 74.9	 56.0	 17.7	 0.277	18.905	 4.916
  733.7	 51.7	 62.1	 24.0	 19.3	 16.4	 74.9	 56.0	 17.7	 0.278	18.966	 4.875
  734.7	 51.8	 62.1	 24.2	 19.3	 16.5	 75.0	 56.0	 17.7	 0.281	18.803	 4.896
  735.6	 51.8	 62.1	 24.4	 19.3	 16.6	 75.0	 55.9	 17.6	 0.278	18.885	 4.875
  736.5	 51.8	 62.2	 24.7	 19.2	 16.7	 75.1	 55.9	 17.6	 0.275	18.966	 4.855
  737.5	 51.8	 62.2	 24.5	 19.2	 16.9	 75.1	 55.9	 17.5	 0.275	18.864	 4.855
  738.4	 51.9	 62.2	 24.1	 19.2	 17.0	 75.1	 55.9	 17.5	 0.272	18.885	 4.855
  739.4	 51.9	 62.2	 23.8	 19.2	 17.2	 75.2	 55.8	 17.5	 0.281	18.803	 4.855
  740.3	 52.0	 62.3	 23.7	 19.2	 17.3	 75.3	 55.8	 17.4	 0.280	18.782	 4.834
  741.2	 52.0	 62.3	 23.6	 19.1	 17.5	 75.3	 55.9	 17.4	 0.276	18.864	 4.834
  742.2	 52.0	 62.3	 23.6	 19.1	 17.6	 75.4	 55.9	 17.4	 0.281	18.844	 4.834
  743.1	 52.0	 62.3	 23.6	 19.1	 17.8	 75.4	 55.8	 17.3	 0.286	18.803	 4.834
  744.1	 52.0	 62.4	 23.7	 19.1	 17.8	 75.5	 55.8	 17.3	 0.277	19.028	 4.834
  745.0	 52.0	 62.4	 23.8	 19.1	 18.0	 75.6	 55.8	 17.2	 0.277	18.926	 4.834
  745.9	 52.0	 62.4	 24.1	 19.1	 18.0	 75.6	 55.8	 17.2	 0.276	18.823	 4.814
  746.9	 52.0	 62.4	 23.8	 19.1	 18.2	 75.6	 55.8	 17.2	 0.272	19.089	 4.814
  747.8	 52.0	 62.4	 23.9	 19.2	 18.3	 75.8	 55.8	 17.2	 0.274	18.966	 4.814
  748.8	 52.0	 62.4	 23.9	 19.2	 18.4	 75.8	 55.8	 17.2	 0.272	19.007	 4.814
  749.7	 52.0	 62.4	 24.2	 19.2	 18.5	 75.9	 55.8	 17.2	 0.281	18.864	 4.834
  750.6	 52.0	 62.5	 24.0	 19.2	 18.6	 75.9	 55.9	 17.2	 0.268	18.946	 4.814
  751.6	 52.0	 62.5	 24.3	 19.2	 18.7	 75.9	 55.9	 17.2	 0.272	19.110	 4.814
  752.5	 52.0	 62.5	 24.3	 19.2	 18.8	 76.0	 56.0	 17.2	 0.289	18.885	 4.834
  753.4	 52.0	 62.5	 24.4	 19.2	 18.9	 76.1	 56.1	 17.2	 0.275	18.885	 4.814
  754.3	 52.0	 62.5	 23.9	 19.2	 19.0	 76.1	 56.1	 17.2	 0.276	19.048	 4.814
  755.2	 52.0	 62.5	 23.8	 19.2	 19.1	 76.2	 56.1	 17.2	 0.284	19.007	 4.814
  756.1	 52.0	 62.5	 23.6	 19.2	 19.1	 76.3	 56.2	 17.3	 0.284	18.803	 4.814
  757.0	 52.0	 62.5	 23.6	 19.3	 19.2	 76.3	 56.3	 17.3	 0.272	18.966	 4.814
  757.9	 51.9	 62.5	 23.8	 19.3	 19.3	 76.4	 56.3	 17.3	 0.280	19.110	 4.834
  758.8	 51.9	 62.5	 23.9	 19.3	 19.4	 76.4	 56.4	 17.3	 0.276	18.762	 4.834
  759.8	 51.9	 62.5	 24.0	 19.4	 19.4	 76.5	 56.4	 17.3	 0.269	18.864	 4.834
  760.7	 51.9	 62.5	 24.3	 19.4	 19.5	 76.5	 56.5	 17.3	 0.279	18.844	 4.834
  761.6	 51.8	 62.5	 24.6	 19.4	 19.5	 76.5	 56.6	 17.4	 0.282	19.028	 4.834
  762.5	 51.9	 62.4	 25.1	 19.5	 19.6	 76.5	 56.7	 17.3	 0.275	18.966	 4.834
  763.4	 51.8	 62.4	 25.3	 19.5	 19.6	 76.5	 56.7	 17.4	 0.277	19.028	 4.834
  764.3	 51.8	 62.4	 25.2	 19.5	 19.7	 76.5	 56.7	 17.4	 0.277	19.089	 4.855
  765.2	 51.7	 62.4	 25.1	 19.5	 19.7	 76.6	 56.8	 17.4	 0.275	18.782	 4.875
  766.1	 51.7	 62.4	 25.3	 19.6	 19.7	 76.6	 56.8	 17.4	 0.279	18.803	 4.875
  767.0	 51.7	 62.4	 25.1	 19.6	 19.8	 76.7	 56.9	 17.5	 0.276	18.966	 4.875
  767.8	 51.7	 62.4	 25.2	 19.6	 19.9	 76.7	 57.0	 17.5	 0.276	18.905	 4.855
  768.7	 51.7	 62.4	 25.4	 19.6	 19.9	 76.7	 57.0	 17.5	 0.277	18.844	 4.875
  769.6	 51.7	 62.4	 25.4	 19.6	 19.9	 76.7	 57.1	 17.6	 0.277	18.905	 4.896
  770.5	 51.7	 62.4	 25.4	 19.6	 20.0	 76.7	 57.1	 17.6	 0.276	18.885	 4.896
  771.4	 51.7	 62.4	 24.9	 19.6	 20.0	 76.7	 57.2	 17.6	 0.278	19.007	 4.896
  772.4	 51.6	 62.4	 24.7	 19.6	 20.0	 76.7	 57.2	 17.7	 0.270	18.987	 4.896
  773.3	 51.6	 62.4	 24.9	 19.6	 20.1	 76.8	 57.3	 17.7	 0.274	19.048	 4.916
  774.2	 51.5	 62.4	 24.8	 19.6	 20.1	 76.8	 57.3	 17.7	 0.279	19.089	 4.916
  775.1	 51.5	 62.3	 24.7	 19.6	 20.2	 76.8	 57.4	 17.7	 0.284	19.110	 4.916
  776.0	 51.5	 62.3	 24.4	 19.6	 20.1	 76.8	 57.4	 17.7	 0.279	18.844	 4.916
  776.9	 51.5	 62.3	 23.8	 19.7	 20.2	 76.8	 57.4	 17.7	 0.267	18.885	 4.896
  777.9	 51.5	 62.3	 23.8	 19.7	 20.2	 76.8	 57.4	 17.7	 0.276	19.089	 4.916
  778.8	 51.5	 62.3	 23.8	 19.7	 20.2	 76.8	 57.4	 17.8	 0.285	18.823	 4.916
  779.7	 51.5	 62.3	 23.9	 19.7	 20.3	 76.9	 57.5	 17.8	 0.275	18.885	 4.937
  780.6	 51.4	 62.3	 23.8	 19.7	 20.3	 76.9	 57.5	 17.8	 0.271	19.048	 4.937
  781.6	 51.4	 62.3	 23.7	 19.7	 20.3	 76.9	 57.5	 17.8	 0.277	18.844	 4.957
  782.5	 51.4	 62.3	 23.8	 19.7	 20.3	 76.9	 57.6	 17.9	 0.277	18.905	 4.937
  783.4	 51.4	 62.3	 23.7	 19.7	 20.4	 76.9	 57.6	 17.9	 0.282	18.782	 4.937
  784.4	 51.4	 62.2	 24.0	 19.7	 20.4	 76.9	 57.6	 17.9	 0.266	18.803	 5.080
  785.3	 51.3	 62.2	 24.1	 19.7	 20.4	 76.9	 57.6	 18.0	 0.270	18.905	 4.957
  786.2	 51.3	 62.2	 23.9	 19.7	 20.4	 76.9	 57.6	 18.0	 0.270	18.966	 4.957
  787.2	 51.3	 62.3	 23.6	 19.7	 20.4	 76.9	 57.7	 18.0	 0.281	19.028	 4.957
  788.1	 51.3	 62.2	 23.7	 19.7	 20.4	 76.9	 57.7	 18.1	 0.276	19.069	 4.957
  789.1	 51.3	 62.2	 23.5	 19.7	 20.4	 76.9	 57.7	 18.1	 0.279	18.926	 4.977
  790.0	 51.3	 62.2	 23.5	 19.7	 20.4	 76.9	 57.8	 18.1	 0.280	18.823	 4.977
  790.9	 51.2	 62.2	 23.4	 19.7	 20.4	 76.9	 57.8	 18.1	 0.272	18.966	 4.977
  791.8	 51.2	 62.2	 23.4	 19.7	 20.3	 76.9	 57.8	 18.1	 0.272	19.048	 4.977
  792.7	 51.2	 62.2	 23.4	 19.7	 20.3	 76.9	 57.8	 18.2	 0.270	18.966	 4.957
  793.6	 51.2	 62.2	 23.4	 19.7	 20.3	 76.8	 57.8	 18.2	 0.278	18.926	 4.977
  794.5	 51.2	 62.2	 23.3	 19.8	 20.1	 76.8	 57.9	 18.2	 0.273	18.782	 4.977
  795.4	 51.2	 62.2	 23.4	 19.8	 20.1	 76.8	 57.9	 18.2	 0.282	19.028	 4.977
  796.3	 51.2	 62.2	 23.4	 19.8	 20.0	 76.8	 57.9	 18.3	 0.280	18.762	 4.977
  797.2	 51.2	 62.2	 23.5	 19.8	 19.9	 76.8	 57.9	 18.3	 0.282	19.048	 4.977
  798.2	 51.2	 62.2	 23.5	 19.9	 19.8	 76.8	 57.9	 18.3	 0.276	18.741	 4.977
  799.1	 51.2	 62.2	 23.6	 19.8	 19.6	 76.7	 57.9	 18.4	 0.278	19.028	 4.977
  800.0	 51.1	 62.1	 23.6	 19.8	 19.5	 76.8	 57.9	 18.4	 0.284	18.926	 4.998
  800.9	 51.1	 62.1	 23.5	 19.9	 19.2	 76.9	 57.9	 18.4	 0.276	19.028	 4.998
  801.8	 51.1	 62.1	 23.5	 19.9	 19.1	 76.9	 57.9	 18.4	 0.280	18.864	 5.018
  802.7	 51.1	 62.1	 23.4	 19.9	 18.9	 76.9	 57.9	 18.5	 0.274	19.028	 5.018
  803.6	 51.1	 62.1	 23.5	 19.9	 18.9	 77.0	 58.0	 18.5	 0.271	18.782	 5.018
  804.5	 51.1	 62.1	 24.2	 19.9	 18.8	 77.0	 58.0	 18.5	 0.278	19.028	 5.018
  805.4	 51.1	 62.1	 24.4	 19.9	 18.7	 77.0	 58.1	 18.6	 0.271	18.864	 5.018
  806.3	 51.1	 62.1	 25.0	 19.9	 18.6	 77.0	 58.1	 18.6	 0.275	19.007	 5.039
  807.2	 51.1	 62.1	 24.8	 19.9	 18.3	 76.9	 58.1	 18.6	 0.280	18.864	 5.039
  808.1	 51.0	 62.1	 24.3	 19.9	 18.1	 76.8	 58.1	 18.7	 0.280	18.844	 5.018
  809.0	 51.0	 62.1	 24.3	 20.0	 17.5	 76.7	 58.1	 18.7	 0.279	18.844	 5.039
  810.0	 51.0	 62.1	 24.8	 19.9	 17.3	 76.7	 58.1	 18.7	 0.276	19.007	 5.018
  810.9	 51.0	 62.1	 24.2	 20.0	 17.0	 76.8	 58.1	 18.8	 0.278	18.885	 5.018
  811.8	 51.0	 62.1	 24.0	 19.9	 16.9	 76.7	 58.2	 18.8	 0.276	18.782	 5.018
  812.7	 50.9	 62.1	 24.5	 20.0	 16.8	 76.8	 58.2	 18.8	 0.274	18.885	 5.039
  813.6	 50.9	 62.1	 24.4	 20.0	 16.7	 76.8	 58.2	 18.8	 0.281	18.741	 5.039
  814.5	 50.9	 62.1	 24.2	 20.0	 16.7	 76.8	 58.2	 18.8	 0.275	18.966	 5.018
  815.4	 50.9	 62.1	 23.9	 20.0	 16.7	 76.8	 58.2	 18.8	 0.281	18.966	 5.018
  816.3	 50.9	 62.1	 23.9	 20.1	 16.6	 76.8	 58.2	 18.8	 0.273	18.966	 4.977
  817.2	 50.9	 62.1	 24.0	 20.1	 16.6	 76.8	 58.1	 18.8	 0.266	18.966	 4.977
  818.1	 50.9	 62.1	 23.8	 20.1	 16.6	 76.8	 58.1	 18.8	 0.273	18.966	 4.998
  819.0	 50.9	 62.1	 24.1	 20.1	 16.6	 76.8	 58.1	 18.7	 0.272	18.701	 4.998
  819.9	 50.9	 62.1	 24.0	 20.1	 16.6	 76.9	 58.1	 18.7	 0.270	19.028	 4.998
  821.0	 50.9	 62.0	 24.2	 20.1	 16.5	 76.9	 58.1	 18.7	 0.265	18.741	 4.977
  821.9	 50.8	 62.0	 24.3	 20.2	 16.4	 76.9	 58.0	 18.7	 0.275	18.721	 4.998
  822.9	 50.8	 62.0	 24.8	 20.1	 16.5	 76.9	 58.0	 18.7	 0.280	18.762	 4.998
  823.8	 50.8	 62.0	 24.7	 20.2	 16.5	 76.9	 58.0	 18.7	 0.270	18.762	 4.998
  824.8	 50.8	 62.0	 25.2	 20.1	 16.5	 76.9	 57.9	 18.6	 0.280	18.741	 4.998
  825.7	 50.8	 62.0	 25.4	 20.0	 16.4	 76.9	 57.9	 18.6	 0.271	18.803	 4.998
  826.6	 50.8	 62.0	 25.6	 20.1	 16.4	 76.9	 57.9	 18.6	 0.278	18.782	 4.977
  827.6	 50.8	 62.0	 25.4	 20.1	 16.4	 76.9	 57.9	 18.6	 0.276	18.741	 4.998
  828.5	 50.8	 62.0	 25.7	 20.1	 16.4	 76.9	 57.9	 18.6	 0.270	18.823	 5.120
  829.4	 50.7	 62.0	 25.3	 20.1	 16.4	 76.9	 57.9	 18.6	 0.271	18.885	 4.957
  830.4	 50.8	 62.0	 25.0	 20.1	 16.3	 76.8	 57.8	 18.5	 0.280	18.966	 4.977
  831.3	 50.8	 62.0	 25.1	 20.0	 16.3	 76.7	 57.7	 18.5	 0.271	19.007	 4.998
  832.2	 50.7	 62.0	 24.8	 20.0	 16.2	 76.7	 57.7	 18.4	 0.273	18.987	 4.977
  833.2	 50.7	 62.0	 25.1	 20.0	 16.2	 76.6	 57.6	 18.4	 0.282	18.946	 4.977
  834.1	 50.7	 62.0	 24.9	 20.0	 16.2	 76.6	 57.6	 18.3	 0.271	19.069	 4.977
  835.1	 50.6	 62.0	 25.3	 20.0	 16.2	 76.5	 57.5	 18.3	 0.281	18.966	 4.957
  836.0	 50.6	 62.0	 25.5	 19.9	 16.2	 76.5	 57.5	 18.3	 0.283	18.926	 4.977
  836.9	 50.6	 61.9	 25.5	 19.9	 16.2	 76.5	 57.4	 18.2	 0.273	19.069	 4.977
  837.9	 50.6	 61.9	 25.2	 19.9	 16.2	 76.5	 57.4	 18.2	 0.272	19.069	 4.977
  838.8	 50.6	 61.9	 25.1	 19.9	 16.2	 76.6	 57.3	 18.2	 0.279	18.926	 4.957
  839.7	 50.6	 62.0	 25.1	 19.8	 16.2	 76.5	 57.3	 18.1	 0.271	18.803	 4.977
  840.7	 50.6	 61.9	 24.8	 19.8	 16.2	 76.6	 57.2	 18.1	 0.277	18.782	 4.957
  841.6	 50.5	 61.9	 25.1	 19.8	 16.2	 76.5	 57.2	 18.0	 0.266	18.987	 4.937
  842.6	 50.5	 62.0	 24.9	 19.9	 16.3	 76.5	 57.1	 18.0	 0.265	18.782	 5.018
  843.5	 50.5	 61.9	 25.1	 19.8	 16.5	 76.5	 57.1	 17.9	 0.269	18.782	 4.937
  844.4	 50.5	 61.9	 25.3	 19.8	 16.6	 76.4	 57.1	 17.9	 0.275	18.823	 4.937
  845.4	 50.5	 61.9	 25.5	 19.7	 16.9	 76.4	 57.0	 17.8	 0.270	18.905	 4.916
  846.3	 50.5	 61.9	 25.4	 19.7	 17.0	 76.5	 57.0	 17.8	 0.278	19.007	 4.916
  847.2	 50.5	 61.9	 25.3	 19.7	 17.2	 76.5	 56.9	 17.7	 0.279	19.069	 4.896
  848.2	 50.5	 61.9	 25.3	 19.7	 17.3	 76.5	 56.9	 17.7	 0.267	18.987	 4.896
  849.1	 50.5	 61.9	 25.1	 19.7	 17.5	 76.6	 56.9	 17.7	 0.278	18.823	 4.896
  850.1	 50.5	 61.9	 25.4	 19.8	 17.7	 76.6	 56.8	 17.6	 0.276	18.721	 4.896
  851.0	 50.4	 61.8	 25.6	 19.7	 17.8	 76.6	 56.8	 17.6	 0.273	18.721	 4.896
  851.9	 50.4	 61.8	 25.3	 19.7	 18.0	 76.6	 56.8	 17.6	 0.275	18.885	 4.875
  852.9	 50.4	 61.8	 25.5	 19.6	 18.1	 76.7	 56.8	 17.6	 0.280	18.680	 4.875
  853.8	 50.4	 61.8	 25.5	 19.6	 18.3	 76.7	 56.8	 17.5	 0.270	18.701	 4.875
  854.7	 50.4	 61.8	 25.5	 19.6	 18.4	 76.8	 56.7	 17.5	 0.276	18.660	 4.855
  855.6	 50.4	 61.7	 25.3	 19.6	 18.6	 76.8	 56.7	 17.4	 0.279	18.803	 4.855
  856.5	 50.4	 61.7	 25.5	 19.6	 18.7	 76.9	 56.7	 17.4	 0.269	18.966	 4.875
  857.5	 50.4	 61.7	 25.4	 19.6	 18.8	 76.9	 56.8	 17.4	 0.273	18.619	 4.855
  858.4	 50.4	 61.7	 24.9	 19.5	 18.9	 76.9	 56.8	 17.4	 0.272	18.721	 4.855
  859.3	 50.3	 61.7	 24.5	 19.5	 19.1	 76.9	 56.8	 17.4	 0.277	18.660	 4.855
  860.2	 50.3	 61.6	 24.7	 19.6	 19.2	 76.9	 56.8	 17.4	 0.269	18.680	 4.855
  861.1	 50.3	 61.6	 24.0	 19.6	 19.3	 76.9	 56.9	 17.4	 0.280	18.844	 4.855
  862.0	 50.3	 61.6	 23.8	 19.6	 19.4	 77.0	 56.9	 17.4	 0.271	18.680	 4.855
  862.9	 50.3	 61.6	 23.7	 19.6	 19.4	 77.0	 56.9	 17.5	 0.271	18.844	 4.855
  863.8	 50.3	 61.6	 23.6	 19.7	 19.6	 77.0	 57.0	 17.5	 0.278	18.639	 4.834
  864.7	 50.3	 61.6	 23.7	 19.7	 19.6	 77.0	 57.0	 17.5	 0.275	18.782	 4.834
  865.6	 50.3	 61.6	 23.9	 19.8	 19.7	 77.0	 57.1	 17.5	 0.274	18.619	 4.855
  866.5	 50.3	 61.5	 23.7	 19.8	 19.8	 77.0	 57.1	 17.6	 0.281	18.578	 4.855
  867.5	 50.3	 61.5	 23.6	 19.9	 19.9	 77.0	 57.1	 17.6	 0.273	18.516	 4.855
  868.4	 50.3	 61.5	 23.6	 19.9	 19.9	 77.1	 57.2	 17.6	 0.278	18.598	 4.896
  869.3	 50.3	 61.5	 24.1	 19.9	 20.0	 77.1	 57.2	 17.6	 0.269	18.516	 4.875
  870.2	 50.2	 61.5	 24.1	 19.9	 20.1	 77.1	 57.3	 17.6	 0.280	18.598	 4.896
  871.1	 50.2	 61.4	 24.0	 19.9	 20.1	 77.1	 57.3	 17.6	 0.274	18.701	 4.875
  872.0	 50.2	 61.4	 23.8	 20.0	 20.2	 77.1	 57.4	 17.6	 0.276	18.578	 4.896
  872.9	 50.2	 61.4	 24.3	 20.0	 20.2	 77.1	 57.5	 17.7	 0.274	18.701	 4.896
  873.8	 50.2	 61.4	 23.9	 20.0	 20.3	 77.1	 57.5	 17.7	 0.282	18.557	 4.896
  874.7	 50.2	 61.4	 24.4	 20.0	 20.4	 77.1	 57.5	 17.7	 0.274	18.701	 4.896
  875.6	 50.2	 61.3	 24.2	 20.1	 20.4	 77.1	 57.5	 17.8	 0.270	18.557	 4.916
  876.5	 50.2	 61.3	 24.2	 20.0	 20.4	 77.1	 57.6	 17.8	 0.276	18.476	 4.937
  877.4	 50.2	 61.3	 24.6	 20.1	 20.5	 77.1	 57.6	 17.8	 0.278	18.557	 4.937
  878.3	 50.1	 61.3	 24.2	 20.1	 20.5	 77.1	 57.6	 17.8	 0.271	18.476	 4.916
  879.2	 50.1	 61.3	 24.6	 20.1	 20.5	 77.1	 57.6	 17.9	 0.276	18.496	 4.937
  880.1	 50.1	 61.3	 25.1	 20.1	 20.6	 77.1	 57.6	 17.9	 0.273	18.537	 4.957
  881.1	 50.1	 61.3	 25.5	 20.1	 20.6	 77.1	 57.6	 18.0	 0.279	18.721	 4.957
  882.0	 50.1	 61.3	 25.3	 20.1	 20.6	 77.1	 57.6	 18.0	 0.283	18.516	 4.957
  882.9	 50.1	 61.3	 25.2	 20.1	 20.7	 77.2	 57.7	 18.0	 0.278	18.701	 4.957
  883.8	 50.1	 61.3	 24.8	 20.1	 20.7	 77.2	 57.7	 18.0	 0.278	18.537	 4.957
  884.7	 50.1	 61.3	 25.1	 20.1	 20.7	 77.1	 57.7	 18.0	 0.281	18.660	 4.937
  885.6	 50.1	 61.2	 25.2	 20.2	 20.8	 77.1	 57.7	 18.1	 0.270	18.476	 5.018
  886.5	 50.1	 61.2	 25.3	 20.2	 20.8	 77.1	 57.7	 18.1	 0.270	18.537	 4.977
  887.4	 50.0	 61.2	 24.9	 20.1	 20.8	 77.1	 57.7	 18.1	 0.272	18.476	 4.977
  888.3	 50.0	 61.2	 24.7	 20.1	 20.8	 77.1	 57.7	 18.1	 0.278	18.516	 4.977
  889.2	 50.0	 61.2	 24.7	 20.1	 20.8	 77.1	 57.8	 18.2	 0.278	18.455	 5.059
  890.1	 50.0	 61.2	 24.7	 20.1	 20.8	 77.1	 57.8	 18.2	 0.271	18.557	 4.977
  891.0	 49.9	 61.2	 24.4	 20.1	 20.9	 77.1	 57.9	 18.2	 0.281	18.414	 4.998
  891.9	 50.0	 61.2	 24.4	 20.1	 20.9	 77.0	 57.9	 18.2	 0.273	18.598	 4.998
  892.9	 50.0	 61.2	 24.3	 20.2	 20.9	 77.0	 57.9	 18.3	 0.280	18.414	 4.998
  893.8	 49.9	 61.1	 25.0	 20.1	 20.9	 77.0	 57.9	 18.3	 0.277	18.598	 4.998
  894.7	 49.9	 61.1	 25.3	 20.1	 20.9	 77.0	 57.9	 18.3	 0.275	18.414	 4.998
  895.6	 49.9	 61.1	 25.3	 20.1	 20.9	 76.9	 57.9	 18.4	 0.280	18.578	 5.018
  896.5	 49.9	 61.1	 25.0	 20.1	 20.9	 76.9	 57.9	 18.4	 0.277	18.639	 5.018
  897.4	 49.9	 61.1	 24.6	 20.1	 20.9	 77.0	 57.9	 18.4	 0.279	18.660	 5.018
  898.3	 49.9	 61.1	 24.6	 20.2	 20.9	 77.0	 57.9	 18.4	 0.271	18.660	 5.161
  899.2	 49.9	 61.1	 25.0	 20.1	 20.9	 77.0	 57.9	 18.5	 0.280	18.537	 5.039
  900.1	 49.9	 61.1	 25.3	 20.1	 20.8	 76.9	 57.9	 18.5	 0.278	18.680	 5.018
  901.0	 49.8	 61.1	 25.6	 20.2	 20.8	 76.9	 57.9	 18.6	 0.269	18.741	 5.018
  902.0	 49.8	 61.1	 25.8	 20.2	 20.7	 76.9	 57.9	 18.6	 0.271	18.537	 5.039
  902.9	 49.8	 61.1	 25.9	 20.2	 20.6	 76.9	 57.9	 18.6	 0.281	18.701	 5.018
  903.8	 49.8	 61.1	 25.7	 20.2	 20.6	 76.9	 57.9	 18.6	 0.274	18.578	 5.018
  904.7	 49.8	 61.1	 25.2	 20.3	 20.4	 76.9	 57.9	 18.7	 0.274	18.373	 5.039
  905.6	 49.8	 61.1	 25.4	 20.3	 20.4	 77.0	 57.9	 18.8	 0.274	18.496	 5.039
  906.5	 49.8	 61.1	 25.6	 20.3	 20.2	 76.9	 57.9	 18.8	 0.275	18.373	 5.039
  907.4	 49.7	 61.1	 25.7	 20.3	 20.0	 76.9	 57.9	 18.8	 0.277	18.537	 5.039
  908.3	 49.8	 61.0	 25.7	 20.3	 19.7	 76.9	 57.9	 18.9	 0.279	18.332	 5.120
  909.2	 49.7	 61.0	 25.5	 20.2	 19.5	 76.8	 57.9	 18.9	 0.275	18.680	 5.039
  910.1	 49.7	 61.0	 25.5	 20.2	 19.0	 76.8	 57.9	 18.9	 0.279	18.373	 5.039
  911.0	 49.7	 61.0	 25.5	 20.2	 18.7	 76.8	 57.9	 18.9	 0.272	18.598	 5.039
  911.9	 49.7	 61.0	 25.5	 20.2	 18.3	 76.8	 57.9	 19.0	 0.272	18.537	 5.039
  912.8	 49.7	 61.0	 24.6	 20.2	 17.2	 76.8	 57.9	 19.0	 0.275	18.639	 5.059
  913.7	 49.7	 61.0	 24.5	 20.2	 17.0	 76.8	 57.8	 19.0	 0.272	18.476	 5.059
  914.6	 49.7	 61.0	 24.6	 20.2	 16.8	 76.8	 57.8	 19.0	 0.270	18.353	 5.059
  915.6	 49.7	 61.0	 24.3	 20.2	 16.8	 76.8	 57.9	 19.0	 0.276	18.496	 5.080
  916.5	 49.7	 61.0	 24.2	 20.3	 16.7	 76.8	 57.9	 19.1	 0.280	18.353	 5.059
  917.4	 49.7	 61.0	 24.3	 20.3	 16.6	 76.7	 57.9	 19.1	 0.276	18.476	 5.059
  918.3	 49.7	 61.0	 24.6	 20.3	 16.6	 76.7	 57.9	 19.1	 0.280	18.394	 5.059
  919.2	 49.6	 61.0	 24.8	 20.3	 16.6	 76.7	 57.8	 19.1	 0.278	18.639	 5.080
  920.1	 49.6	 61.0	 25.2	 20.3	 16.6	 76.8	 57.8	 19.1	 0.275	18.373	 5.059
  921.0	 49.6	 61.0	 25.1	 20.3	 16.6	 76.8	 57.8	 19.0	 0.279	18.680	 5.059
  921.9	 49.6	 61.0	 25.3	 20.3	 16.5	 76.8	 57.8	 19.0	 0.272	18.537	 5.039
  922.8	 49.6	 61.0	 25.3	 20.3	 16.5	 76.7	 57.7	 19.0	 0.279	18.680	 5.059
  923.7	 49.6	 61.0	 25.2	 20.3	 16.5	 76.7	 57.7	 19.0	 0.280	18.496	 5.039
  924.6	 49.6	 61.0	 25.0	 20.3	 16.6	 76.7	 57.6	 18.9	 0.282	18.353	 5.018
  925.5	 49.6	 61.0	 25.0	 20.3	 16.6	 76.6	 57.6	 18.9	 0.269	18.496	 5.039
  926.4	 49.6	 61.0	 24.9	 20.3	 16.6	 76.7	 57.6	 18.9	 0.283	18.435	 5.018
  927.3	 49.6	 61.0	 24.9	 20.3	 16.6	 76.7	 57.5	 18.9	 0.272	18.455	 5.018
  928.3	 49.6	 61.0	 25.1	 20.2	 16.6	 76.7	 57.5	 18.9	 0.277	18.496	 5.018
  929.2	 49.6	 61.0	 24.9	 20.3	 16.5	 76.7	 57.4	 18.9	 0.270	18.619	 5.018
  930.1	 49.6	 61.0	 24.8	 20.2	 16.5	 76.5	 57.5	 18.9	 0.276	18.496	 5.018
  931.0	 49.6	 61.0	 24.7	 20.2	 16.5	 76.5	 57.4	 18.8	 0.275	18.660	 4.998
  931.9	 49.5	 61.0	 24.8	 20.2	 16.5	 76.6	 57.4	 18.8	 0.268	18.496	 4.998
  932.8	 49.5	 61.0	 25.0	 20.2	 16.4	 76.6	 57.4	 18.8	 0.280	18.598	 4.998
  933.7	 49.5	 60.9	 25.3	 20.1	 16.4	 76.5	 57.3	 18.7	 0.270	18.455	 4.998
  934.6	 49.5	 61.0	 25.2	 20.1	 16.3	 76.5	 57.3	 18.7	 0.282	18.496	 4.998
  935.5	 49.5	 61.0	 25.0	 20.1	 16.3	 76.5	 57.2	 18.7	 0.271	18.455	 4.998
  936.4	 49.5	 61.0	 25.0	 20.1	 16.2	 76.5	 57.2	 18.6	 0.278	18.537	 5.018
  937.3	 49.5	 60.9	 25.1	 20.0	 16.2	 76.5	 57.1	 18.5	 0.279	18.435	 4.998
  938.2	 49.5	 60.9	 25.1	 20.1	 16.2	 76.4	 57.1	 18.5	 0.273	18.578	 4.998
  939.1	 49.5	 61.0	 25.0	 20.1	 16.2	 76.3	 57.1	 18.5	 0.278	18.455	 4.977
  940.1	 49.5	 60.9	 25.1	 20.0	 16.2	 76.2	 57.0	 18.4	 0.275	18.578	 4.977
  941.0	 49.5	 61.0	 25.3	 20.0	 16.2	 76.3	 57.0	 18.4	 0.276	18.414	 4.957
  941.9	 49.5	 61.0	 25.2	 20.0	 16.2	 76.3	 57.0	 18.3	 0.279	18.578	 4.957
  942.9	 49.4	 61.0	 25.2	 20.0	 16.3	 76.4	 56.9	 18.3	 0.281	18.557	 4.957
  943.8	 49.4	 60.9	 25.3	 19.9	 16.4	 76.4	 56.9	 18.2	 0.274	18.373	 4.977
  944.7	 49.4	 60.9	 25.5	 19.9	 16.5	 76.4	 56.8	 18.2	 0.280	18.557	 4.957
  945.6	 49.4	 60.9	 25.4	 19.9	 16.8	 76.4	 56.8	 18.2	 0.278	18.394	 4.957
  946.5	 49.3	 60.9	 25.2	 19.9	 16.9	 76.4	 56.8	 18.1	 0.275	18.639	 4.957
  947.4	 49.4	 60.9	 25.5	 19.9	 17.1	 76.4	 56.8	 18.1	 0.273	18.394	 4.957
  948.3	 49.4	 60.9	 25.3	 19.8	 17.3	 76.4	 56.7	 18.0	 0.278	18.639	 4.957
  949.2	 49.4	 60.9	 25.2	 19.8	 17.5	 76.4	 56.7	 18.0	 0.270	18.353	 4.937
  950.1	 49.4	 60.9	 25.0	 19.8	 17.6	 76.4	 56.7	 18.0	 0.274	18.639	 4.937
  951.0	 49.3	 60.8	 25.6	 19.8	 17.8	 76.5	 56.6	 17.9	 0.273	18.516	 4.916
  951.9	 49.3	 60.9	 25.0	 19.8	 17.9	 76.5	 56.6	 17.9	 0.279	18.598	 4.896
  952.8	 49.3	 60.8	 24.7	 19.8	 18.0	 76.5	 56.6	 17.9	 0.276	18.537	 4.896
  953.8	 49.3	 60.8	 24.8	 19.7	 18.2	 76.5	 56.5	 17.8	 0.275	18.353	 4.896
  954.7	 49.3	 60.8	 25.0	 19.7	 18.4	 76.6	 56.6	 17.8	 0.274	18.455	 4.896
  955.6	 49.3	 60.8	 24.6	 19.6	 18.6	 76.7	 56.6	 17.8	 0.269	18.291	 4.896
  956.5	 49.3	 60.8	 24.5	 19.7	 18.7	 76.7	 56.5	 17.8	 0.282	18.557	 4.875
  957.4	 49.3	 60.8	 24.8	 19.7	 18.8	 76.8	 56.5	 17.8	 0.279	18.312	 4.875
  958.3	 49.3	 60.8	 24.8	 19.6	 18.9	 76.8	 56.5	 17.7	 0.279	18.578	 4.855
  959.2	 49.2	 60.7	 24.8	 19.6	 19.1	 76.8	 56.5	 17.7	 0.275	18.312	 4.855
  960.1	 49.2	 60.7	 24.9	 19.6	 19.2	 76.8	 56.5	 17.7	 0.270	18.578	 4.855
  961.0	 49.2	 60.7	 24.8	 19.6	 19.3	 76.8	 56.6	 17.7	 0.277	18.435	 4.855
  961.9	 49.2	 60.7	 24.4	 19.6	 19.4	 76.8	 56.6	 17.7	 0.274	18.312	 4.875
  962.8	 49.2	 60.7	 24.5	 19.6	 19.4	 76.8	 56.6	 17.7	 0.271	18.476	 4.875
  963.6	 49.2	 60.6	 24.4	 19.6	 19.5	 76.8	 56.6	 17.7	 0.277	18.435	 4.875
  964.5	 49.2	 60.6	 24.5	 19.7	 19.6	 76.9	 56.6	 17.7	 0.278	18.230	 4.875
  965.4	 49.2	 60.6	 24.8	 19.7	 19.7	 76.9	 56.6	 17.7	 0.278	18.332	 4.855
  966.3	 49.2	 60.6	 25.4	 19.7	 19.8	 76.9	 56.7	 17.7	 0.274	18.251	 4.855
  967.2	 49.2	 60.6	 25.5	 19.7	 19.9	 76.9	 56.7	 17.7	 0.275	18.210	 4.875
  968.1	 49.2	 60.5	 25.5	 19.8	 19.9	 76.9	 56.7	 17.7	 0.270	18.169	 4.875
  969.0	 49.2	 60.5	 25.1	 19.8	 20.0	 76.9	 56.8	 17.7	 0.271	18.148	 4.896
  969.9	 49.2	 60.5	 25.6	 19.8	 20.1	 76.9	 56.8	 17.8	 0.281	18.107	 4.896
  970.8	 49.1	 60.5	 25.7	 19.8	 20.1	 77.0	 56.8	 17.7	 0.274	18.107	 4.896
  971.7	 49.1	 60.5	 25.6	 19.9	 20.1	 77.0	 56.9	 17.8	 0.271	18.332	 4.896
  972.6	 49.1	 60.5	 24.8	 19.9	 20.2	 77.0	 56.9	 17.8	 0.279	18.291	 4.916
  973.5	 49.1	 60.5	 25.2	 19.9	 20.2	 77.0	 56.9	 17.8	 0.273	18.169	 4.896
  974.4	 49.1	 60.4	 25.2	 19.9	 20.3	 77.0	 57.0	 17.8	 0.274	18.128	 4.916
  975.3	 49.1	 60.4	 24.9	 19.8	 20.4	 77.0	 57.0	 17.8	 0.277	18.107	 4.916
  976.2	 49.1	 60.4	 24.3	 19.9	 20.4	 76.9	 56.9	 17.9	 0.273	18.169	 4.937
  977.1	 49.1	 60.4	 24.3	 19.9	 20.5	 76.8	 57.0	 17.9	 0.270	18.271	 4.916
  978.0	 49.1	 60.4	 24.6	 19.9	 20.5	 76.9	 57.0	 17.9	 0.270	18.230	 4.937
  979.0	 49.1	 60.4	 24.9	 20.0	 20.5	 76.9	 57.0	 17.9	 0.271	18.312	 4.937
  979.9	 49.1	 60.3	 25.0	 20.0	 20.5	 76.9	 57.0	 17.9	 0.274	18.414	 4.957
  980.8	 49.1	 60.4	 25.1	 20.0	 20.5	 76.9	 57.0	 18.0	 0.276	18.312	 4.957
  981.8	 49.1	 60.4	 25.1	 20.1	 20.6	 76.8	 57.0	 18.0	 0.273	18.169	 4.957
  982.7	 49.1	 60.4	 24.9	 20.1	 20.6	 76.8	 57.1	 18.0	 0.279	18.107	 4.957
  983.6	 49.1	 60.4	 24.6	 20.0	 20.7	 76.9	 57.1	 18.1	 0.270	18.291	 4.977
  984.5	 49.0	 60.3	 24.4	 20.1	 20.7	 76.9	 57.1	 18.1	 0.277	18.189	 4.957
  985.3	 49.0	 60.3	 24.4	 20.1	 20.7	 76.9	 57.1	 18.1	 0.271	18.169	 4.977
  986.2	 49.0	 60.3	 24.2	 20.1	 20.7	 76.9	 57.1	 18.2	 0.273	18.066	 4.977
  987.1	 49.0	 60.3	 24.1	 20.1	 20.8	 76.9	 57.1	 18.2	 0.276	18.353	 4.977
  988.0	 49.0	 60.4	 24.2	 20.1	 20.8	 76.9	 57.1	 18.2	 0.279	18.353	 4.957
  988.9	 49.0	 60.3	 24.1	 20.1	 20.8	 76.9	 57.2	 18.2	 0.273	18.230	 4.977
  989.8	 49.0	 60.3	 24.3	 20.0	 20.8	 77.0	 57.2	 18.3	 0.279	18.128	 4.977
  990.7	 49.0	 60.3	 24.9	 20.0	 20.9	 77.0	 57.2	 18.3	 0.274	18.210	 4.998
  991.7	 49.0	 60.3	 25.0	 20.0	 20.9	 77.0	 57.2	 18.3	 0.271	18.210	 4.998
  992.6	 49.0	 60.3	 25.0	 20.0	 20.9	 77.0	 57.2	 18.4	 0.270	18.148	 4.998
  993.5	 48.9	 60.3	 24.5	 20.0	 20.9	 77.0	 57.2	 18.4	 0.277	18.128	 4.998
  994.4	 48.9	 60.3	 24.1	 20.0	 20.9	 77.0	 57.2	 18.4	 0.277	18.107	 5.018
  995.3	 48.9	 60.3	 24.0	 20.1	 20.9	 76.9	 57.2	 18.4	 0.279	18.189	 5.018
  996.3	 48.9	 60.3	 24.6	 20.1	 20.9	 76.9	 57.2	 18.5	 0.277	18.271	 4.998
  997.2	 48.9	 60.3	 25.2	 20.1	 21.0	 76.9	 57.2	 18.5	 0.274	18.332	 4.998
  998.1	 48.9	 60.3	 24.7	 20.0	 21.0	 76.8	 57.2	 18.5	 0.280	18.291	 5.018
  999.0	 48.9	 60.3	 24.5	 20.0	 20.9	 76.9	 57.2	 18.5	 0.271	18.210	 5.039
  999.9	 48.9	 60.2	 24.3	 20.1	 20.9	 76.9	 57.2	 18.5	 0.272	18.169	 5.039
 1000.8	 48.9	 60.3	 24.0	 20.1	 20.8	 76.9	 57.2	 18.6	 0.276	18.128	 5.018
 1001.8	 48.9	 60.3	 23.8	 20.2	 20.8	 76.9	 57.2	 18.6	 0.269	18.046	 5.039
 1002.7	 48.9	 60.2	 23.6	 20.2	 20.7	 76.9	 57.2	 18.6	 0.280	18.046	 5.018
 1003.6	 48.9	 60.3	 23.6	 20.2	 20.7	 77.0	 57.2	 18.7	 0.279	18.169	 5.018
 1004.5	 48.9	 60.3	 23.6	 20.2	 20.5	 76.9	 57.2	 18.7	 0.276	18.291	 5.018
 1005.5	 48.9	 60.3	 23.6	 20.2	 20.5	 76.9	 57.2	 18.7	 0.271	18.332	 5.018
 1006.4	 48.9	 60.2	 23.8	 20.3	 20.4	 76.9	 57.3	 18.8	 0.278	18.251	 4.998
 1007.3	 48.9	 60.3	 24.5	 20.3	 20.2	 77.0	 57.3	 18.8	 0.272	18.189	 5.059
 1008.2	 48.8	 60.2	 24.7	 20.3	 20.0	 77.0	 57.3	 18.9	 0.276	18.169	 5.018
 1009.1	 48.8	 60.2	 24.6	 20.3	 19.8	 77.0	 57.3	 18.9	 0.272	18.087	 5.039
 1010.1	 48.8	 60.2	 25.0	 20.3	 19.6	 77.0	 57.3	 19.0	 0.282	18.107	 5.039
 1011.0	 48.8	 60.2	 24.9	 20.2	 19.1	 76.9	 57.3	 19.0	 0.276	18.026	 5.039
 1011.9	 48.8	 60.2	 24.7	 20.2	 18.9	 76.9	 57.3	 19.0	 0.275	18.046	 5.039
 1012.8	 48.8	 60.2	 24.1	 20.2	 18.5	 76.8	 57.3	 19.0	 0.271	18.353	 5.161
 1013.8	 48.8	 60.2	 23.9	 20.2	 18.1	 76.8	 57.2	 19.0	 0.277	18.251	 5.039
 1014.7	 48.8	 60.1	 23.8	 20.2	 17.2	 76.7	 57.3	 19.1	 0.280	18.251	 5.039
 1015.6	 48.8	 60.2	 23.5	 20.2	 17.0	 76.7	 57.2	 19.1	 0.276	18.271	 5.059
 1016.5	 48.7	 60.1	 23.7	 20.2	 16.9	 76.7	 57.3	 19.1	 0.289	18.230	 5.059
 1017.5	 48.7	 60.1	 23.8	 20.2	 16.9	 76.8	 57.2	 19.2	 0.283	18.087	 5.059
 1018.4	 48.7	 60.1	 24.2	 20.3	 16.8	 76.8	 57.2	 19.2	 0.281	18.251	 5.059
 1019.4	 48.7	 60.1	 24.3	 20.3	 16.8	 76.8	 57.2	 19.2	 0.277	18.169	 5.039
 1020.3	 48.7	 60.1	 24.4	 20.3	 16.6	 76.8	 57.2	 19.1	 0.277	18.107	 5.059
 1021.3	 48.7	 60.1	 24.2	 20.3	 16.6	 76.8	 57.2	 19.1	 0.275	18.107	 5.039
 1022.2	 48.7	 60.1	 24.2	 20.2	 16.6	 76.7	 57.2	 19.1	 0.281	18.230	 5.039
 1023.1	 48.7	 60.1	 24.4	 20.3	 16.6	 76.7	 57.1	 19.1	 0.280	18.087	 5.059
 1024.1	 48.7	 60.2	 24.6	 20.3	 16.6	 76.7	 57.1	 19.1	 0.274	18.189	 5.018
 1025.0	 48.7	 60.1	 24.3	 20.3	 16.6	 76.7	 57.1	 19.0	 0.282	18.066	 5.018
 1025.9	 48.7	 60.1	 24.6	 20.3	 16.6	 76.6	 57.0	 19.0	 0.279	18.169	 5.018
 1026.8	 48.7	 60.1	 24.7	 20.2	 16.6	 76.6	 56.9	 18.9	 0.269	18.230	 5.018
 1027.8	 48.7	 60.1	 25.0	 20.2	 16.6	 76.5	 56.9	 18.9	 0.270	18.169	 5.018
 1028.7	 48.7	 60.2	 25.0	 20.3	 16.5	 76.5	 56.9	 18.9	 0.277	18.128	 5.018
 1029.6	 48.7	 60.2	 24.4	 20.3	 16.5	 76.5	 56.9	 18.9	 0.283	18.087	 5.018
 1030.5	 48.7	 60.1	 24.2	 20.3	 16.5	 76.5	 56.8	 18.9	 0.278	18.271	 4.998
 1031.4	 48.7	 60.2	 23.8	 20.3	 16.4	 76.4	 56.8	 18.8	 0.275	18.353	 4.998
 1032.4	 48.6	 60.1	 23.6	 20.3	 16.4	 76.4	 56.8	 18.8	 0.274	18.210	 5.018
 1033.3	 48.6	 60.1	 23.6	 20.3	 16.4	 76.4	 56.7	 18.8	 0.280	18.107	 4.998
 1034.2	 48.6	 60.2	 24.2	 20.4	 16.4	 76.4	 56.7	 18.7	 0.277	18.189	 4.998
 1035.1	 48.7	 60.2	 24.9	 20.2	 16.4	 76.3	 56.6	 18.7	 0.270	18.230	 4.998
