# Run number 02 on Tue May 21 14:51:38 2019
# time	TA	TB	TC	TD	T1	T2	T3	T4	DP	P2	P1
    1.3	 42.3	 42.3	 24.5	 23.1	 29.4	 48.8	 39.3	 23.9	 0.139	10.457	 6.611
    1.4	 42.3	 42.3	 24.5	 23.1	 29.4	 48.8	 39.3	 23.9	 0.136	10.457	 6.611
    2.2	 42.3	 42.3	 24.5	 23.1	 29.4	 48.7	 39.3	 23.9	 0.142	10.457	 6.631
    3.0	 42.4	 42.3	 24.5	 23.1	 29.4	 48.7	 39.3	 23.9	 0.134	10.436	 6.631
    3.7	 42.4	 42.3	 24.5	 23.1	 29.4	 48.7	 39.3	 23.9	 0.136	10.395	 6.631
    4.5	 42.4	 42.3	 24.5	 23.1	 29.4	 48.6	 39.2	 23.9	 0.138	10.416	 6.631
    5.3	 42.4	 42.3	 24.5	 23.2	 29.6	 48.6	 39.2	 23.9	 0.130	 8.064	 7.407
    6.0	 42.4	 42.3	 24.6	 23.3	 30.1	 48.5	 39.2	 23.9	 0.132	 8.227	 7.979
    6.8	 42.4	 42.3	 24.6	 23.4	 30.5	 48.4	 39.2	 24.0	 0.125	 8.227	 8.081
    7.6	 42.4	 42.0	 24.7	 23.4	 30.8	 48.4	 39.1	 24.0	 0.127	 8.105	 8.041
    8.3	 42.3	 41.6	 24.7	 23.3	 30.9	 48.3	 39.1	 24.0	 0.130	 8.002	 7.938
    9.1	 42.4	 41.2	 24.9	 23.2	 30.9	 48.3	 39.1	 24.2	 0.136	 7.962	 7.877
    9.8	 42.4	 40.8	 24.9	 23.2	 30.8	 48.2	 39.0	 24.3	 0.134	 7.859	 7.816
   10.6	 42.3	 40.5	 25.2	 23.1	 30.7	 48.2	 39.0	 24.4	 0.134	 7.737	 7.755
   11.4	 42.3	 39.7	 25.3	 23.1	 30.5	 48.2	 39.0	 24.5	 0.143	 7.696	 7.714
   12.2	 42.3	 39.3	 25.5	 23.0	 30.4	 48.1	 38.9	 24.8	 0.136	 7.634	 7.652
   12.9	 42.3	 39.0	 25.6	 23.0	 30.3	 48.1	 38.9	 24.9	 0.138	 7.593	 7.612
   13.7	 42.3	 38.9	 25.8	 23.0	 30.2	 48.1	 38.8	 25.0	 0.131	 7.573	 7.571
   14.4	 42.3	 38.8	 25.9	 23.0	 30.2	 48.0	 38.8	 25.1	 0.134	 7.552	 7.571
   15.2	 42.3	 38.8	 25.9	 22.9	 30.1	 48.0	 38.7	 25.3	 0.134	 7.532	 7.550
   16.0	 42.3	 38.9	 25.7	 23.0	 30.1	 48.0	 38.7	 25.5	 0.135	 7.532	 7.550
   16.7	 42.3	 39.0	 25.5	 22.9	 30.1	 47.9	 38.6	 25.6	 0.135	 7.532	 7.550
   17.5	 42.3	 39.1	 25.6	 23.0	 30.1	 47.8	 38.6	 25.7	 0.121	 7.552	 7.550
   18.3	 42.3	 39.4	 25.3	 23.0	 30.0	 47.8	 38.5	 25.8	 0.136	 7.532	 7.571
   19.0	 42.3	 39.6	 25.4	 23.0	 30.1	 47.8	 38.5	 26.1	 0.131	 7.552	 7.591
   19.8	 42.3	 39.8	 25.5	 23.0	 30.1	 47.8	 38.5	 26.2	 0.139	 7.552	 7.571
   20.6	 42.3	 39.9	 25.4	 23.0	 30.1	 47.7	 38.4	 26.3	 0.132	 7.552	 7.571
   21.3	 42.3	 40.0	 25.1	 23.0	 30.1	 47.7	 38.4	 26.4	 0.139	 7.573	 7.571
   22.1	 42.3	 40.2	 25.0	 23.0	 30.2	 47.7	 38.4	 26.6	 0.131	 7.573	 7.591
   22.9	 42.3	 40.3	 25.0	 23.0	 30.2	 47.7	 38.3	 26.7	 0.133	 7.573	 7.591
   23.6	 42.3	 40.4	 25.1	 23.0	 30.2	 47.6	 38.3	 26.8	 0.134	 7.655	 7.612
   24.4	 42.3	 40.4	 25.1	 22.9	 30.2	 47.6	 38.1	 26.8	 0.138	 7.593	 7.612
   25.2	 42.3	 40.6	 25.2	 23.0	 30.3	 47.6	 38.1	 26.9	 0.135	 7.593	 7.612
   25.9	 42.3	 40.6	 25.2	 23.0	 30.3	 47.5	 38.0	 27.0	 0.137	 7.593	 7.612
   26.7	 42.3	 40.7	 25.2	 23.0	 30.3	 47.5	 37.9	 27.0	 0.135	 7.593	 7.612
   27.5	 42.3	 40.7	 25.2	 23.0	 30.3	 47.4	 37.9	 27.1	 0.133	 7.593	 7.632
   28.3	 42.2	 40.8	 25.2	 23.1	 30.3	 47.4	 37.8	 27.1	 0.130	 7.614	 7.632
   29.0	 42.2	 40.9	 25.2	 23.2	 30.3	 47.4	 37.8	 27.2	 0.136	 7.614	 7.632
   29.8	 42.2	 40.9	 25.3	 23.4	 30.3	 47.3	 37.7	 27.3	 0.139	 7.614	 7.632
   30.6	 42.1	 41.0	 25.3	 23.4	 30.3	 47.3	 37.6	 27.3	 0.139	 7.614	 7.632
   31.3	 42.1	 41.0	 25.3	 23.3	 30.3	 47.3	 37.6	 27.3	 0.140	 7.614	 7.652
   32.1	 42.1	 41.1	 25.4	 23.3	 30.3	 47.3	 37.5	 27.4	 0.133	 7.614	 7.652
   32.9	 42.0	 41.1	 25.6	 23.3	 30.4	 47.2	 37.5	 27.4	 0.136	 7.634	 7.652
   33.6	 41.9	 41.1	 26.0	 23.1	 30.4	 47.2	 37.5	 27.5	 0.131	 7.737	 7.652
   34.4	 41.9	 41.1	 26.2	 23.1	 30.4	 47.2	 37.4	 27.6	 0.135	 7.634	 7.652
   35.2	 41.9	 41.1	 26.4	 23.1	 30.4	 47.1	 37.4	 27.6	 0.129	 7.634	 7.652
   35.9	 41.9	 41.2	 26.6	 23.0	 30.5	 47.1	 37.3	 27.6	 0.134	 7.634	 7.673
   36.7	 41.8	 41.2	 26.7	 23.1	 30.5	 47.1	 37.3	 27.7	 0.132	 7.634	 7.673
   37.5	 41.7	 41.2	 26.9	 23.1	 30.4	 47.0	 37.2	 27.7	 0.135	 7.655	 7.673
   38.2	 41.6	 41.2	 27.0	 23.0	 30.5	 47.0	 37.1	 27.7	 0.134	 7.655	 7.816
   39.0	 41.6	 41.1	 27.2	 23.0	 30.5	 47.0	 37.1	 27.7	 0.130	 7.655	 7.673
   39.8	 41.6	 41.1	 27.2	 23.0	 30.5	 46.9	 37.1	 27.8	 0.141	 7.655	 7.673
   40.5	 41.6	 41.1	 27.2	 23.0	 30.5	 46.9	 37.1	 27.8	 0.137	 7.655	 7.673
   41.3	 41.6	 41.1	 26.8	 23.0	 30.5	 46.9	 37.1	 27.9	 0.140	 7.655	 7.673
   42.1	 41.5	 41.1	 26.3	 23.0	 30.5	 46.8	 37.0	 27.9	 0.138	 7.655	 7.673
   42.8	 41.5	 41.1	 26.1	 22.9	 30.5	 46.8	 36.9	 27.9	 0.135	 7.716	 7.673
   43.6	 41.4	 41.0	 25.9	 22.9	 30.5	 46.8	 36.9	 27.9	 0.132	 7.655	 7.693
   44.4	 41.4	 41.0	 25.8	 23.0	 30.5	 46.7	 36.9	 27.9	 0.135	 7.655	 7.693
   45.2	 41.3	 41.0	 25.7	 23.0	 30.6	 46.8	 36.9	 28.0	 0.138	 7.655	 7.673
   45.9	 41.3	 41.0	 25.7	 22.9	 30.6	 46.7	 36.8	 28.0	 0.140	 7.675	 7.693
   46.7	 41.3	 40.9	 26.1	 23.0	 30.5	 46.7	 36.8	 28.0	 0.136	 7.675	 7.693
   47.5	 41.2	 40.9	 26.5	 22.9	 30.6	 46.7	 36.8	 28.1	 0.137	 7.675	 7.693
   48.2	 41.2	 40.9	 26.8	 22.9	 30.6	 46.6	 36.7	 28.1	 0.141	 7.675	 7.693
   49.0	 41.2	 40.9	 26.6	 23.0	 30.5	 46.6	 36.6	 28.1	 0.135	 7.675	 7.693
   49.8	 41.2	 40.9	 26.6	 22.9	 30.6	 46.5	 36.6	 28.1	 0.137	 7.675	 7.693
   50.5	 41.2	 40.9	 26.9	 22.9	 30.6	 46.5	 36.6	 28.1	 0.134	 7.675	 7.836
   51.3	 41.2	 40.9	 27.2	 22.9	 30.6	 46.5	 36.6	 28.1	 0.129	 7.675	 7.693
   52.1	 41.2	 40.8	 27.2	 22.9	 30.6	 46.5	 36.6	 28.2	 0.134	 7.675	 7.693
   52.8	 41.1	 40.8	 26.7	 22.9	 30.6	 46.5	 36.6	 28.2	 0.135	 7.675	 7.693
   53.6	 41.1	 40.8	 26.4	 22.9	 30.6	 46.4	 36.5	 28.2	 0.141	 7.675	 7.714
   54.4	 41.0	 40.8	 26.4	 23.0	 30.6	 46.4	 36.5	 28.2	 0.138	 7.696	 7.714
   55.2	 41.0	 40.8	 26.5	 23.0	 30.6	 46.4	 36.5	 28.2	 0.124	 7.675	 7.714
   55.9	 41.0	 40.7	 26.5	 23.0	 30.6	 46.3	 36.4	 28.2	 0.133	 7.696	 7.714
   56.7	 40.9	 40.7	 26.4	 22.9	 30.7	 46.3	 36.4	 28.3	 0.130	 7.696	 7.714
   57.5	 41.0	 40.8	 26.4	 23.0	 30.7	 46.3	 36.4	 28.3	 0.137	 7.696	 7.714
   58.2	 41.0	 40.8	 26.3	 22.9	 30.7	 46.3	 36.4	 28.4	 0.134	 7.696	 7.734
   59.0	 41.0	 40.7	 26.0	 23.0	 30.7	 46.3	 36.3	 28.4	 0.136	 7.696	 7.734
   59.8	 41.0	 40.7	 26.0	 22.9	 30.7	 46.2	 36.3	 28.4	 0.136	 7.675	 7.734
   60.6	 40.9	 40.7	 26.0	 22.9	 30.8	 46.3	 36.3	 28.4	 0.138	 7.818	 7.714
   61.4	 40.8	 40.7	 26.1	 22.9	 30.8	 46.2	 36.3	 28.5	 0.130	 7.716	 7.734
   62.1	 40.8	 40.6	 26.2	 22.9	 30.8	 46.2	 36.3	 28.5	 0.139	 7.696	 7.734
   62.9	 40.7	 40.6	 27.0	 22.9	 30.8	 46.2	 36.2	 28.5	 0.135	 7.696	 7.734
   63.7	 40.7	 40.6	 27.1	 22.9	 30.8	 46.1	 36.1	 28.5	 0.132	 7.696	 7.734
   64.4	 40.7	 40.6	 26.9	 23.0	 30.8	 46.1	 36.1	 28.5	 0.131	 7.716	 7.734
   65.2	 40.7	 40.6	 27.2	 23.0	 30.8	 46.0	 36.1	 28.5	 0.135	 7.696	 7.734
   66.0	 40.7	 40.5	 27.3	 22.9	 30.8	 46.0	 36.0	 28.5	 0.140	 7.696	 7.734
   66.8	 40.7	 40.5	 26.8	 23.5	 30.8	 46.0	 36.0	 28.6	 0.138	 7.696	 7.734
   67.5	 40.7	 40.5	 25.8	 26.5	 30.8	 46.1	 36.0	 28.6	 0.133	 7.696	 7.714
   68.3	 40.6	 40.5	 25.0	 27.7	 30.8	 46.0	 36.0	 28.6	 0.139	 7.675	 7.693
   69.1	 40.6	 40.5	 24.7	 28.2	 30.8	 46.0	 36.0	 28.6	 0.136	 7.634	 7.673
   69.8	 40.6	 40.4	 24.5	 28.3	 30.8	 46.0	 35.9	 28.6	 0.134	 7.593	 7.612
   70.6	 40.6	 40.4	 24.2	 28.3	 30.7	 45.9	 35.8	 28.6	 0.127	 7.532	 7.571
   71.4	 40.5	 40.4	 24.2	 28.2	 30.6	 45.9	 35.7	 28.5	 0.136	 7.491	 7.530
   72.2	 40.5	 40.4	 24.0	 28.1	 30.6	 45.9	 35.6	 28.4	 0.136	 7.450	 7.489
   72.9	 40.5	 40.4	 24.3	 28.0	 30.5	 45.9	 35.5	 28.4	 0.134	 7.409	 7.448
   73.7	 40.5	 40.3	 24.4	 27.9	 30.4	 45.8	 35.5	 28.4	 0.139	 7.368	 7.407
   74.5	 40.4	 40.3	 24.6	 27.7	 30.4	 45.9	 35.4	 28.3	 0.133	 7.450	 7.387
   75.2	 40.4	 40.3	 24.5	 27.6	 30.4	 45.9	 35.4	 28.3	 0.132	 7.307	 7.346
   76.0	 40.4	 40.3	 24.7	 27.5	 30.4	 45.9	 35.3	 28.3	 0.133	 7.266	 7.305
   76.8	 40.4	 40.3	 24.7	 27.4	 30.3	 45.9	 35.2	 28.3	 0.138	 7.246	 7.285
   77.5	 40.3	 40.2	 24.7	 27.2	 30.3	 45.9	 35.2	 28.2	 0.132	 7.205	 7.264
   78.3	 40.3	 40.2	 24.7	 27.1	 30.3	 45.8	 35.1	 28.2	 0.139	 7.184	 7.224
   79.1	 40.3	 40.2	 24.8	 27.1	 30.2	 45.8	 35.1	 28.2	 0.133	 7.164	 7.203
   79.9	 40.3	 40.2	 24.1	 27.0	 30.2	 45.8	 35.0	 28.2	 0.137	 7.143	 7.183
   80.6	 40.3	 40.2	 23.8	 26.9	 30.1	 45.8	 34.9	 28.2	 0.138	 7.102	 7.162
   81.4	 40.3	 40.2	 24.1	 26.8	 30.1	 45.8	 34.8	 28.1	 0.139	 7.102	 7.121
   82.2	 40.2	 40.2	 24.4	 26.8	 30.1	 45.7	 34.8	 28.1	 0.141	 7.082	 7.081
   83.0	 40.2	 40.2	 24.4	 26.6	 30.0	 45.7	 34.7	 28.1	 0.132	 7.062	 7.081
   83.7	 40.2	 40.1	 24.4	 26.6	 30.0	 45.7	 34.6	 28.0	 0.137	 7.041	 7.081
   84.5	 40.2	 40.1	 24.4	 26.5	 30.0	 45.6	 34.6	 28.0	 0.138	 7.021	 7.060
   85.3	 40.1	 40.1	 24.4	 26.5	 29.9	 45.6	 34.5	 27.9	 0.132	 7.000	 7.040
   86.0	 40.1	 40.1	 24.2	 26.4	 29.9	 45.5	 34.5	 27.9	 0.130	 6.980	 7.019
   86.8	 40.1	 40.1	 24.2	 26.4	 29.9	 45.6	 34.4	 27.9	 0.138	 7.082	 6.999
   87.6	 40.0	 40.1	 24.2	 26.3	 29.8	 45.5	 34.3	 27.9	 0.135	 6.939	 6.978
   88.4	 40.0	 40.1	 24.0	 26.2	 29.8	 45.5	 34.3	 27.9	 0.136	 6.939	 6.958
   89.1	 40.0	 40.0	 24.0	 26.1	 29.8	 45.5	 34.3	 27.8	 0.136	 6.918	 6.938
   89.9	 40.0	 40.0	 24.1	 26.1	 29.8	 45.5	 34.2	 27.8	 0.135	 6.980	 6.938
   90.7	 40.0	 40.0	 24.3	 26.1	 29.8	 45.4	 34.2	 27.8	 0.141	 6.878	 6.917
   91.4	 40.0	 40.0	 24.5	 26.0	 29.7	 45.4	 34.1	 27.7	 0.137	 6.878	 6.897
   92.2	 40.0	 39.9	 24.3	 26.0	 29.7	 45.4	 34.1	 27.7	 0.136	 6.857	 6.897
   93.0	 40.0	 39.9	 24.4	 25.9	 29.7	 45.4	 34.0	 27.7	 0.137	 6.857	 6.897
   93.8	 39.9	 39.9	 24.5	 25.9	 29.6	 45.3	 34.0	 27.7	 0.130	 6.837	 6.876
   94.5	 39.8	 39.9	 24.6	 25.9	 29.6	 45.3	 34.0	 27.6	 0.137	 6.837	 6.876
   95.3	 39.8	 39.9	 24.8	 25.8	 29.6	 45.3	 33.9	 27.6	 0.134	 6.816	 6.999
   96.1	 39.8	 39.9	 24.8	 25.8	 29.6	 45.3	 33.9	 27.6	 0.136	 6.816	 6.897
   96.9	 39.8	 39.8	 24.8	 25.8	 29.5	 45.2	 33.8	 27.5	 0.136	 6.775	 6.835
   97.6	 39.8	 39.9	 24.7	 25.8	 29.5	 45.2	 33.7	 27.4	 0.139	 6.796	 6.835
   98.4	 39.7	 39.9	 24.8	 25.7	 29.5	 45.1	 33.7	 27.2	 0.131	 6.775	 6.815
   99.2	 39.8	 39.9	 24.9	 25.7	 29.4	 45.1	 33.6	 27.0	 0.137	 6.775	 6.795
  100.0	 39.7	 39.8	 24.7	 25.7	 29.4	 45.1	 33.5	 26.9	 0.137	 6.775	 6.795
  100.7	 39.8	 39.8	 24.7	 25.7	 29.4	 45.1	 33.4	 26.8	 0.132	 6.755	 6.795
  101.5	 39.8	 39.8	 24.9	 25.6	 29.3	 45.0	 33.3	 26.6	 0.133	 6.755	 6.754
  102.3	 39.7	 39.7	 24.9	 25.5	 29.3	 44.9	 33.2	 26.4	 0.140	 6.734	 6.774
  103.0	 39.7	 39.7	 24.4	 25.5	 29.3	 44.9	 33.1	 26.3	 0.132	 6.734	 6.754
  103.8	 39.7	 39.7	 24.5	 25.5	 29.3	 44.9	 33.0	 26.2	 0.131	 6.734	 6.754
  104.6	 39.7	 39.7	 24.6	 25.5	 29.2	 44.9	 32.9	 26.1	 0.136	 6.714	 6.754
  105.4	 39.6	 39.7	 24.4	 25.4	 29.2	 44.8	 32.8	 26.0	 0.136	 6.714	 6.733
  106.1	 39.7	 39.6	 24.6	 25.4	 29.1	 44.8	 32.8	 25.9	 0.136	 6.714	 6.733
  106.9	 39.6	 39.6	 24.7	 25.4	 29.1	 44.8	 32.7	 25.8	 0.141	 6.693	 6.733
  107.7	 39.6	 39.6	 24.7	 25.3	 29.1	 44.7	 32.6	 25.8	 0.140	 6.693	 6.713
  108.5	 39.6	 39.6	 24.6	 25.3	 29.1	 44.7	 32.6	 25.7	 0.133	 6.693	 6.713
  109.3	 39.6	 39.6	 24.6	 25.3	 29.1	 44.7	 32.5	 25.6	 0.133	 6.673	 6.815
  110.0	 39.5	 39.5	 24.5	 25.3	 29.1	 44.7	 32.4	 25.7	 0.137	 6.673	 6.692
  110.8	 39.5	 39.5	 24.7	 25.3	 29.0	 44.6	 32.3	 25.6	 0.136	 6.673	 6.692
  111.6	 39.5	 39.5	 24.6	 25.2	 29.0	 44.6	 32.2	 25.5	 0.133	 6.673	 6.692
  112.4	 39.4	 39.5	 24.5	 25.2	 29.0	 44.5	 32.1	 25.5	 0.129	 6.653	 6.692
  113.1	 39.4	 39.5	 24.9	 25.2	 28.9	 44.5	 31.9	 25.4	 0.139	 6.653	 6.672
  113.9	 39.4	 39.5	 24.7	 25.2	 28.9	 44.4	 31.8	 25.4	 0.124	 6.632	 6.672
  114.7	 39.4	 39.4	 24.8	 25.2	 28.8	 44.4	 31.7	 25.3	 0.132	 6.653	 6.672
  115.5	 39.3	 39.4	 24.6	 25.1	 28.8	 44.4	 31.6	 25.3	 0.138	 6.632	 6.672
  116.2	 39.3	 39.4	 24.8	 25.1	 28.8	 44.4	 31.5	 25.3	 0.139	 6.612	 6.652
  117.0	 39.3	 39.4	 24.8	 25.0	 28.8	 44.3	 31.4	 25.2	 0.137	 6.632	 6.652
  117.8	 39.3	 39.3	 24.7	 25.0	 28.8	 44.3	 31.3	 25.2	 0.133	 6.632	 6.631
  118.6	 39.3	 39.3	 24.7	 25.0	 28.8	 44.3	 31.1	 25.2	 0.129	 6.714	 6.631
  119.3	 39.3	 39.3	 24.5	 25.1	 28.8	 44.3	 31.1	 25.1	 0.131	 6.612	 6.652
  120.1	 39.3	 39.3	 24.7	 25.1	 28.7	 44.2	 30.9	 25.1	 0.127	 6.612	 6.652
  120.9	 39.2	 39.2	 24.8	 25.0	 28.7	 44.2	 30.8	 25.1	 0.133	 6.612	 6.631
  121.7	 39.2	 39.3	 24.9	 25.0	 28.7	 44.2	 30.7	 25.0	 0.138	 6.612	 6.611
  122.5	 39.2	 39.2	 25.0	 25.0	 28.7	 44.2	 30.6	 25.0	 0.133	 6.612	 6.631
  123.2	 39.2	 39.2	 25.0	 25.0	 28.7	 44.2	 30.4	 25.0	 0.138	 6.612	 6.631
  124.0	 39.2	 39.2	 24.8	 25.0	 28.7	 44.1	 30.3	 25.0	 0.130	 6.591	 6.631
  124.8	 39.2	 39.2	 24.7	 25.0	 28.6	 44.1	 30.3	 24.9	 0.134	 6.591	 6.631
  125.6	 39.1	 39.2	 24.3	 24.9	 28.6	 44.0	 30.2	 24.9	 0.139	 6.591	 6.631
  126.3	 39.1	 39.1	 24.8	 24.9	 28.6	 44.0	 30.0	 24.9	 0.133	 6.591	 6.611
  127.1	 39.1	 39.1	 25.0	 24.9	 28.5	 44.0	 29.9	 24.8	 0.134	 6.591	 6.611
  127.9	 39.1	 39.1	 24.5	 24.9	 28.5	 43.9	 29.9	 24.8	 0.135	 7.696	 6.223
  128.7	 39.0	 39.1	 24.2	 24.9	 28.7	 45.9	 29.7	 24.7	 0.124	 8.575	 6.263
  129.4	 39.0	 39.1	 24.6	 24.9	 28.9	 47.3	 29.6	 24.7	 0.134	 9.475	 6.039
  130.2	 39.0	 39.1	 24.3	 24.8	 28.9	 48.5	 29.9	 24.7	 0.142	10.027	 5.977
  131.0	 39.0	 39.2	 24.2	 24.5	 25.6	 49.4	 30.0	 24.6	 0.135	10.416	 5.814
  131.8	 39.0	 39.2	 24.3	 24.4	 22.6	 50.9	 30.4	 24.5	 0.134	10.600	 5.467
  132.5	 38.9	 39.3	 24.1	 24.2	 21.2	 51.6	 31.0	 24.4	 0.135	10.907	 5.508
  133.3	 38.9	 40.0	 24.1	 24.1	 20.5	 52.2	 32.9	 24.3	 0.137	11.050	 5.589
  134.1	 38.9	 40.4	 24.6	 24.0	 20.3	 52.7	 34.0	 24.2	 0.138	11.132	 5.487
  134.9	 38.9	 40.7	 24.9	 23.9	 20.0	 53.4	 35.1	 24.1	 0.137	11.275	 5.467
  135.7	 38.8	 41.1	 24.7	 23.8	 19.9	 53.7	 36.2	 24.0	 0.133	11.377	 5.548
  136.4	 38.8	 42.0	 24.6	 23.7	 19.7	 54.0	 37.9	 23.9	 0.135	11.541	 5.487
  137.2	 38.8	 42.3	 24.9	 23.6	 19.6	 54.3	 38.6	 23.8	 0.137	11.745	 5.426
  138.0	 38.7	 42.7	 25.0	 23.4	 19.4	 54.7	 39.1	 23.6	 0.128	11.704	 5.426
  138.8	 38.8	 43.0	 24.6	 23.4	 19.2	 54.9	 39.7	 23.6	 0.131	11.745	 5.365
  139.5	 38.8	 43.3	 24.8	 23.2	 19.0	 55.1	 40.1	 23.5	 0.144	11.868	 5.283
  140.3	 38.7	 43.7	 24.8	 23.1	 19.0	 55.3	 40.8	 23.4	 0.134	11.970	 5.405
  141.1	 38.7	 43.9	 24.5	 23.1	 19.2	 55.4	 41.1	 23.3	 0.136	12.093	 5.712
  141.9	 38.7	 44.1	 24.1	 23.0	 19.5	 54.8	 41.4	 23.1	 0.136	12.236	 5.569
  142.6	 38.6	 44.3	 24.0	 22.9	 19.5	 54.7	 41.7	 23.0	 0.136	12.195	 5.385
  143.4	 38.6	 44.7	 23.8	 22.9	 19.2	 54.6	 42.2	 22.9	 0.140	12.379	 5.691
  144.2	 38.6	 44.8	 23.7	 22.7	 19.4	 54.4	 42.5	 22.8	 0.140	12.502	 5.671
  145.0	 38.6	 45.0	 24.0	 22.7	 19.4	 53.5	 42.8	 22.6	 0.139	12.482	 5.569
  145.8	 38.5	 45.2	 24.1	 22.6	 19.3	 53.5	 43.0	 22.5	 0.137	12.502	 5.548
  146.5	 38.5	 45.6	 24.3	 22.6	 19.1	 53.3	 43.5	 22.4	 0.138	12.584	 5.508
  147.3	 38.5	 45.7	 24.1	 22.5	 19.0	 53.3	 43.7	 22.3	 0.138	12.604	 5.487
  148.1	 38.5	 45.8	 24.4	 22.4	 18.9	 53.1	 43.9	 22.1	 0.141	12.666	 5.569
  148.9	 38.4	 45.9	 24.1	 22.4	 18.8	 53.2	 44.0	 22.1	 0.132	12.645	 5.426
  149.7	 38.4	 46.2	 23.9	 22.3	 18.6	 53.3	 44.3	 22.0	 0.140	12.748	 5.385
  150.4	 38.4	 46.2	 24.0	 22.2	 18.4	 53.4	 44.4	 21.9	 0.129	12.666	 5.324
  151.2	 38.4	 46.3	 23.9	 22.1	 18.3	 53.6	 44.5	 21.7	 0.134	12.789	 5.365
  152.0	 38.3	 46.4	 24.2	 22.1	 18.2	 53.7	 44.6	 21.6	 0.139	12.748	 5.508
  152.8	 38.4	 46.5	 24.3	 22.0	 18.0	 53.8	 44.7	 21.5	 0.133	12.809	 5.303
  153.6	 38.4	 46.6	 24.4	 21.8	 17.9	 53.9	 44.8	 21.5	 0.138	12.768	 5.303
  154.3	 38.4	 46.6	 24.0	 21.8	 17.9	 54.1	 44.8	 21.3	 0.131	12.809	 5.283
  155.1	 38.4	 46.7	 24.1	 21.8	 17.8	 54.1	 44.8	 21.2	 0.134	12.809	 5.283
  155.9	 38.4	 46.8	 24.4	 21.7	 17.6	 54.3	 44.8	 21.1	 0.134	12.829	 5.262
  156.7	 38.4	 46.8	 24.4	 21.6	 17.5	 54.3	 44.7	 21.0	 0.135	12.870	 5.242
  157.5	 38.4	 46.8	 24.2	 21.5	 17.4	 54.5	 44.6	 21.0	 0.139	12.870	 5.242
  158.2	 38.4	 46.9	 24.2	 21.4	 17.4	 54.6	 44.6	 20.8	 0.139	12.911	 5.222
  159.0	 38.3	 46.9	 24.5	 21.4	 17.3	 54.7	 44.5	 20.7	 0.137	12.891	 5.201
  159.8	 38.3	 47.0	 24.4	 21.4	 17.2	 54.7	 44.4	 20.7	 0.139	12.973	 5.181
  160.6	 38.3	 47.0	 24.1	 21.2	 17.1	 54.8	 44.3	 20.6	 0.132	12.911	 5.160
  161.4	 38.3	 47.0	 24.0	 21.1	 17.0	 55.0	 44.3	 20.4	 0.128	13.014	 5.160
  162.1	 38.3	 47.1	 24.7	 21.1	 16.9	 55.1	 44.2	 20.4	 0.133	12.952	 5.140
  162.9	 38.4	 47.1	 24.8	 21.0	 16.7	 55.2	 44.1	 20.3	 0.140	12.891	 5.119
  163.7	 38.4	 47.1	 24.9	 20.9	 16.7	 55.3	 44.0	 20.2	 0.137	13.014	 5.119
  164.5	 38.4	 47.2	 25.0	 20.9	 16.6	 55.6	 44.0	 20.1	 0.132	12.911	 5.099
  165.3	 38.4	 47.2	 25.4	 20.8	 16.5	 55.6	 44.0	 20.0	 0.135	13.034	 5.079
  166.0	 38.4	 47.2	 25.3	 20.8	 16.4	 55.7	 43.9	 19.9	 0.131	12.932	 5.079
  166.8	 38.4	 47.2	 25.4	 20.7	 16.4	 55.8	 43.9	 19.9	 0.139	13.034	 5.079
  167.6	 38.4	 47.2	 25.8	 20.7	 16.4	 56.0	 43.9	 19.7	 0.129	12.911	 5.079
  168.4	 38.4	 47.2	 25.4	 20.7	 16.3	 56.0	 43.8	 19.6	 0.138	13.014	 5.058
  169.2	 38.4	 47.2	 25.2	 20.7	 16.2	 56.1	 43.8	 19.6	 0.135	12.932	 5.058
  170.0	 38.4	 47.2	 25.1	 20.5	 16.2	 56.1	 43.7	 19.5	 0.138	13.054	 5.181
  170.7	 38.5	 47.3	 25.3	 20.5	 16.2	 56.1	 43.7	 19.4	 0.139	12.973	 5.079
  171.5	 38.5	 47.3	 25.2	 20.5	 16.1	 56.1	 43.7	 19.3	 0.136	13.095	 5.058
  172.3	 38.5	 47.3	 25.1	 20.4	 16.1	 56.2	 43.6	 19.2	 0.136	12.952	 5.038
  173.1	 38.5	 47.3	 25.1	 20.4	 16.0	 56.3	 43.6	 19.2	 0.136	13.054	 5.038
  173.9	 38.5	 47.3	 25.1	 20.3	 16.0	 56.4	 43.6	 19.0	 0.133	13.034	 5.038
  174.6	 38.5	 47.3	 25.1	 20.2	 15.9	 56.4	 43.5	 19.0	 0.134	13.075	 5.017
  175.4	 38.5	 47.4	 25.0	 20.2	 15.9	 56.4	 43.5	 18.9	 0.141	12.993	 4.997
  176.2	 38.5	 47.4	 25.0	 20.2	 15.9	 56.4	 43.4	 18.8	 0.137	13.116	 4.997
  177.0	 38.5	 47.4	 25.0	 20.1	 15.8	 56.5	 43.4	 18.7	 0.129	12.993	 4.997
  177.8	 38.6	 47.4	 24.8	 20.0	 15.8	 56.6	 43.4	 18.6	 0.131	13.034	 4.997
  178.6	 38.6	 47.5	 25.0	 20.0	 15.7	 56.6	 43.4	 18.6	 0.135	13.136	 4.976
  179.3	 38.6	 47.5	 25.0	 20.0	 15.7	 56.6	 43.3	 18.5	 0.136	13.014	 4.976
  180.1	 38.6	 47.5	 25.1	 19.9	 15.7	 56.7	 43.3	 18.4	 0.136	13.095	 4.956
  180.9	 38.6	 47.5	 25.0	 20.0	 15.7	 56.7	 43.2	 18.3	 0.134	13.014	 4.956
  181.7	 38.6	 47.5	 24.9	 19.9	 15.7	 56.8	 43.2	 18.3	 0.133	13.095	 4.956
  182.5	 38.6	 47.5	 25.0	 19.9	 15.8	 56.8	 43.2	 18.2	 0.128	13.075	 4.936
  183.2	 38.7	 47.5	 25.2	 19.8	 15.9	 56.9	 43.2	 18.2	 0.143	13.034	 4.915
  184.0	 38.6	 47.5	 25.1	 19.7	 16.0	 57.0	 43.2	 18.0	 0.139	13.116	 4.915
  184.8	 38.6	 47.5	 24.9	 19.7	 16.0	 57.0	 43.2	 18.0	 0.134	13.034	 4.895
  185.6	 38.7	 47.6	 24.9	 19.7	 16.2	 57.0	 43.1	 17.9	 0.132	13.054	 4.874
  186.4	 38.7	 47.6	 24.7	 19.7	 16.3	 57.1	 43.1	 17.8	 0.134	13.014	 4.854
  187.2	 38.7	 47.5	 24.5	 19.6	 16.3	 57.1	 43.1	 17.7	 0.128	13.136	 4.833
  188.0	 38.7	 47.6	 24.7	 19.7	 16.4	 57.1	 43.1	 17.6	 0.140	13.014	 4.833
  188.7	 38.7	 47.6	 25.0	 19.6	 16.6	 57.2	 43.0	 17.6	 0.141	13.034	 4.813
  189.5	 38.7	 47.6	 24.8	 19.6	 16.7	 57.3	 43.0	 17.5	 0.128	13.116	 4.793
  190.3	 38.7	 47.6	 24.5	 19.6	 16.8	 57.4	 43.0	 17.4	 0.140	13.075	 4.793
  191.1	 38.7	 47.6	 24.2	 19.6	 16.9	 57.4	 43.0	 17.3	 0.136	13.116	 4.772
  191.9	 38.7	 47.5	 24.3	 19.4	 17.0	 57.4	 43.0	 17.3	 0.135	12.973	 4.752
  192.7	 38.7	 47.5	 24.5	 19.4	 17.1	 57.5	 43.0	 17.1	 0.137	13.075	 4.752
  193.5	 38.7	 47.5	 24.3	 19.4	 17.2	 57.5	 43.0	 17.1	 0.135	13.075	 4.752
  194.3	 38.7	 47.5	 24.3	 19.4	 17.3	 57.5	 43.0	 17.0	 0.134	12.973	 4.752
  195.0	 38.7	 47.5	 24.3	 19.3	 17.5	 57.6	 43.0	 17.0	 0.141	12.993	 4.731
  195.8	 38.7	 47.5	 24.5	 19.2	 17.5	 57.6	 43.0	 16.9	 0.138	12.973	 4.731
  196.6	 38.7	 47.5	 24.6	 19.2	 17.6	 57.7	 43.0	 16.8	 0.138	12.973	 4.731
  197.4	 38.7	 47.5	 24.8	 19.3	 17.6	 57.7	 43.0	 16.8	 0.136	13.075	 4.731
  198.1	 38.7	 47.4	 24.6	 19.2	 17.8	 57.7	 43.1	 16.7	 0.139	13.014	 4.731
  198.9	 38.7	 47.5	 24.4	 19.1	 17.8	 57.7	 43.1	 16.7	 0.129	12.952	 4.731
  199.7	 38.7	 47.4	 24.3	 19.1	 17.9	 57.8	 43.1	 16.7	 0.127	12.952	 4.731
  200.5	 38.7	 47.5	 24.3	 19.2	 17.9	 57.8	 43.2	 16.6	 0.135	13.075	 4.711
  201.2	 38.7	 47.5	 24.2	 19.1	 18.0	 57.9	 43.2	 16.6	 0.132	13.054	 4.711
  202.0	 38.7	 47.4	 24.1	 19.2	 18.1	 57.9	 43.2	 16.6	 0.137	12.973	 4.711
  202.8	 38.8	 47.5	 24.1	 19.1	 18.1	 57.9	 43.2	 16.5	 0.141	12.932	 4.711
  203.6	 38.8	 47.4	 24.6	 19.1	 18.2	 57.9	 43.2	 16.5	 0.138	13.034	 4.711
  204.3	 38.8	 47.4	 24.6	 19.1	 18.2	 57.9	 43.2	 16.4	 0.130	13.034	 4.711
  205.1	 38.8	 47.4	 24.5	 19.1	 18.3	 57.9	 43.2	 16.4	 0.135	12.952	 4.690
  205.9	 38.8	 47.4	 24.5	 19.1	 18.3	 57.9	 43.2	 16.4	 0.128	12.932	 4.690
  206.7	 38.8	 47.5	 24.5	 19.1	 18.4	 57.9	 43.2	 16.3	 0.140	13.014	 4.711
  207.4	 38.8	 47.4	 24.7	 19.2	 18.4	 57.9	 43.2	 16.3	 0.139	13.034	 4.690
  208.2	 38.8	 47.4	 24.5	 19.1	 18.5	 57.9	 43.3	 16.3	 0.135	12.952	 4.690
  209.0	 38.8	 47.4	 24.6	 19.1	 18.5	 57.9	 43.3	 16.3	 0.134	12.911	 4.711
  209.8	 38.8	 47.4	 24.5	 19.1	 18.6	 57.9	 43.3	 16.2	 0.138	12.973	 4.690
  210.6	 38.9	 47.4	 24.4	 19.1	 18.6	 57.9	 43.3	 16.2	 0.134	13.054	 4.690
  211.3	 38.9	 47.4	 24.3	 19.1	 18.7	 57.9	 43.3	 16.2	 0.138	12.973	 4.670
  212.1	 38.9	 47.4	 24.3	 19.1	 18.7	 57.9	 43.3	 16.2	 0.136	12.932	 4.690
  212.9	 38.9	 47.4	 24.0	 19.1	 18.7	 57.9	 43.3	 16.1	 0.138	12.952	 4.690
  213.7	 38.9	 47.5	 24.3	 19.1	 18.7	 57.9	 43.3	 16.1	 0.132	13.054	 4.670
  214.4	 38.9	 47.5	 24.3	 19.2	 18.8	 57.9	 43.4	 16.1	 0.139	12.993	 4.690
  215.2	 38.9	 47.5	 24.5	 19.2	 18.8	 57.8	 43.4	 16.1	 0.139	12.932	 4.670
  216.0	 38.9	 47.5	 24.4	 19.1	 18.9	 57.9	 43.4	 16.1	 0.139	12.932	 4.690
  216.8	 38.9	 47.5	 24.3	 19.1	 18.9	 57.9	 43.4	 16.1	 0.131	13.034	 4.690
  217.5	 39.0	 47.5	 24.4	 19.1	 19.0	 57.8	 43.4	 16.1	 0.124	13.034	 4.690
  218.3	 39.0	 47.5	 24.2	 19.1	 19.0	 57.8	 43.4	 16.1	 0.136	12.932	 4.670
  219.1	 39.0	 47.5	 24.7	 19.1	 19.0	 57.8	 43.4	 16.0	 0.129	12.911	 4.670
  219.9	 38.9	 47.5	 24.9	 19.1	 19.0	 57.8	 43.5	 16.0	 0.140	12.993	 4.670
  220.6	 38.9	 47.5	 24.6	 19.2	 19.1	 57.8	 43.5	 16.0	 0.136	13.075	 4.670
  221.4	 38.9	 47.5	 24.5	 19.2	 19.1	 57.8	 43.5	 16.0	 0.127	12.952	 4.670
  222.2	 38.9	 47.5	 24.6	 19.2	 19.1	 57.8	 43.5	 16.0	 0.136	12.932	 4.690
  223.0	 39.0	 47.5	 24.4	 19.2	 19.1	 57.8	 43.5	 16.0	 0.131	12.973	 4.670
  223.7	 39.0	 47.5	 24.3	 19.1	 19.2	 57.8	 43.5	 16.0	 0.136	13.054	 4.670
  224.5	 39.0	 47.5	 24.5	 19.2	 19.2	 57.8	 43.5	 16.0	 0.136	12.993	 4.813
  225.3	 39.0	 47.5	 24.7	 19.2	 19.3	 57.8	 43.6	 16.0	 0.137	12.932	 4.690
  226.1	 39.0	 47.5	 24.4	 19.2	 19.3	 57.8	 43.6	 16.0	 0.135	12.952	 4.690
  226.8	 39.0	 47.5	 24.4	 19.2	 19.3	 57.8	 43.6	 16.0	 0.138	13.054	 4.690
  227.6	 39.0	 47.5	 24.2	 19.2	 19.3	 57.8	 43.5	 16.0	 0.137	13.054	 4.711
  228.4	 39.0	 47.5	 24.4	 19.1	 19.3	 57.8	 43.6	 15.9	 0.137	12.973	 4.690
  229.2	 39.0	 47.5	 24.4	 19.1	 19.4	 57.8	 43.6	 16.0	 0.133	12.952	 4.711
  230.0	 39.0	 47.5	 24.5	 19.1	 19.4	 57.8	 43.6	 15.9	 0.141	13.014	 4.711
  230.7	 39.0	 47.5	 24.8	 19.1	 19.4	 57.7	 43.6	 15.9	 0.134	13.075	 4.711
  231.5	 39.0	 47.5	 24.2	 19.1	 19.4	 57.7	 43.6	 16.0	 0.135	12.973	 4.711
  232.3	 39.1	 47.6	 24.0	 19.1	 19.5	 57.7	 43.6	 15.9	 0.140	12.952	 4.711
  233.1	 39.1	 47.6	 24.5	 19.2	 19.4	 57.7	 43.6	 15.9	 0.136	13.014	 4.711
  233.8	 39.1	 47.6	 24.6	 19.1	 19.5	 57.7	 43.6	 15.9	 0.133	13.075	 4.711
  234.6	 39.1	 47.6	 24.6	 19.2	 19.5	 57.7	 43.6	 16.0	 0.137	13.014	 4.833
  235.4	 39.1	 47.6	 25.1	 19.1	 19.5	 57.7	 43.6	 16.0	 0.143	13.054	 4.690
  236.3	 39.1	 47.6	 25.6	 19.2	 19.5	 57.6	 43.6	 16.0	 0.139	12.973	 4.711
  237.0	 39.1	 47.6	 24.9	 19.2	 19.6	 57.7	 43.6	 16.0	 0.133	12.973	 4.731
  237.8	 39.1	 47.6	 24.6	 19.2	 19.6	 57.7	 43.6	 16.0	 0.130	13.014	 4.711
  238.6	 39.1	 47.6	 24.3	 19.2	 19.6	 57.6	 43.7	 16.0	 0.125	12.973	 4.711
  239.4	 39.1	 47.6	 24.7	 19.1	 19.6	 57.6	 43.7	 16.0	 0.123	13.034	 4.731
  240.2	 39.1	 47.6	 24.5	 19.1	 19.6	 57.6	 43.6	 16.0	 0.128	12.993	 4.711
  241.0	 39.1	 47.6	 24.4	 19.1	 19.6	 57.5	 43.6	 16.0	 0.133	13.034	 4.731
  241.8	 39.1	 47.6	 24.3	 19.1	 19.6	 57.5	 43.7	 16.0	 0.126	13.014	 4.711
  242.6	 39.1	 47.7	 24.6	 19.1	 19.7	 57.5	 43.6	 16.0	 0.136	13.095	 4.711
  243.4	 39.1	 47.7	 24.7	 19.1	 19.7	 57.4	 43.7	 16.0	 0.138	13.014	 4.731
  244.2	 39.2	 47.7	 24.4	 19.1	 19.7	 57.4	 43.7	 16.0	 0.136	13.075	 4.731
  245.0	 39.2	 47.7	 24.6	 19.1	 19.7	 57.4	 43.7	 16.0	 0.127	12.993	 4.731
  245.8	 39.1	 47.6	 24.7	 19.0	 19.7	 57.3	 43.7	 16.0	 0.137	13.136	 4.731
  246.7	 39.1	 47.7	 24.7	 19.0	 19.8	 57.4	 43.7	 16.1	 0.128	13.075	 4.731
  247.5	 39.1	 47.7	 24.8	 19.0	 19.8	 57.4	 43.7	 16.1	 0.127	13.054	 4.731
  248.3	 39.1	 47.6	 25.0	 19.1	 19.8	 57.3	 43.7	 16.1	 0.133	13.014	 4.731
  249.1	 39.1	 47.7	 24.8	 19.0	 19.8	 57.3	 43.7	 16.1	 0.137	13.014	 4.731
  249.9	 39.1	 47.7	 24.8	 19.0	 19.8	 57.3	 43.7	 16.1	 0.127	13.116	 4.752
  250.7	 39.1	 47.7	 24.6	 19.0	 19.8	 57.3	 43.7	 16.1	 0.136	13.054	 4.731
  251.5	 39.1	 47.7	 25.0	 19.1	 19.8	 57.3	 43.8	 16.1	 0.134	13.136	 4.752
  252.3	 39.2	 47.7	 25.0	 19.1	 19.9	 57.4	 43.8	 16.1	 0.136	13.034	 4.752
  253.1	 39.2	 47.7	 24.9	 19.0	 19.8	 57.3	 43.8	 16.1	 0.136	13.054	 4.752
  253.9	 39.2	 47.7	 24.7	 19.0	 19.8	 57.3	 43.8	 16.1	 0.137	13.034	 4.895
  254.7	 39.2	 47.8	 25.0	 19.1	 19.8	 57.2	 43.7	 16.1	 0.133	13.116	 4.854
  255.5	 39.2	 47.8	 25.1	 19.1	 19.9	 57.2	 43.7	 16.1	 0.133	13.157	 4.752
  256.3	 39.2	 47.7	 25.0	 19.1	 19.8	 57.2	 43.7	 16.1	 0.138	13.034	 4.731
  257.1	 39.3	 47.8	 24.9	 19.1	 19.8	 57.2	 43.7	 16.1	 0.134	13.116	 4.752
  257.9	 39.2	 47.8	 25.2	 19.1	 19.9	 57.2	 43.7	 16.1	 0.134	13.034	 4.752
  258.7	 39.2	 47.8	 25.0	 19.1	 19.9	 57.2	 43.8	 16.2	 0.135	13.054	 4.731
  259.5	 39.2	 47.8	 24.5	 19.1	 19.9	 57.3	 43.8	 16.2	 0.134	13.136	 4.752
  260.3	 39.2	 47.8	 24.6	 19.1	 19.9	 57.3	 43.8	 16.2	 0.139	13.054	 4.752
  261.1	 39.2	 47.8	 24.6	 19.1	 19.9	 57.3	 43.8	 16.2	 0.137	13.136	 4.752
  261.9	 39.2	 47.8	 24.5	 19.0	 19.9	 57.3	 43.8	 16.2	 0.137	13.157	 4.752
  262.7	 39.2	 47.8	 24.3	 19.0	 19.9	 57.2	 43.8	 16.2	 0.122	13.075	 4.752
  263.5	 39.2	 47.8	 24.3	 19.1	 19.9	 57.2	 43.8	 16.2	 0.138	13.136	 4.752
  264.3	 39.2	 47.8	 24.1	 19.0	 19.9	 57.2	 43.8	 16.2	 0.132	13.157	 4.752
  265.1	 39.2	 47.8	 24.3	 19.0	 19.9	 57.2	 43.8	 16.2	 0.137	13.075	 4.772
  265.9	 39.2	 47.8	 24.4	 19.0	 19.9	 57.2	 43.8	 16.2	 0.130	13.116	 4.772
  266.7	 39.2	 47.8	 24.1	 19.0	 19.9	 57.2	 43.8	 16.2	 0.135	13.054	 4.752
  267.5	 39.2	 47.8	 24.0	 19.0	 19.9	 57.1	 43.8	 16.2	 0.132	13.177	 4.772
  268.3	 39.2	 47.8	 24.0	 19.0	 19.9	 57.1	 43.8	 16.2	 0.140	13.075	 4.752
  269.2	 39.3	 47.8	 24.1	 19.0	 19.9	 57.1	 43.8	 16.2	 0.143	13.116	 4.752
  270.0	 39.3	 47.9	 24.0	 19.0	 19.9	 57.1	 43.8	 16.2	 0.139	13.075	 4.772
  270.8	 39.3	 47.9	 24.1	 19.0	 19.8	 57.1	 43.8	 16.2	 0.132	13.095	 4.772
  271.6	 39.3	 47.9	 24.2	 18.9	 19.8	 57.1	 43.8	 16.2	 0.131	13.095	 4.752
  272.4	 39.3	 47.9	 24.4	 19.0	 19.9	 57.1	 43.8	 16.2	 0.128	13.177	 4.752
  273.2	 39.3	 47.8	 24.3	 18.9	 19.8	 57.1	 43.8	 16.2	 0.135	13.198	 4.772
  274.0	 39.3	 47.9	 23.9	 19.0	 19.8	 57.1	 43.8	 16.2	 0.133	13.116	 4.772
  274.8	 39.3	 47.9	 24.2	 19.0	 19.8	 57.1	 43.8	 16.2	 0.139	13.075	 4.772
  275.6	 39.3	 47.9	 24.2	 18.9	 19.8	 57.0	 43.8	 16.2	 0.128	13.116	 4.772
  276.4	 39.3	 47.9	 23.9	 19.0	 19.8	 57.0	 43.8	 16.2	 0.139	13.136	 4.772
  277.2	 39.3	 47.9	 24.1	 19.0	 19.8	 57.0	 43.8	 16.2	 0.137	13.075	 4.772
  278.0	 39.3	 47.9	 24.1	 19.0	 19.8	 57.0	 43.8	 16.2	 0.133	13.095	 4.772
  278.8	 39.4	 47.9	 24.1	 18.9	 19.8	 57.0	 43.8	 16.2	 0.139	13.116	 4.772
  279.6	 39.4	 47.9	 23.7	 19.0	 19.8	 57.0	 43.8	 16.2	 0.145	13.198	 4.772
  280.4	 39.4	 48.0	 23.7	 18.9	 19.8	 57.0	 43.9	 16.2	 0.131	13.218	 4.752
  281.3	 39.4	 48.0	 23.9	 18.9	 19.7	 57.0	 43.9	 16.2	 0.137	13.116	 4.752
  282.1	 39.4	 48.0	 24.5	 18.9	 19.7	 57.0	 43.8	 16.2	 0.140	13.157	 4.752
  282.9	 39.4	 48.0	 24.4	 18.9	 19.7	 57.0	 43.9	 16.2	 0.141	13.218	 4.772
  283.7	 39.4	 48.0	 24.3	 19.0	 19.7	 57.0	 43.9	 16.2	 0.140	13.095	 4.752
  284.5	 39.4	 48.0	 24.8	 18.9	 19.7	 57.0	 43.8	 16.2	 0.136	13.136	 4.772
  285.3	 39.4	 48.0	 25.1	 18.9	 19.7	 57.0	 43.8	 16.2	 0.135	13.198	 4.772
  286.1	 39.4	 48.0	 24.9	 18.9	 19.7	 57.0	 43.9	 16.2	 0.124	13.157	 4.772
  286.8	 39.4	 48.0	 24.6	 18.9	 19.7	 57.0	 43.9	 16.2	 0.143	13.095	 4.752
  287.6	 39.4	 48.0	 24.7	 18.9	 19.7	 57.0	 43.9	 16.2	 0.135	13.300	 4.772
  288.4	 39.5	 48.0	 25.0	 18.8	 19.7	 57.0	 43.9	 16.2	 0.137	13.136	 4.752
  289.2	 39.5	 48.0	 24.9	 18.9	 19.6	 56.9	 43.9	 16.2	 0.131	13.136	 4.752
  290.0	 39.5	 48.0	 25.0	 18.9	 19.6	 56.9	 43.9	 16.2	 0.141	13.218	 4.752
  290.8	 39.5	 48.0	 25.1	 18.9	 19.6	 56.9	 43.9	 16.2	 0.140	13.136	 4.752
  291.5	 39.5	 48.1	 24.9	 18.8	 19.6	 56.8	 43.9	 16.2	 0.135	13.136	 4.752
  292.3	 39.5	 48.1	 25.2	 18.9	 19.6	 56.8	 43.9	 16.1	 0.137	13.136	 4.752
  293.1	 39.5	 48.1	 25.1	 18.8	 19.5	 56.8	 43.8	 16.2	 0.139	13.116	 4.752
  293.9	 39.5	 48.1	 24.9	 18.8	 19.5	 56.8	 43.9	 16.2	 0.139	13.116	 4.772
  294.7	 39.5	 48.1	 25.2	 18.8	 19.5	 56.8	 43.9	 16.2	 0.136	13.136	 4.772
  295.5	 39.5	 48.1	 25.2	 18.8	 19.5	 56.8	 43.9	 16.2	 0.125	13.136	 4.772
  296.3	 39.5	 48.1	 24.8	 18.8	 19.5	 56.8	 43.9	 16.2	 0.131	13.157	 4.772
  297.1	 39.5	 48.1	 24.5	 18.8	 19.5	 56.9	 43.9	 16.2	 0.134	13.198	 4.772
  297.9	 39.5	 48.1	 24.1	 18.8	 19.5	 56.9	 43.9	 16.2	 0.126	13.218	 4.772
  298.7	 39.5	 48.1	 24.0	 18.7	 19.5	 56.8	 43.9	 16.2	 0.131	13.259	 4.752
  299.5	 39.5	 48.1	 23.8	 18.8	 19.5	 56.8	 43.9	 16.2	 0.141	13.157	 4.772
  300.3	 39.5	 48.1	 24.0	 18.7	 19.4	 56.8	 43.9	 16.2	 0.138	13.157	 4.752
  301.1	 39.5	 48.1	 24.1	 18.8	 19.4	 56.9	 44.0	 16.2	 0.135	13.157	 4.752
  301.9	 39.5	 48.1	 23.9	 18.7	 19.4	 56.9	 44.0	 16.2	 0.136	13.116	 4.772
  302.7	 39.5	 48.1	 24.1	 18.7	 19.4	 56.9	 43.9	 16.2	 0.134	13.239	 4.772
  303.5	 39.5	 48.1	 24.1	 18.7	 19.4	 56.9	 44.0	 16.2	 0.136	13.259	 4.752
  304.3	 39.5	 48.1	 24.3	 18.6	 19.4	 56.8	 44.0	 16.2	 0.134	13.279	 4.772
  305.1	 39.5	 48.1	 24.2	 18.7	 19.4	 56.8	 44.0	 16.2	 0.132	13.157	 4.752
  305.9	 39.6	 48.1	 24.2	 18.7	 19.3	 56.8	 44.0	 16.2	 0.134	13.136	 4.752
  306.7	 39.5	 48.1	 24.3	 18.7	 19.3	 56.8	 44.0	 16.2	 0.143	13.136	 4.752
  307.5	 39.5	 48.1	 24.5	 18.6	 19.3	 56.7	 44.0	 16.2	 0.141	13.279	 4.772
  308.3	 39.5	 48.1	 24.5	 18.6	 19.3	 56.7	 44.0	 16.2	 0.131	13.259	 4.752
  309.0	 39.6	 48.1	 24.1	 18.6	 19.3	 56.8	 44.0	 16.2	 0.139	13.136	 4.752
  309.8	 39.6	 48.1	 24.1	 18.7	 19.3	 56.8	 44.0	 16.2	 0.138	13.177	 4.752
  310.6	 39.6	 48.1	 24.4	 18.6	 19.3	 56.8	 44.0	 16.2	 0.140	13.259	 4.752
  311.4	 39.5	 48.1	 24.2	 18.6	 19.3	 56.8	 44.0	 16.2	 0.140	13.259	 4.752
  312.2	 39.6	 48.1	 24.6	 18.6	 19.3	 56.8	 44.0	 16.2	 0.140	13.136	 4.772
  313.0	 39.6	 48.1	 24.6	 18.5	 19.2	 56.8	 44.0	 16.2	 0.140	13.198	 4.752
  313.8	 39.6	 48.1	 24.6	 18.6	 19.2	 56.8	 44.0	 16.2	 0.137	13.177	 4.752
  314.5	 39.6	 48.1	 24.8	 18.6	 19.2	 56.8	 44.0	 16.2	 0.137	13.259	 4.731
  315.3	 39.6	 48.1	 24.9	 18.6	 19.2	 56.8	 44.0	 16.2	 0.138	13.136	 4.752
  316.1	 39.6	 48.1	 24.8	 18.6	 19.2	 56.8	 44.0	 16.2	 0.135	13.218	 4.752
  317.0	 39.6	 48.2	 24.7	 18.6	 19.1	 56.8	 44.0	 16.2	 0.136	13.157	 4.772
  317.8	 39.6	 48.2	 24.7	 18.6	 19.1	 56.7	 44.1	 16.2	 0.132	13.239	 4.752
  318.6	 39.6	 48.2	 24.8	 18.6	 19.1	 56.7	 44.0	 16.2	 0.142	13.136	 4.772
  319.4	 39.6	 48.2	 24.9	 18.6	 19.1	 56.7	 44.0	 16.2	 0.140	13.136	 4.752
  320.2	 39.6	 48.2	 24.5	 18.6	 19.1	 56.7	 44.1	 16.2	 0.139	13.218	 4.833
  321.0	 39.6	 48.2	 24.4	 18.6	 19.0	 56.7	 44.0	 16.2	 0.139	13.157	 4.752
  321.8	 39.6	 48.2	 24.4	 18.6	 19.0	 56.7	 44.0	 16.2	 0.139	13.157	 4.752
  322.6	 39.6	 48.2	 24.6	 18.6	 19.0	 56.7	 44.1	 16.2	 0.135	13.157	 4.752
  323.4	 39.6	 48.2	 24.6	 18.5	 19.0	 56.8	 44.1	 16.2	 0.147	13.157	 4.772
  324.2	 39.6	 48.2	 24.2	 18.5	 19.0	 56.7	 44.1	 16.2	 0.129	13.198	 4.752
  325.1	 39.6	 48.2	 24.4	 18.5	 18.9	 56.7	 44.1	 16.2	 0.140	13.218	 4.752
  325.9	 39.6	 48.2	 24.4	 18.5	 18.9	 56.7	 44.1	 16.2	 0.137	13.300	 4.772
  326.7	 39.6	 48.2	 24.3	 18.5	 18.9	 56.6	 44.1	 16.2	 0.134	13.239	 4.752
  327.5	 39.6	 48.2	 24.6	 18.5	 18.9	 56.6	 44.0	 16.2	 0.136	13.279	 4.752
  328.3	 39.6	 48.2	 24.9	 18.6	 18.9	 56.6	 44.1	 16.2	 0.135	13.279	 4.752
  329.1	 39.6	 48.2	 25.0	 18.5	 18.9	 56.6	 44.1	 16.1	 0.137	13.279	 4.772
  329.9	 39.7	 48.2	 25.2	 18.6	 18.8	 56.5	 44.1	 16.2	 0.137	13.300	 4.772
  330.7	 39.7	 48.2	 25.3	 18.6	 18.8	 56.5	 44.1	 16.2	 0.133	13.218	 4.752
  331.7	 39.7	 48.2	 25.4	 18.5	 18.8	 56.5	 44.1	 16.2	 0.136	13.177	 4.752
  332.7	 39.7	 48.2	 24.6	 18.6	 18.7	 56.5	 44.1	 16.2	 0.139	13.259	 4.752
  333.6	 39.7	 48.3	 24.5	 18.5	 18.7	 56.4	 44.1	 16.2	 0.138	13.198	 4.752
  334.5	 39.7	 48.3	 24.3	 18.5	 18.7	 56.5	 44.1	 16.2	 0.134	13.300	 4.752
  335.5	 39.7	 48.2	 24.4	 18.5	 18.7	 56.5	 44.1	 16.2	 0.139	13.198	 4.752
  336.4	 39.7	 48.3	 24.7	 18.5	 18.7	 56.5	 44.1	 16.2	 0.126	13.300	 4.752
  337.4	 39.7	 48.3	 24.9	 18.5	 18.7	 56.5	 44.1	 16.2	 0.141	13.177	 4.772
  338.3	 39.7	 48.3	 25.3	 18.5	 18.7	 56.5	 44.1	 16.2	 0.124	13.300	 4.752
  339.3	 39.8	 48.3	 25.3	 18.6	 18.7	 56.6	 44.1	 16.2	 0.133	13.239	 4.772
  340.2	 39.8	 48.3	 25.7	 18.6	 18.6	 56.5	 44.1	 16.2	 0.130	13.239	 4.752
  341.1	 39.7	 48.3	 25.8	 18.6	 18.6	 56.5	 44.1	 16.2	 0.134	13.198	 4.772
  342.1	 39.8	 48.3	 25.8	 18.5	 18.6	 56.5	 44.1	 16.2	 0.131	13.300	 4.752
  343.0	 39.8	 48.3	 25.7	 18.5	 18.5	 56.5	 44.1	 16.2	 0.138	13.198	 4.752
  343.9	 39.8	 48.3	 25.4	 18.5	 18.5	 56.5	 44.1	 16.2	 0.140	13.218	 4.752
  344.8	 39.8	 48.3	 25.3	 18.5	 18.5	 56.5	 44.1	 16.2	 0.134	13.239	 4.752
  345.7	 39.8	 48.3	 25.4	 18.5	 18.4	 56.4	 44.1	 16.2	 0.141	13.218	 4.752
  346.7	 39.8	 48.3	 25.6	 18.5	 18.4	 56.5	 44.1	 16.2	 0.142	13.177	 4.731
  347.6	 39.8	 48.3	 24.5	 18.5	 18.4	 56.5	 44.1	 16.2	 0.135	13.239	 4.711
  348.5	 39.8	 48.3	 24.4	 18.5	 18.3	 56.5	 44.1	 16.2	 0.135	13.177	 4.711
  349.5	 39.8	 48.3	 24.6	 18.4	 18.3	 56.6	 44.1	 16.2	 0.140	13.218	 4.752
  350.4	 39.8	 48.4	 24.6	 18.4	 18.2	 56.6	 44.1	 16.2	 0.139	13.300	 4.711
  351.3	 39.8	 48.3	 24.1	 18.5	 18.2	 56.6	 44.1	 16.1	 0.136	13.279	 4.690
  352.3	 39.8	 48.3	 23.9	 18.4	 18.2	 56.7	 44.1	 16.2	 0.131	13.177	 4.690
  353.2	 39.9	 48.3	 24.0	 18.4	 18.1	 56.8	 44.1	 16.1	 0.139	13.177	 4.670
  354.1	 39.9	 48.3	 24.2	 18.4	 18.1	 56.9	 44.1	 16.1	 0.137	13.177	 4.670
  355.0	 39.9	 48.3	 24.6	 18.3	 18.0	 56.9	 44.1	 16.1	 0.136	13.157	 4.650
  356.0	 39.9	 48.3	 24.7	 18.3	 17.9	 57.0	 44.1	 16.1	 0.142	13.177	 4.650
  356.9	 39.9	 48.3	 25.0	 18.4	 17.9	 57.2	 44.1	 16.1	 0.135	13.279	 4.670
  357.8	 39.9	 48.3	 25.0	 18.4	 17.8	 57.3	 44.1	 16.1	 0.132	13.198	 4.650
  358.7	 39.9	 48.3	 24.9	 18.3	 17.8	 57.3	 44.1	 16.1	 0.143	13.157	 4.650
  359.7	 39.9	 48.3	 24.5	 18.3	 17.7	 57.3	 44.1	 16.1	 0.131	13.157	 4.629
  360.6	 39.9	 48.3	 24.3	 18.3	 17.7	 57.4	 44.1	 16.1	 0.135	13.136	 4.711
  361.5	 39.9	 48.3	 24.6	 18.4	 17.6	 57.5	 44.1	 16.1	 0.136	13.177	 4.609
  362.5	 39.9	 48.3	 24.6	 18.3	 17.5	 57.5	 44.1	 16.1	 0.133	13.259	 4.609
  363.4	 39.9	 48.3	 25.0	 18.4	 17.5	 57.7	 44.2	 16.1	 0.134	13.157	 4.588
  364.3	 39.9	 48.2	 25.0	 18.3	 17.2	 57.7	 44.2	 16.1	 0.137	13.075	 4.588
  365.3	 39.9	 48.2	 25.1	 18.3	 17.1	 57.8	 44.2	 16.1	 0.138	13.136	 4.588
  366.2	 39.9	 48.2	 24.8	 18.3	 17.0	 57.9	 44.2	 16.1	 0.141	13.218	 4.629
  367.1	 39.9	 48.2	 25.0	 18.4	 16.9	 57.9	 44.2	 16.1	 0.138	13.218	 4.731
  368.0	 39.9	 48.2	 25.1	 18.3	 16.8	 57.9	 44.2	 16.1	 0.128	13.116	 4.609
  369.0	 39.9	 48.2	 25.1	 18.3	 16.7	 58.0	 44.2	 16.2	 0.141	13.136	 4.629
  369.9	 39.9	 48.2	 25.1	 18.4	 16.5	 58.0	 44.2	 16.1	 0.136	13.198	 4.629
  370.8	 39.9	 48.2	 25.1	 18.3	 16.4	 58.1	 44.2	 16.2	 0.141	13.259	 4.650
  371.8	 39.9	 48.2	 25.1	 18.3	 16.3	 58.1	 44.2	 16.2	 0.142	13.136	 4.650
  372.7	 39.9	 48.2	 24.8	 18.3	 16.3	 58.1	 44.2	 16.2	 0.140	13.116	 4.670
  373.6	 39.9	 48.2	 24.7	 18.3	 16.3	 58.1	 44.2	 16.2	 0.138	13.157	 4.650
  374.5	 39.9	 48.2	 24.7	 18.3	 16.3	 58.2	 44.2	 16.2	 0.137	13.259	 4.670
  375.5	 39.9	 48.2	 24.6	 18.3	 16.2	 58.2	 44.2	 16.2	 0.139	13.218	 4.670
  376.4	 39.9	 48.2	 24.9	 18.3	 16.2	 58.2	 44.2	 16.1	 0.137	13.136	 4.670
  377.3	 40.0	 48.2	 24.5	 18.3	 16.3	 58.2	 44.2	 16.1	 0.139	13.177	 4.650
  378.3	 40.0	 48.2	 24.3	 18.2	 16.3	 58.2	 44.2	 16.1	 0.140	13.157	 4.650
  379.2	 40.0	 48.2	 24.7	 18.2	 16.3	 58.2	 44.2	 16.1	 0.130	13.198	 4.650
  380.1	 40.0	 48.2	 24.7	 18.2	 16.3	 58.2	 44.2	 16.1	 0.137	13.300	 4.650
  381.0	 40.0	 48.3	 24.0	 18.2	 16.3	 58.2	 44.1	 16.0	 0.138	13.218	 4.793
  382.0	 40.0	 48.3	 23.7	 18.2	 16.2	 58.2	 44.1	 16.0	 0.136	13.157	 4.629
  382.9	 40.0	 48.3	 23.5	 18.1	 16.1	 58.2	 44.1	 16.0	 0.140	13.177	 4.629
  383.8	 40.0	 48.3	 23.6	 18.1	 16.0	 58.2	 44.1	 16.0	 0.133	13.157	 4.629
  384.8	 40.0	 48.3	 23.9	 18.1	 15.9	 58.3	 44.1	 16.0	 0.142	13.218	 4.629
  385.7	 40.0	 48.3	 24.0	 18.6	 15.7	 58.3	 44.1	 16.0	 0.135	13.320	 4.650
  386.6	 40.0	 48.3	 23.6	 19.8	 15.7	 58.4	 44.1	 15.9	 0.135	13.198	 4.629
  387.5	 40.0	 48.3	 23.8	 20.7	 15.5	 58.4	 44.0	 15.9	 0.125	13.157	 4.629
  388.5	 40.0	 48.3	 24.7	 21.0	 15.4	 58.5	 44.0	 15.9	 0.140	13.198	 4.650
  389.4	 40.0	 48.3	 24.8	 21.2	 15.2	 58.5	 44.0	 15.8	 0.139	13.198	 4.629
  390.3	 40.0	 48.3	 24.9	 19.7	 15.0	 58.5	 44.0	 15.8	 0.133	13.218	 4.629
  391.3	 40.0	 48.3	 24.7	 18.5	 14.5	 58.6	 43.9	 15.8	 0.132	13.259	 4.690
  392.3	 40.0	 48.4	 24.0	 18.3	 14.3	 58.6	 43.9	 15.8	 0.136	13.177	 4.629
  393.2	 40.0	 48.4	 24.2	 18.1	 14.2	 58.6	 43.9	 15.8	 0.138	13.198	 4.650
  394.2	 40.0	 48.4	 23.7	 18.1	 14.2	 58.6	 43.8	 15.7	 0.128	13.259	 4.629
  395.2	 40.0	 48.4	 23.7	 18.2	 14.2	 58.6	 43.8	 15.7	 0.133	13.218	 4.650
  396.1	 40.0	 48.4	 24.3	 18.2	 14.2	 58.6	 43.8	 15.7	 0.135	13.198	 4.629
  397.1	 40.0	 48.4	 24.5	 17.9	 14.3	 58.7	 43.7	 15.6	 0.138	13.341	 4.609
  398.0	 40.0	 48.4	 24.2	 20.1	 14.4	 58.7	 43.7	 15.6	 0.137	13.341	 4.609
  399.0	 40.0	 48.4	 24.5	 18.4	 14.5	 58.7	 43.7	 15.5	 0.141	13.341	 4.609
  399.9	 40.0	 48.4	 24.7	 18.5	 14.6	 58.8	 43.7	 15.5	 0.135	13.239	 4.609
  400.9	 40.0	 48.4	 24.7	 18.7	 14.8	 58.8	 43.6	 15.5	 0.136	13.279	 4.588
  401.8	 40.0	 48.4	 25.2	 18.7	 14.9	 58.8	 43.6	 15.4	 0.137	13.300	 4.588
  402.8	 40.1	 48.4	 25.1	 18.6	 15.0	 58.8	 43.6	 15.4	 0.138	13.218	 4.588
  403.7	 40.1	 48.4	 25.0	 18.6	 15.2	 58.9	 43.6	 15.3	 0.130	13.239	 4.588
  404.7	 40.1	 48.5	 25.2	 18.7	 15.3	 58.9	 43.5	 15.3	 0.125	13.218	 4.588
  405.7	 40.0	 48.4	 25.3	 18.7	 15.4	 59.0	 43.5	 15.3	 0.140	13.198	 4.568
  406.7	 40.1	 48.4	 24.4	 18.7	 15.5	 59.0	 43.5	 15.2	 0.137	13.198	 4.588
  407.6	 40.1	 48.4	 24.6	 18.6	 15.6	 59.0	 43.5	 15.2	 0.132	13.279	 4.568
  408.6	 40.1	 48.4	 24.3	 18.6	 15.7	 59.0	 43.5	 15.2	 0.137	13.177	 4.568
  409.6	 40.1	 48.5	 24.6	 18.5	 15.8	 59.1	 43.4	 15.1	 0.130	13.239	 4.568
  410.6	 40.1	 48.5	 24.7	 18.5	 15.9	 59.1	 43.4	 15.1	 0.140	13.218	 4.568
  411.5	 40.1	 48.4	 24.9	 18.5	 16.0	 59.2	 43.4	 15.1	 0.136	13.300	 4.568
  412.5	 40.1	 48.4	 25.0	 18.5	 16.1	 59.2	 43.4	 15.0	 0.130	13.279	 4.568
  413.5	 40.1	 48.5	 24.9	 18.5	 16.2	 59.2	 43.3	 15.0	 0.134	13.341	 4.547
  414.4	 40.1	 48.5	 24.6	 18.4	 16.3	 59.2	 43.3	 14.9	 0.139	13.218	 4.568
  415.4	 40.1	 48.5	 24.9	 18.3	 16.3	 59.3	 43.3	 14.9	 0.129	13.279	 4.547
  416.4	 40.1	 48.5	 24.4	 18.4	 16.4	 59.3	 43.3	 14.9	 0.141	13.320	 4.527
  417.4	 40.1	 48.5	 24.0	 18.3	 16.5	 59.4	 43.3	 14.9	 0.134	13.177	 4.527
  418.3	 40.1	 48.4	 23.9	 18.4	 16.6	 59.4	 43.3	 14.9	 0.127	13.239	 4.527
  419.3	 40.1	 48.4	 24.5	 18.4	 16.6	 59.5	 43.3	 14.8	 0.142	13.177	 4.507
  420.3	 40.2	 48.5	 24.2	 18.4	 16.7	 59.5	 43.3	 14.8	 0.139	13.177	 4.507
  421.3	 40.2	 48.5	 23.8	 18.4	 16.8	 59.6	 43.3	 14.8	 0.144	13.177	 4.629
  422.2	 40.1	 48.5	 23.9	 18.5	 16.9	 59.7	 43.2	 14.8	 0.138	13.198	 4.507
  423.2	 40.2	 48.4	 24.1	 18.7	 17.0	 59.7	 43.2	 14.7	 0.135	13.279	 4.507
  424.2	 40.1	 48.4	 24.2	 18.9	 17.0	 59.8	 43.2	 14.7	 0.136	13.218	 4.486
  425.1	 40.1	 48.4	 23.9	 18.5	 17.1	 59.9	 43.3	 14.7	 0.135	13.177	 4.486
  426.1	 40.2	 48.4	 24.1	 18.4	 17.2	 60.0	 43.3	 14.7	 0.135	13.136	 4.486
  427.1	 40.2	 48.4	 24.4	 18.3	 17.2	 60.0	 43.3	 14.7	 0.139	13.177	 4.486
  428.1	 40.1	 48.4	 24.1	 18.3	 17.3	 60.0	 43.3	 14.6	 0.138	13.157	 4.507
  429.0	 40.2	 48.4	 23.9	 18.3	 17.4	 60.1	 43.3	 14.6	 0.139	13.136	 4.507
  430.0	 40.1	 48.4	 23.8	 18.3	 17.4	 60.1	 43.3	 14.6	 0.138	13.177	 4.486
  431.0	 40.2	 48.4	 23.6	 18.2	 17.5	 60.2	 43.4	 14.6	 0.139	13.239	 4.486
  432.0	 40.2	 48.4	 23.7	 18.3	 17.6	 60.2	 43.4	 14.6	 0.130	13.116	 4.486
  433.0	 40.2	 48.3	 23.6	 18.2	 17.6	 60.3	 43.4	 14.6	 0.138	13.116	 4.486
  433.9	 40.1	 48.3	 23.6	 18.1	 17.7	 60.3	 43.4	 14.6	 0.131	13.177	 4.486
  434.9	 40.1	 48.3	 23.8	 18.2	 17.7	 60.3	 43.4	 14.6	 0.137	13.218	 4.486
  435.9	 40.1	 48.3	 24.2	 18.3	 17.7	 60.3	 43.4	 14.6	 0.140	13.157	 4.507
  436.9	 40.1	 48.3	 23.8	 18.2	 17.8	 60.4	 43.5	 14.6	 0.133	13.279	 4.486
  437.8	 40.2	 48.3	 23.8	 18.4	 17.8	 60.4	 43.5	 14.6	 0.135	13.157	 4.486
  438.8	 40.2	 48.3	 23.6	 18.3	 17.9	 60.5	 43.5	 14.6	 0.132	13.218	 4.486
  439.8	 40.1	 48.3	 23.5	 18.3	 17.9	 60.5	 43.6	 14.6	 0.135	13.116	 4.486
  440.7	 40.1	 48.3	 23.4	 18.2	 17.9	 60.5	 43.6	 14.6	 0.135	13.177	 4.486
  441.7	 40.1	 48.3	 23.3	 18.1	 18.0	 60.5	 43.6	 14.6	 0.138	13.136	 4.466
  442.7	 40.1	 48.3	 23.6	 18.1	 18.0	 60.5	 43.6	 14.6	 0.135	13.198	 4.486
  443.7	 40.1	 48.3	 23.8	 18.1	 18.0	 60.6	 43.6	 14.6	 0.131	13.157	 4.486
  444.6	 40.1	 48.3	 23.9	 18.1	 18.1	 60.6	 43.7	 14.6	 0.128	13.259	 4.486
  445.6	 40.1	 48.3	 23.6	 18.2	 18.1	 60.6	 43.7	 14.6	 0.136	13.157	 4.466
  446.6	 40.1	 48.3	 23.7	 18.2	 18.1	 60.7	 43.7	 14.5	 0.126	13.116	 4.486
  447.6	 40.1	 48.3	 24.0	 18.1	 18.2	 60.7	 43.7	 14.5	 0.135	13.259	 4.507
  448.6	 40.1	 48.3	 23.9	 18.1	 18.2	 60.8	 43.7	 14.6	 0.140	13.239	 4.507
  449.6	 40.1	 48.3	 23.7	 18.2	 18.2	 60.8	 43.7	 14.6	 0.131	13.198	 4.507
  450.6	 40.1	 48.3	 23.4	 18.2	 18.3	 60.8	 43.8	 14.6	 0.136	13.116	 4.527
  451.4	 40.1	 48.3	 23.7	 18.3	 18.3	 60.8	 43.8	 14.6	 0.129	13.218	 4.527
  452.2	 40.2	 48.3	 23.6	 18.2	 18.3	 60.8	 43.8	 14.6	 0.136	13.239	 4.507
  452.9	 40.2	 48.3	 23.5	 18.2	 18.3	 60.8	 43.8	 14.6	 0.140	13.136	 4.486
  453.7	 40.2	 48.3	 23.6	 18.3	 18.3	 60.9	 43.8	 14.6	 0.139	13.116	 4.527
  454.5	 40.1	 48.3	 23.7	 18.3	 18.4	 60.9	 43.8	 14.6	 0.138	13.259	 4.507
  455.3	 40.2	 48.3	 24.0	 18.3	 18.4	 60.9	 43.8	 14.6	 0.139	13.198	 4.527
  456.0	 40.2	 48.3	 24.2	 18.3	 18.4	 60.9	 43.8	 14.7	 0.141	13.136	 4.527
  456.8	 40.2	 48.3	 24.0	 18.3	 18.4	 60.9	 43.8	 14.6	 0.139	13.239	 4.507
  457.6	 40.1	 48.3	 23.9	 18.3	 18.5	 60.9	 43.8	 14.7	 0.133	13.259	 4.527
  458.4	 40.2	 48.3	 24.2	 18.3	 18.5	 60.9	 43.8	 14.7	 0.134	13.177	 4.527
  459.1	 40.2	 48.3	 24.5	 18.4	 18.5	 60.9	 43.9	 14.7	 0.135	13.136	 4.527
  459.9	 40.2	 48.3	 24.4	 18.3	 18.5	 61.0	 43.8	 14.7	 0.136	13.279	 4.527
  460.7	 40.2	 48.3	 24.7	 18.4	 18.5	 61.0	 43.9	 14.7	 0.140	13.177	 4.527
  461.5	 40.2	 48.3	 24.6	 18.4	 18.6	 61.0	 43.9	 14.7	 0.132	13.157	 4.547
  462.3	 40.2	 48.3	 24.2	 18.4	 18.6	 61.0	 43.9	 14.7	 0.137	13.259	 4.547
  463.0	 40.2	 48.3	 24.2	 18.5	 18.6	 61.1	 43.9	 14.7	 0.137	13.259	 4.547
  463.8	 40.2	 48.4	 24.2	 18.5	 18.6	 61.1	 43.9	 14.7	 0.131	13.157	 4.547
  464.6	 40.2	 48.4	 24.1	 18.5	 18.7	 61.1	 43.9	 14.7	 0.127	13.157	 4.547
  465.4	 40.2	 48.4	 23.9	 18.5	 18.7	 61.1	 43.9	 14.8	 0.135	13.300	 4.547
  466.1	 40.2	 48.4	 24.0	 18.5	 18.7	 61.1	 43.9	 14.8	 0.132	13.198	 4.547
  466.9	 40.2	 48.4	 23.7	 18.5	 18.7	 61.1	 43.9	 14.8	 0.135	13.279	 4.547
  467.6	 40.2	 48.4	 24.3	 18.4	 18.7	 61.1	 43.9	 14.8	 0.136	13.218	 4.568
  468.4	 40.2	 48.4	 24.8	 18.4	 18.8	 61.1	 43.9	 14.8	 0.133	13.279	 4.568
  469.2	 40.2	 48.4	 24.9	 18.5	 18.8	 61.2	 43.9	 14.8	 0.136	13.177	 4.568
  469.9	 40.2	 48.4	 24.7	 18.5	 18.8	 61.2	 43.9	 14.8	 0.136	13.177	 4.568
  470.7	 40.3	 48.4	 24.2	 18.5	 18.8	 61.2	 43.9	 14.9	 0.138	13.300	 4.547
  471.4	 40.2	 48.4	 24.3	 18.6	 18.9	 61.2	 43.9	 14.9	 0.136	13.300	 4.568
  472.2	 40.3	 48.4	 24.5	 18.6	 18.9	 61.2	 43.9	 14.9	 0.139	13.279	 4.568
  472.9	 40.2	 48.4	 24.4	 18.6	 18.9	 61.2	 43.9	 14.9	 0.139	13.177	 4.588
  473.7	 40.2	 48.5	 24.0	 18.6	 18.9	 61.2	 43.9	 14.9	 0.141	13.157	 4.568
  474.4	 40.2	 48.4	 24.1	 18.5	 18.9	 61.3	 43.9	 14.9	 0.135	13.239	 4.568
  475.2	 40.2	 48.4	 24.3	 18.5	 18.9	 61.3	 43.9	 14.9	 0.137	13.218	 4.568
  476.0	 40.3	 48.4	 24.0	 18.5	 18.9	 61.3	 43.9	 14.9	 0.137	13.198	 4.568
  476.7	 40.2	 48.4	 24.3	 18.6	 19.0	 61.4	 44.0	 15.0	 0.138	13.279	 4.588
  477.5	 40.2	 48.4	 24.5	 18.6	 19.0	 61.4	 44.0	 15.0	 0.133	13.198	 4.588
  478.2	 40.2	 48.4	 24.5	 18.6	 19.0	 61.4	 44.0	 15.0	 0.137	13.300	 4.568
  479.0	 40.2	 48.4	 24.6	 18.5	 19.0	 61.4	 44.0	 15.0	 0.140	13.218	 4.588
  479.7	 40.2	 48.4	 24.5	 18.5	 19.0	 61.4	 44.0	 15.0	 0.138	13.218	 4.588
  480.5	 40.2	 48.4	 24.3	 18.5	 19.0	 61.5	 44.0	 15.0	 0.136	13.198	 4.588
  481.3	 40.2	 48.4	 24.1	 18.5	 19.0	 61.5	 44.0	 15.0	 0.136	13.259	 4.568
  482.1	 40.2	 48.4	 24.2	 18.6	 19.1	 61.5	 44.0	 15.0	 0.134	13.279	 4.588
  482.9	 40.2	 48.4	 24.4	 18.6	 19.1	 61.6	 44.0	 15.1	 0.133	13.218	 4.588
  483.7	 40.2	 48.5	 24.7	 18.6	 19.1	 61.6	 44.0	 15.1	 0.140	13.259	 4.588
  484.5	 40.2	 48.4	 25.4	 18.6	 19.1	 61.6	 44.1	 15.1	 0.126	13.198	 4.588
  485.3	 40.2	 48.4	 25.4	 18.7	 19.1	 61.6	 44.1	 15.1	 0.133	13.300	 4.588
  486.1	 40.2	 48.4	 25.5	 18.6	 19.2	 61.6	 44.1	 15.2	 0.142	13.177	 4.588
  486.9	 40.2	 48.4	 27.3	 18.6	 19.2	 61.6	 44.1	 15.2	 0.139	13.341	 4.588
  487.7	 40.2	 48.4	 26.8	 18.6	 19.2	 61.6	 44.1	 15.2	 0.136	13.198	 4.609
  488.5	 40.2	 48.4	 26.4	 18.6	 19.2	 61.7	 44.1	 15.2	 0.135	13.218	 4.609
  489.3	 40.2	 48.4	 26.2	 18.6	 19.2	 61.6	 44.1	 15.2	 0.136	13.300	 4.609
  490.1	 40.2	 48.4	 26.4	 18.6	 19.2	 61.6	 44.1	 15.2	 0.139	13.300	 4.609
  490.9	 40.2	 48.5	 26.3	 18.6	 19.2	 61.7	 44.1	 15.2	 0.137	13.341	 4.609
  491.7	 40.2	 48.4	 26.3	 18.5	 19.2	 61.7	 44.1	 15.2	 0.135	13.239	 4.609
  492.5	 40.2	 48.5	 26.3	 18.6	 19.2	 61.7	 44.1	 15.2	 0.136	13.341	 4.629
  493.3	 40.2	 48.4	 26.5	 18.6	 19.2	 61.7	 44.1	 15.2	 0.125	13.341	 4.588
  494.1	 40.2	 48.5	 27.4	 18.6	 19.2	 61.7	 44.1	 15.3	 0.133	13.279	 4.609
  494.9	 40.2	 48.5	 29.6	 18.6	 19.3	 61.7	 44.1	 15.3	 0.139	13.279	 4.609
  495.7	 40.2	 48.4	 27.4	 18.5	 19.3	 61.8	 44.1	 15.3	 0.140	13.361	 4.609
  496.5	 40.2	 48.5	 26.9	 18.6	 19.3	 61.8	 44.1	 15.3	 0.139	13.239	 4.629
  497.3	 40.2	 48.5	 26.4	 18.5	 19.3	 61.8	 44.1	 15.3	 0.138	13.218	 4.609
  498.0	 40.2	 48.5	 26.2	 18.6	 19.3	 61.8	 44.1	 15.3	 0.136	13.259	 4.609
  498.8	 40.2	 48.5	 26.1	 18.6	 19.3	 61.8	 44.1	 15.3	 0.139	13.259	 4.629
  499.6	 40.2	 48.5	 26.0	 18.6	 19.3	 61.9	 44.1	 15.4	 0.135	13.341	 4.629
  500.4	 40.3	 48.5	 26.0	 18.6	 19.3	 61.9	 44.1	 15.3	 0.134	13.259	 4.609
  501.2	 40.2	 48.5	 26.1	 18.5	 19.3	 61.9	 44.1	 15.3	 0.134	13.320	 4.629
  502.0	 40.2	 48.5	 26.1	 18.6	 19.3	 61.9	 44.1	 15.4	 0.138	13.259	 4.629
  502.8	 40.2	 48.5	 26.1	 18.7	 19.4	 62.0	 44.2	 15.4	 0.136	13.300	 4.629
  503.6	 40.2	 48.5	 26.2	 18.6	 19.4	 61.9	 44.2	 15.4	 0.136	13.300	 4.629
  504.3	 40.2	 48.5	 25.9	 18.6	 19.4	 61.9	 44.2	 15.4	 0.127	13.361	 4.629
  505.1	 40.2	 48.5	 25.7	 18.6	 19.4	 62.0	 44.2	 15.5	 0.136	13.239	 4.629
  505.9	 40.2	 48.5	 25.6	 18.5	 19.4	 62.0	 44.2	 15.5	 0.136	13.218	 4.629
  506.7	 40.3	 48.5	 25.9	 18.6	 19.4	 62.0	 44.2	 15.5	 0.132	13.300	 4.629
  507.5	 40.3	 48.5	 26.0	 18.5	 19.4	 62.0	 44.2	 15.5	 0.134	13.259	 4.650
  508.3	 40.3	 48.5	 26.0	 18.5	 19.4	 62.0	 44.2	 15.5	 0.135	13.279	 4.650
  509.1	 40.3	 48.5	 25.8	 18.6	 19.4	 62.0	 44.2	 15.4	 0.132	13.382	 4.650
  509.9	 40.3	 48.5	 25.7	 18.6	 19.3	 62.0	 44.2	 15.5	 0.137	13.402	 4.650
  510.7	 40.3	 48.5	 25.7	 18.6	 19.3	 62.0	 44.2	 15.4	 0.140	13.239	 4.650
  511.5	 40.3	 48.5	 25.6	 18.6	 19.3	 62.0	 44.2	 15.4	 0.140	13.259	 4.650
  512.2	 40.3	 48.6	 25.3	 18.6	 19.3	 62.0	 44.2	 15.5	 0.137	13.279	 4.650
  513.0	 40.3	 48.6	 25.4	 18.7	 19.3	 62.1	 44.2	 15.5	 0.139	13.300	 4.650
  513.8	 40.3	 48.6	 25.4	 18.6	 19.4	 62.0	 44.2	 15.5	 0.137	13.382	 4.670
  514.5	 40.3	 48.6	 25.4	 18.6	 19.3	 62.0	 44.1	 15.5	 0.145	13.402	 4.650
  515.3	 40.3	 48.6	 25.4	 18.6	 19.3	 62.1	 44.2	 15.5	 0.131	13.382	 4.670
  516.1	 40.3	 48.6	 25.6	 18.7	 19.4	 62.1	 44.2	 15.5	 0.132	13.279	 4.650
  516.8	 40.3	 48.6	 25.6	 18.7	 19.4	 62.1	 44.2	 15.5	 0.135	13.259	 4.650
  517.6	 40.3	 48.6	 25.3	 18.7	 19.4	 62.1	 44.2	 15.5	 0.141	13.279	 4.670
  518.4	 40.3	 48.6	 25.7	 18.6	 19.4	 62.2	 44.2	 15.6	 0.134	13.279	 4.650
  519.1	 40.3	 48.6	 25.1	 18.6	 19.4	 62.2	 44.2	 15.5	 0.140	13.300	 4.650
  519.9	 40.3	 48.6	 25.1	 18.6	 19.3	 62.2	 44.2	 15.6	 0.139	13.402	 4.670
  520.7	 40.3	 48.6	 25.0	 18.6	 19.4	 62.2	 44.2	 15.6	 0.138	13.402	 4.670
  521.4	 40.3	 48.6	 25.4	 18.6	 19.3	 62.2	 44.2	 15.6	 0.143	13.402	 4.650
  522.2	 40.3	 48.6	 25.3	 18.7	 19.3	 62.2	 44.2	 15.6	 0.122	13.300	 4.650
  523.0	 40.3	 48.6	 25.6	 18.6	 19.3	 62.2	 44.2	 15.6	 0.139	13.320	 4.793
  523.7	 40.3	 48.6	 25.8	 18.7	 19.3	 62.2	 44.2	 15.6	 0.134	13.361	 4.650
  524.5	 40.3	 48.6	 25.7	 18.6	 19.3	 62.2	 44.2	 15.6	 0.130	13.423	 4.650
  525.3	 40.3	 48.6	 25.7	 18.6	 19.3	 62.2	 44.2	 15.6	 0.139	13.423	 4.670
  526.0	 40.3	 48.6	 25.6	 18.7	 19.3	 62.2	 44.2	 15.6	 0.130	13.382	 4.650
  526.8	 40.3	 48.6	 25.4	 18.7	 19.3	 62.2	 44.2	 15.6	 0.133	13.320	 4.670
  527.6	 40.3	 48.7	 25.9	 18.7	 19.3	 62.2	 44.2	 15.6	 0.139	13.300	 4.670
  528.3	 40.3	 48.6	 26.0	 18.7	 19.3	 62.3	 44.2	 15.6	 0.138	13.300	 4.650
  529.1	 40.3	 48.7	 26.0	 18.6	 19.3	 62.3	 44.2	 15.6	 0.138	13.300	 4.650
  529.9	 40.3	 48.7	 26.0	 18.7	 19.3	 62.3	 44.2	 15.6	 0.139	13.320	 4.670
  530.6	 40.4	 48.7	 25.7	 18.6	 19.3	 62.3	 44.2	 15.6	 0.135	13.382	 4.670
  531.4	 40.3	 48.7	 26.0	 18.6	 19.3	 62.4	 44.2	 15.6	 0.132	13.423	 4.670
  532.2	 40.4	 48.7	 25.8	 18.6	 19.3	 62.4	 44.2	 15.6	 0.130	13.443	 4.670
  533.0	 40.4	 48.7	 25.4	 18.6	 19.3	 62.4	 44.2	 15.6	 0.132	13.402	 4.650
  533.7	 40.4	 48.7	 25.5	 18.6	 19.3	 62.4	 44.2	 15.6	 0.133	13.341	 4.690
  534.5	 40.4	 48.7	 25.5	 18.6	 19.3	 62.4	 44.2	 15.6	 0.140	13.279	 4.670
  535.3	 40.4	 48.7	 25.9	 18.6	 19.3	 62.4	 44.3	 15.6	 0.136	13.320	 4.690
  536.0	 40.3	 48.7	 25.9	 18.5	 19.3	 62.5	 44.2	 15.6	 0.136	13.341	 4.670
  536.8	 40.3	 48.7	 25.7	 18.5	 19.3	 62.5	 44.3	 15.7	 0.138	13.341	 4.670
  537.7	 40.3	 48.7	 25.5	 18.5	 19.3	 62.5	 44.3	 15.7	 0.137	13.443	 4.670
  538.4	 40.4	 48.7	 25.4	 18.5	 19.3	 62.5	 44.2	 15.7	 0.135	13.382	 4.690
  539.2	 40.3	 48.7	 25.6	 18.4	 19.3	 62.5	 44.3	 15.7	 0.134	13.341	 4.690
  540.0	 40.3	 48.7	 25.6	 18.5	 19.3	 62.5	 44.3	 15.7	 0.134	13.320	 4.690
  540.7	 40.3	 48.7	 26.0	 18.5	 19.3	 62.5	 44.3	 15.7	 0.131	13.341	 4.690
  541.5	 40.4	 48.7	 26.0	 18.5	 19.3	 62.5	 44.3	 15.7	 0.140	13.382	 4.690
  542.3	 40.3	 48.7	 25.6	 18.5	 19.3	 62.6	 44.3	 15.8	 0.130	13.382	 4.690
  543.0	 40.3	 48.7	 25.8	 18.5	 19.3	 62.6	 44.3	 15.8	 0.137	13.443	 4.670
  543.8	 40.3	 48.7	 25.9	 18.5	 19.3	 62.6	 44.3	 15.8	 0.142	13.463	 4.690
  544.6	 40.3	 48.7	 25.9	 18.5	 19.3	 62.6	 44.3	 15.8	 0.135	13.423	 4.690
  545.3	 40.4	 48.7	 25.6	 18.5	 19.3	 62.6	 44.3	 15.8	 0.136	13.361	 4.670
  546.1	 40.4	 48.7	 25.4	 18.5	 19.3	 62.6	 44.4	 15.8	 0.136	13.320	 4.690
  546.9	 40.4	 48.7	 25.9	 18.5	 19.2	 62.7	 44.4	 15.8	 0.138	13.341	 4.670
  547.6	 40.4	 48.8	 26.0	 18.5	 19.2	 62.6	 44.3	 15.8	 0.138	13.361	 4.690
  548.4	 40.4	 48.7	 25.8	 18.5	 19.2	 62.7	 44.4	 15.8	 0.143	13.382	 4.690
  549.2	 40.4	 48.7	 25.8	 18.5	 19.2	 62.7	 44.4	 15.8	 0.135	13.423	 4.690
  549.9	 40.4	 48.7	 25.9	 18.4	 19.2	 62.7	 44.4	 15.8	 0.134	13.463	 4.711
  550.7	 40.4	 48.8	 25.9	 18.5	 19.2	 62.7	 44.4	 15.8	 0.139	13.484	 4.690
  551.5	 40.4	 48.8	 25.8	 18.5	 19.2	 62.7	 44.4	 15.8	 0.137	13.443	 4.813
  552.2	 40.4	 48.8	 25.8	 18.5	 19.2	 62.7	 44.4	 15.8	 0.140	13.504	 4.690
  553.0	 40.4	 48.8	 25.8	 18.5	 19.2	 62.7	 44.4	 15.8	 0.134	13.361	 4.711
  553.8	 40.4	 48.8	 25.7	 18.5	 19.2	 62.7	 44.4	 15.8	 0.139	13.341	 4.690
  554.5	 40.4	 48.8	 25.8	 18.5	 19.2	 62.7	 44.4	 15.9	 0.135	13.382	 4.854
  555.3	 40.4	 48.8	 25.8	 18.5	 19.2	 62.7	 44.4	 15.9	 0.138	13.402	 4.690
  556.1	 40.4	 48.8	 25.8	 18.5	 19.2	 62.8	 44.4	 15.9	 0.139	13.443	 4.711
  556.9	 40.4	 48.8	 25.9	 18.5	 19.2	 62.8	 44.4	 15.9	 0.134	13.504	 4.711
  557.6	 40.4	 48.8	 25.7	 18.5	 19.2	 62.8	 44.4	 15.9	 0.136	13.443	 4.711
  558.4	 40.4	 48.8	 26.0	 18.5	 19.2	 62.8	 44.4	 15.9	 0.137	13.382	 4.711
  559.2	 40.4	 48.8	 26.1	 18.5	 19.2	 62.8	 44.4	 15.9	 0.140	13.341	 4.711
  559.9	 40.4	 48.8	 26.1	 18.5	 19.2	 62.8	 44.4	 15.9	 0.136	13.382	 4.711
  560.7	 40.4	 48.8	 25.9	 18.5	 19.2	 62.8	 44.4	 15.9	 0.139	13.402	 4.711
  561.5	 40.4	 48.8	 25.8	 18.5	 19.2	 62.8	 44.4	 15.9	 0.132	13.443	 4.711
  562.2	 40.4	 48.8	 25.5	 18.5	 19.1	 62.8	 44.4	 15.9	 0.138	13.525	 4.690
  563.0	 40.4	 48.8	 25.4	 18.5	 19.1	 62.8	 44.4	 15.9	 0.141	13.504	 4.711
  563.8	 40.4	 48.8	 25.2	 18.5	 19.1	 62.8	 44.4	 15.9	 0.132	13.402	 4.711
  564.5	 40.4	 48.8	 24.9	 18.5	 19.1	 62.9	 44.4	 15.9	 0.131	13.382	 4.711
  565.3	 40.4	 48.9	 25.0	 18.5	 19.1	 62.9	 44.4	 15.9	 0.140	13.382	 4.711
  566.1	 40.4	 48.8	 25.3	 18.5	 19.1	 62.9	 44.4	 15.9	 0.131	13.402	 4.711
  566.8	 40.4	 48.8	 25.4	 18.5	 19.1	 62.9	 44.4	 15.9	 0.135	13.443	 4.711
  567.6	 40.4	 48.9	 25.5	 18.5	 19.0	 62.9	 44.4	 15.9	 0.141	13.504	 4.711
  568.4	 40.4	 48.8	 25.3	 18.5	 19.0	 62.9	 44.4	 15.9	 0.139	13.463	 4.731
  569.1	 40.4	 48.9	 25.4	 18.5	 19.0	 62.9	 44.4	 15.9	 0.140	13.382	 4.711
  569.9	 40.4	 48.8	 25.4	 18.5	 19.0	 62.8	 44.4	 15.9	 0.139	13.382	 4.711
  570.7	 40.4	 48.9	 25.7	 18.4	 19.0	 62.9	 44.4	 15.9	 0.132	13.423	 4.711
  571.5	 40.4	 48.9	 25.6	 18.4	 18.9	 62.8	 44.4	 15.9	 0.135	13.402	 4.711
  572.3	 40.4	 48.9	 25.6	 18.4	 18.9	 62.9	 44.4	 15.9	 0.134	13.525	 4.711
  573.0	 40.4	 48.9	 25.7	 18.3	 18.9	 62.9	 44.4	 15.9	 0.138	13.504	 4.711
  573.8	 40.4	 48.9	 25.6	 18.4	 18.9	 62.8	 44.4	 15.9	 0.136	13.402	 4.711
  574.6	 40.4	 48.9	 25.7	 18.6	 18.9	 62.9	 44.4	 15.9	 0.136	13.423	 4.711
  575.4	 40.4	 48.9	 25.6	 19.6	 18.8	 62.9	 44.4	 15.9	 0.131	13.402	 4.711
  576.2	 40.5	 48.9	 25.8	 19.6	 18.8	 62.9	 44.4	 15.9	 0.127	13.525	 4.731
  577.0	 40.5	 48.9	 25.4	 19.6	 18.8	 62.9	 44.4	 15.9	 0.129	13.525	 4.711
  577.8	 40.5	 48.9	 25.6	 19.7	 18.8	 62.9	 44.4	 15.9	 0.140	13.361	 4.731
  578.6	 40.5	 48.9	 25.7	 20.4	 18.8	 63.0	 44.4	 15.9	 0.141	13.443	 4.690
  579.3	 40.5	 48.9	 25.8	 21.7	 18.8	 63.0	 44.4	 15.9	 0.143	13.423	 4.731
  580.1	 40.4	 48.9	 25.7	 21.9	 18.8	 63.0	 44.4	 15.9	 0.138	13.545	 4.711
  580.9	 40.5	 48.9	 25.8	 20.2	 18.8	 63.0	 44.4	 15.9	 0.138	13.382	 4.752
  581.7	 40.5	 48.9	 25.6	 18.8	 18.7	 63.0	 44.4	 15.9	 0.138	13.484	 4.731
  582.5	 40.5	 48.9	 25.6	 18.7	 18.7	 63.0	 44.4	 15.9	 0.141	13.463	 4.731
  583.3	 40.5	 48.9	 25.7	 18.8	 18.7	 63.0	 44.4	 16.0	 0.129	13.525	 4.731
  584.1	 40.5	 49.0	 25.4	 18.8	 18.7	 63.0	 44.4	 16.0	 0.136	13.566	 4.731
  584.8	 40.5	 49.0	 25.2	 18.8	 18.7	 63.1	 44.4	 16.0	 0.128	13.402	 4.711
  585.6	 40.5	 49.0	 25.2	 18.9	 18.7	 63.1	 44.5	 16.0	 0.134	13.423	 4.711
  586.4	 40.5	 49.0	 25.4	 18.9	 18.7	 63.1	 44.5	 16.0	 0.137	13.443	 4.711
  587.2	 40.5	 49.0	 25.7	 18.9	 18.7	 63.1	 44.5	 16.0	 0.136	13.566	 4.731
  588.0	 40.5	 49.0	 25.7	 18.9	 18.7	 63.1	 44.5	 16.0	 0.136	13.566	 4.731
  588.8	 40.5	 49.0	 25.7	 19.0	 18.7	 63.1	 44.5	 16.0	 0.136	13.382	 4.731
  589.6	 40.5	 49.0	 25.5	 19.0	 18.7	 63.1	 44.5	 16.0	 0.134	13.545	 4.752
  590.3	 40.5	 49.0	 25.5	 19.0	 18.6	 63.1	 44.5	 16.0	 0.137	13.423	 4.731
  591.1	 40.5	 49.0	 25.5	 19.1	 18.7	 63.1	 44.5	 16.0	 0.135	13.484	 4.874
  591.9	 40.5	 49.0	 25.5	 19.1	 18.6	 63.1	 44.5	 16.0	 0.135	13.586	 4.731
  592.7	 40.5	 49.0	 25.7	 19.0	 18.6	 63.1	 44.5	 16.0	 0.133	13.443	 4.731
  593.5	 40.5	 49.0	 25.6	 19.0	 18.6	 63.1	 44.5	 16.0	 0.139	13.566	 4.731
  594.2	 40.5	 49.0	 25.8	 19.0	 18.6	 63.1	 44.5	 16.0	 0.137	13.525	 4.711
  595.0	 40.5	 49.0	 25.8	 19.0	 18.6	 63.1	 44.5	 16.0	 0.136	13.525	 4.731
  595.8	 40.5	 49.0	 25.4	 19.0	 18.6	 63.1	 44.5	 16.0	 0.139	13.545	 4.711
  596.6	 40.5	 49.0	 25.3	 19.1	 18.6	 63.1	 44.5	 16.0	 0.143	13.443	 4.731
  597.4	 40.5	 49.0	 25.5	 19.1	 18.6	 63.1	 44.5	 16.0	 0.134	13.566	 4.731
  598.1	 40.5	 49.0	 26.0	 19.1	 18.6	 63.2	 44.5	 16.1	 0.133	13.504	 4.731
  598.9	 40.5	 49.0	 25.9	 19.1	 18.6	 63.2	 44.6	 16.1	 0.137	13.443	 4.731
  599.6	 40.6	 49.0	 25.8	 19.1	 18.6	 63.2	 44.6	 16.1	 0.138	13.484	 4.731
  600.4	 40.6	 49.0	 25.9	 19.2	 18.6	 63.2	 44.6	 16.1	 0.127	13.463	 4.711
  601.2	 40.6	 49.0	 26.1	 19.2	 18.6	 63.2	 44.6	 16.1	 0.136	13.484	 4.731
  601.9	 40.6	 49.0	 26.4	 19.1	 18.6	 63.2	 44.6	 16.1	 0.140	13.463	 4.731
  602.7	 40.6	 49.1	 26.2	 19.2	 18.6	 63.2	 44.6	 16.1	 0.136	13.484	 4.731
  603.5	 40.6	 49.1	 25.6	 19.3	 18.6	 63.3	 44.6	 16.1	 0.139	13.504	 4.731
  604.2	 40.6	 49.1	 25.7	 19.3	 18.5	 63.3	 44.6	 16.2	 0.137	13.484	 4.731
  605.0	 40.6	 49.0	 25.6	 19.3	 18.5	 63.3	 44.6	 16.2	 0.137	13.443	 4.731
  605.7	 40.6	 49.0	 25.9	 19.3	 18.5	 63.3	 44.6	 16.2	 0.122	13.463	 4.711
  606.5	 40.6	 49.1	 25.9	 19.2	 18.5	 63.3	 44.6	 16.2	 0.132	13.504	 4.731
  607.2	 40.6	 49.1	 25.9	 19.2	 18.5	 63.3	 44.6	 16.2	 0.140	13.504	 4.711
  608.0	 40.6	 49.1	 25.8	 19.2	 18.5	 63.3	 44.6	 16.2	 0.141	13.463	 4.711
  608.7	 40.6	 49.1	 25.9	 19.2	 18.5	 63.3	 44.6	 16.2	 0.141	13.463	 4.711
  609.5	 40.6	 49.1	 25.8	 19.2	 18.4	 63.3	 44.6	 16.2	 0.140	13.504	 4.711
  610.3	 40.6	 49.1	 25.9	 19.2	 18.5	 63.4	 44.7	 16.2	 0.137	13.545	 4.731
  611.0	 40.6	 49.0	 26.1	 19.2	 18.4	 63.4	 44.6	 16.2	 0.133	13.484	 4.731
  611.8	 40.6	 49.0	 25.9	 19.1	 18.4	 63.4	 44.6	 16.2	 0.141	13.463	 4.731
  612.5	 40.6	 49.1	 26.1	 19.2	 18.4	 63.4	 44.7	 16.2	 0.139	13.607	 4.731
  613.3	 40.6	 49.1	 26.2	 19.2	 18.4	 63.4	 44.6	 16.2	 0.138	13.484	 4.731
  614.1	 40.6	 49.1	 25.6	 19.2	 18.4	 63.4	 44.7	 16.2	 0.133	13.545	 4.731
  614.8	 40.6	 49.1	 25.7	 19.2	 18.4	 63.4	 44.7	 16.2	 0.131	13.484	 4.731
  615.6	 40.6	 49.1	 25.7	 19.2	 18.4	 63.4	 44.7	 16.2	 0.135	13.484	 4.731
  616.3	 40.6	 49.1	 25.5	 19.3	 18.4	 63.4	 44.7	 16.2	 0.134	13.525	 4.731
  617.1	 40.6	 49.1	 25.4	 19.2	 18.3	 63.4	 44.7	 16.2	 0.139	13.463	 4.731
  617.9	 40.6	 49.1	 25.6	 19.2	 18.3	 63.4	 44.6	 16.2	 0.131	13.586	 4.731
  618.6	 40.6	 49.1	 26.0	 19.2	 18.3	 63.4	 44.7	 16.2	 0.144	13.463	 4.731
  619.4	 40.6	 49.1	 26.1	 19.2	 18.3	 63.4	 44.7	 16.2	 0.138	13.586	 4.711
  620.1	 40.6	 49.1	 26.1	 19.1	 18.3	 63.4	 44.7	 16.2	 0.139	13.484	 4.731
  620.9	 40.6	 49.1	 25.7	 19.1	 18.3	 63.5	 44.7	 16.2	 0.135	13.566	 4.731
  621.7	 40.6	 49.0	 25.8	 19.1	 18.3	 63.5	 44.7	 16.2	 0.140	13.484	 4.731
  622.4	 40.6	 49.1	 25.8	 19.0	 18.2	 63.5	 44.7	 16.2	 0.138	13.463	 4.711
  623.2	 40.6	 49.0	 26.0	 19.0	 18.2	 63.5	 44.7	 16.3	 0.136	13.484	 4.711
  623.9	 40.6	 49.1	 25.9	 19.0	 18.1	 63.5	 44.7	 16.3	 0.136	13.586	 4.690
  624.7	 40.6	 49.1	 25.6	 19.0	 18.1	 63.5	 44.7	 16.2	 0.138	13.586	 4.670
  625.4	 40.6	 49.1	 25.5	 19.0	 18.1	 63.6	 44.7	 16.3	 0.134	13.586	 4.690
  626.2	 40.6	 49.1	 25.7	 19.1	 17.9	 63.5	 44.7	 16.3	 0.141	13.443	 4.711
  627.0	 40.6	 49.1	 25.4	 19.0	 17.9	 63.5	 44.7	 16.3	 0.140	13.443	 4.690
  627.7	 40.6	 49.0	 25.4	 19.1	 17.8	 63.5	 44.7	 16.2	 0.136	13.586	 4.690
  628.5	 40.6	 49.1	 25.4	 19.0	 17.8	 63.6	 44.7	 16.3	 0.138	13.566	 4.690
  629.2	 40.6	 49.1	 25.6	 18.9	 17.8	 63.6	 44.7	 16.2	 0.134	13.545	 4.711
  630.0	 40.6	 49.1	 25.6	 19.0	 17.6	 63.6	 44.7	 16.2	 0.133	13.423	 4.711
  630.7	 40.6	 49.0	 25.6	 19.0	 17.6	 63.6	 44.7	 16.2	 0.137	13.443	 4.690
  631.5	 40.6	 49.1	 25.6	 19.0	 17.5	 63.6	 44.7	 16.2	 0.135	13.586	 4.690
  632.2	 40.6	 49.1	 25.7	 19.0	 17.5	 63.6	 44.7	 16.2	 0.139	13.463	 4.690
  633.0	 40.6	 49.1	 25.7	 19.0	 17.5	 63.6	 44.7	 16.2	 0.139	13.443	 4.690
  633.8	 40.6	 49.1	 25.6	 19.0	 17.3	 63.6	 44.7	 16.2	 0.139	13.443	 4.690
  634.5	 40.6	 49.0	 25.6	 19.1	 17.3	 63.5	 44.7	 16.2	 0.138	13.566	 4.690
  635.3	 40.6	 49.1	 25.5	 19.1	 17.2	 63.5	 44.7	 16.2	 0.137	13.566	 4.690
  636.0	 40.6	 49.1	 25.3	 19.2	 17.2	 63.5	 44.7	 16.2	 0.138	13.463	 4.711
  636.8	 40.6	 49.1	 25.1	 19.2	 17.2	 63.5	 44.7	 16.2	 0.138	13.607	 4.711
  637.5	 40.6	 49.1	 25.3	 19.2	 17.1	 63.5	 44.8	 16.2	 0.142	13.627	 4.711
  638.3	 40.7	 49.1	 25.2	 19.2	 17.0	 63.6	 44.7	 16.3	 0.136	13.484	 4.711
  639.0	 40.6	 49.1	 25.1	 19.3	 17.0	 63.6	 44.8	 16.3	 0.130	13.484	 4.731
  639.8	 40.7	 49.1	 25.2	 19.2	 17.0	 63.6	 44.8	 16.3	 0.135	13.607	 4.711
  640.6	 40.6	 49.1	 25.1	 19.2	 16.9	 63.6	 44.8	 16.3	 0.140	13.504	 4.711
  641.3	 40.7	 49.1	 25.4	 19.2	 16.9	 63.6	 44.8	 16.3	 0.139	13.504	 4.731
  642.1	 40.7	 49.1	 25.4	 19.1	 16.9	 63.6	 44.8	 16.2	 0.134	13.504	 4.731
  642.8	 40.7	 49.1	 25.2	 19.1	 16.9	 63.5	 44.8	 16.3	 0.136	13.607	 4.711
  643.6	 40.7	 49.1	 25.1	 19.1	 16.8	 63.6	 44.8	 16.2	 0.132	13.627	 4.731
  644.3	 40.6	 49.1	 25.2	 19.1	 16.8	 63.6	 44.8	 16.2	 0.139	13.504	 4.711
  645.1	 40.7	 49.1	 25.3	 19.1	 16.8	 63.5	 44.8	 16.2	 0.128	13.525	 4.690
  645.8	 40.7	 49.1	 25.3	 19.1	 16.8	 63.5	 44.7	 16.2	 0.141	13.504	 4.731
  646.6	 40.7	 49.1	 25.3	 19.1	 16.7	 63.5	 44.7	 16.2	 0.139	13.648	 4.711
  647.4	 40.7	 49.1	 25.3	 19.0	 16.7	 63.5	 44.7	 16.2	 0.136	13.648	 4.711
  648.1	 40.7	 49.2	 25.1	 19.0	 16.6	 63.6	 44.7	 16.2	 0.143	13.648	 4.690
  648.9	 40.7	 49.2	 25.1	 19.0	 16.4	 63.5	 44.7	 16.2	 0.136	13.504	 4.711
  649.6	 40.7	 49.2	 25.2	 19.0	 16.3	 63.5	 44.7	 16.1	 0.135	13.525	 4.711
  650.4	 40.7	 49.2	 25.1	 19.0	 16.2	 63.6	 44.7	 16.2	 0.138	13.525	 4.711
  651.1	 40.7	 49.2	 24.9	 19.0	 16.1	 63.6	 44.6	 16.1	 0.139	13.627	 4.711
  651.9	 40.7	 49.2	 24.9	 18.9	 16.0	 63.6	 44.6	 16.1	 0.132	13.668	 4.731
  652.6	 40.7	 49.2	 24.9	 19.1	 15.8	 63.6	 44.6	 16.1	 0.140	13.545	 4.711
  653.4	 40.7	 49.2	 25.0	 19.1	 15.7	 63.6	 44.6	 16.1	 0.138	13.545	 4.731
  654.2	 40.7	 49.2	 24.9	 19.0	 15.7	 63.6	 44.6	 16.1	 0.137	13.545	 4.711
  654.9	 40.7	 49.2	 25.0	 19.0	 15.7	 63.6	 44.6	 16.1	 0.137	13.648	 4.711
  655.7	 40.7	 49.2	 24.9	 19.0	 15.7	 63.6	 44.6	 16.0	 0.131	13.688	 4.711
  656.4	 40.7	 49.2	 25.2	 18.9	 15.8	 63.6	 44.5	 16.0	 0.133	13.688	 4.711
  657.2	 40.7	 49.2	 25.3	 18.8	 15.7	 63.6	 44.5	 16.0	 0.132	13.566	 4.711
  657.9	 40.7	 49.2	 25.1	 18.8	 15.8	 63.6	 44.5	 15.9	 0.141	13.545	 4.690
  658.7	 40.7	 49.2	 25.4	 18.8	 15.8	 63.6	 44.5	 15.9	 0.137	13.525	 4.690
  659.4	 40.7	 49.2	 25.2	 18.8	 15.8	 63.6	 44.5	 15.9	 0.136	13.688	 4.690
  660.2	 40.7	 49.2	 25.1	 18.8	 15.9	 63.6	 44.5	 15.9	 0.136	13.668	 4.690
  661.0	 40.7	 49.2	 25.2	 18.8	 15.9	 63.6	 44.5	 15.9	 0.139	13.525	 4.670
  661.7	 40.7	 49.3	 25.2	 18.8	 15.9	 63.6	 44.5	 15.8	 0.136	13.545	 4.670
  662.5	 40.8	 49.3	 25.3	 18.9	 16.0	 63.6	 44.5	 15.8	 0.137	13.504	 4.670
  663.2	 40.8	 49.3	 25.8	 18.8	 16.0	 63.6	 44.5	 15.9	 0.133	13.668	 4.670
  664.0	 40.8	 49.3	 25.9	 18.8	 16.0	 63.7	 44.5	 15.8	 0.137	13.648	 4.670
  664.7	 40.8	 49.3	 25.7	 18.8	 16.0	 63.7	 44.5	 15.8	 0.140	13.648	 4.670
  665.5	 40.8	 49.3	 25.7	 18.9	 16.0	 63.7	 44.4	 15.8	 0.125	13.545	 4.670
  666.2	 40.8	 49.3	 25.6	 18.8	 16.0	 63.7	 44.4	 15.8	 0.136	13.525	 4.670
  667.0	 40.7	 49.3	 25.7	 18.7	 16.0	 63.7	 44.4	 15.7	 0.136	13.668	 4.752
  667.7	 40.8	 49.2	 26.0	 18.9	 16.1	 63.7	 44.4	 15.7	 0.138	13.545	 4.650
  668.5	 40.7	 49.2	 26.1	 18.9	 16.1	 63.7	 44.4	 15.7	 0.140	13.545	 4.670
  669.3	 40.7	 49.2	 25.7	 18.9	 16.1	 63.7	 44.4	 15.7	 0.132	13.668	 4.650
  670.0	 40.8	 49.2	 25.5	 18.9	 16.2	 63.8	 44.4	 15.7	 0.139	13.668	 4.650
  670.8	 40.7	 49.3	 26.1	 19.0	 16.2	 63.8	 44.4	 15.7	 0.134	13.688	 4.670
  671.5	 40.8	 49.3	 25.7	 19.0	 16.3	 63.8	 44.4	 15.7	 0.136	13.566	 4.650
  672.3	 40.8	 49.3	 25.4	 18.9	 16.3	 63.8	 44.4	 15.7	 0.134	13.545	 4.650
  673.0	 40.8	 49.2	 25.1	 18.8	 16.3	 63.8	 44.4	 15.6	 0.136	13.545	 4.650
  673.8	 40.8	 49.2	 25.0	 18.8	 16.4	 63.8	 44.4	 15.6	 0.130	13.668	 4.650
  674.5	 40.8	 49.2	 25.0	 18.8	 16.4	 63.8	 44.3	 15.6	 0.138	13.668	 4.629
  675.3	 40.8	 49.3	 25.1	 18.8	 16.5	 63.8	 44.4	 15.6	 0.137	13.668	 4.650
  676.1	 40.8	 49.3	 25.3	 18.8	 16.5	 63.8	 44.4	 15.6	 0.135	13.545	 4.650
  676.8	 40.8	 49.2	 25.6	 18.8	 16.6	 63.8	 44.4	 15.6	 0.133	13.545	 4.629
  677.6	 40.8	 49.2	 25.9	 18.9	 16.6	 63.9	 44.4	 15.6	 0.134	13.668	 4.650
  678.3	 40.8	 49.3	 26.1	 18.9	 16.7	 63.9	 44.3	 15.6	 0.135	13.668	 4.629
  679.1	 40.8	 49.2	 26.2	 18.9	 16.7	 63.9	 44.3	 15.5	 0.139	13.545	 4.650
  679.8	 40.8	 49.2	 26.3	 18.9	 16.8	 63.9	 44.3	 15.5	 0.136	13.627	 4.772
  680.6	 40.8	 49.2	 26.4	 18.8	 16.8	 63.9	 44.3	 15.5	 0.143	13.648	 4.650
  681.3	 40.8	 49.2	 26.2	 18.8	 16.9	 63.9	 44.3	 15.5	 0.140	13.668	 4.629
  682.1	 40.8	 49.2	 25.5	 18.8	 16.9	 63.9	 44.3	 15.5	 0.139	13.545	 4.629
  682.9	 40.8	 49.2	 25.4	 18.8	 17.0	 63.9	 44.3	 15.5	 0.141	13.545	 4.629
  683.6	 40.8	 49.2	 25.8	 18.8	 17.1	 63.9	 44.3	 15.5	 0.140	13.525	 4.650
  684.4	 40.8	 49.2	 25.7	 18.8	 17.1	 63.9	 44.3	 15.5	 0.138	13.668	 4.629
  685.1	 40.8	 49.2	 25.9	 18.9	 17.2	 63.9	 44.3	 15.4	 0.138	13.668	 4.629
  685.9	 40.8	 49.2	 25.7	 18.9	 17.2	 63.9	 44.3	 15.4	 0.138	13.566	 4.650
  686.6	 40.8	 49.2	 25.3	 19.0	 17.3	 64.0	 44.3	 15.4	 0.132	13.545	 4.629
  687.4	 40.8	 49.2	 25.4	 18.9	 17.3	 63.9	 44.3	 15.4	 0.132	13.525	 4.629
  688.1	 40.8	 49.2	 25.9	 18.7	 17.3	 64.0	 44.3	 15.4	 0.138	13.648	 4.629
  688.9	 40.8	 49.2	 25.9	 18.8	 17.4	 64.0	 44.3	 15.4	 0.127	13.668	 4.609
  689.7	 40.8	 49.2	 25.7	 18.7	 17.4	 64.0	 44.3	 15.3	 0.129	13.566	 4.609
  690.4	 40.8	 49.2	 25.8	 18.8	 17.5	 64.0	 44.3	 15.3	 0.136	13.586	 4.609
  691.3	 40.8	 49.2	 25.9	 18.8	 17.6	 64.0	 44.3	 15.3	 0.131	13.545	 4.609
  692.1	 40.8	 49.2	 26.0	 18.8	 17.6	 64.0	 44.3	 15.3	 0.131	13.648	 4.609
  692.9	 40.8	 49.2	 26.3	 18.8	 17.7	 64.1	 44.3	 15.3	 0.132	13.504	 4.609
  693.7	 40.8	 49.2	 26.2	 18.8	 17.7	 64.1	 44.3	 15.3	 0.133	13.545	 4.629
  694.4	 40.8	 49.2	 26.2	 18.8	 17.7	 64.1	 44.3	 15.3	 0.133	13.525	 4.609
  695.2	 40.8	 49.2	 25.7	 18.7	 17.8	 64.1	 44.3	 15.2	 0.139	13.504	 4.609
  696.0	 40.8	 49.2	 25.4	 18.7	 17.8	 64.1	 44.3	 15.2	 0.132	13.586	 4.609
  696.8	 40.8	 49.2	 25.3	 18.8	 17.9	 64.1	 44.3	 15.2	 0.141	13.525	 4.609
  697.6	 40.8	 49.2	 25.2	 18.8	 17.9	 64.1	 44.3	 15.2	 0.135	13.504	 4.609
  698.3	 40.8	 49.2	 25.5	 18.8	 17.9	 64.1	 44.3	 15.2	 0.135	13.607	 4.731
  699.1	 40.8	 49.2	 25.7	 18.7	 17.9	 64.1	 44.3	 15.2	 0.129	13.627	 4.609
  699.9	 40.8	 49.2	 25.4	 18.7	 18.0	 64.1	 44.4	 15.2	 0.139	13.545	 4.609
  700.7	 40.8	 49.2	 25.3	 18.6	 18.0	 64.1	 44.3	 15.1	 0.135	13.627	 4.609
  701.4	 40.8	 49.2	 25.2	 18.5	 18.1	 64.2	 44.4	 15.1	 0.141	13.525	 4.588
  702.2	 40.8	 49.2	 25.4	 18.6	 18.1	 64.2	 44.3	 15.1	 0.133	13.586	 4.588
  703.0	 40.8	 49.2	 25.6	 18.6	 18.2	 64.3	 44.4	 15.2	 0.130	13.648	 4.588
  703.7	 40.8	 49.2	 25.5	 18.5	 18.2	 64.3	 44.4	 15.1	 0.132	13.525	 4.588
  704.5	 40.8	 49.2	 25.7	 18.5	 18.2	 64.3	 44.4	 15.2	 0.138	13.586	 4.609
  705.3	 40.8	 49.2	 25.7	 18.4	 18.3	 64.3	 44.4	 15.1	 0.123	13.648	 4.588
  706.0	 40.8	 49.2	 25.7	 18.5	 18.3	 64.3	 44.4	 15.1	 0.134	13.545	 4.609
  706.8	 40.8	 49.2	 25.8	 18.5	 18.4	 64.3	 44.4	 15.2	 0.133	13.566	 4.609
  707.6	 40.9	 49.2	 25.4	 18.6	 18.4	 64.3	 44.5	 15.2	 0.133	13.627	 4.609
  708.3	 40.9	 49.2	 25.7	 18.6	 18.4	 64.4	 44.4	 15.2	 0.140	13.504	 4.609
  709.1	 40.9	 49.2	 25.5	 18.5	 18.4	 64.4	 44.4	 15.1	 0.138	13.566	 4.609
  709.8	 40.9	 49.2	 25.3	 18.5	 18.5	 64.4	 44.5	 15.1	 0.138	13.484	 4.609
  710.6	 40.9	 49.2	 25.3	 18.6	 18.5	 64.4	 44.5	 15.2	 0.135	13.648	 4.588
  711.4	 40.9	 49.2	 25.3	 18.6	 18.5	 64.4	 44.5	 15.1	 0.137	13.566	 4.609
  712.1	 40.9	 49.2	 25.2	 18.6	 18.5	 64.4	 44.5	 15.2	 0.135	13.484	 4.609
  712.9	 40.9	 49.2	 25.6	 18.7	 18.6	 64.4	 44.5	 15.1	 0.134	13.648	 4.609
  713.7	 40.9	 49.2	 26.0	 18.7	 18.6	 64.4	 44.5	 15.1	 0.137	13.545	 4.609
  714.4	 40.9	 49.2	 25.8	 18.6	 18.6	 64.4	 44.5	 15.1	 0.139	13.566	 4.588
  715.2	 40.9	 49.2	 25.7	 18.5	 18.6	 64.5	 44.5	 15.2	 0.137	13.627	 4.609
  716.0	 40.9	 49.2	 25.6	 18.6	 18.6	 64.5	 44.5	 15.2	 0.130	13.586	 4.609
  716.7	 40.9	 49.2	 26.1	 18.7	 18.7	 64.5	 44.5	 15.1	 0.135	13.545	 4.588
  717.5	 40.9	 49.2	 26.0	 18.6	 18.7	 64.5	 44.6	 15.2	 0.132	13.463	 4.609
  718.3	 40.9	 49.2	 25.8	 18.6	 18.7	 64.5	 44.6	 15.2	 0.132	13.525	 4.609
  719.0	 40.9	 49.2	 25.6	 18.6	 18.7	 64.6	 44.6	 15.2	 0.142	13.586	 4.609
  719.8	 40.9	 49.3	 26.0	 18.7	 18.8	 64.6	 44.6	 15.2	 0.135	13.484	 4.609
  720.5	 40.9	 49.3	 25.9	 18.7	 18.8	 64.6	 44.6	 15.2	 0.135	13.586	 4.588
  721.3	 40.9	 49.3	 25.9	 18.7	 18.8	 64.6	 44.6	 15.2	 0.125	13.627	 4.609
  722.1	 40.9	 49.2	 25.8	 18.7	 18.8	 64.7	 44.7	 15.2	 0.134	13.484	 4.609
  722.8	 40.9	 49.2	 26.1	 18.7	 18.9	 64.7	 44.7	 15.2	 0.129	13.504	 4.609
  723.6	 40.9	 49.2	 25.7	 18.7	 18.9	 64.7	 44.7	 15.2	 0.136	13.525	 4.609
  724.4	 40.9	 49.2	 25.3	 18.7	 18.9	 64.7	 44.7	 15.2	 0.131	13.607	 4.609
  725.1	 40.9	 49.3	 25.1	 18.7	 18.9	 64.7	 44.8	 15.3	 0.137	13.484	 4.609
  725.9	 40.9	 49.2	 25.1	 18.7	 18.9	 64.7	 44.8	 15.3	 0.140	13.525	 4.609
  726.7	 40.9	 49.2	 25.1	 18.7	 19.0	 64.7	 44.8	 15.3	 0.134	13.586	 4.609
  727.4	 41.0	 49.3	 25.3	 18.7	 19.0	 64.7	 44.8	 15.3	 0.136	13.648	 4.609
  728.2	 40.9	 49.3	 25.1	 18.6	 19.0	 64.7	 44.8	 15.3	 0.129	13.525	 4.609
  729.0	 40.9	 49.3	 25.0	 18.7	 19.0	 64.7	 44.8	 15.3	 0.139	13.586	 4.609
  729.7	 40.9	 49.3	 25.0	 18.7	 19.0	 64.7	 44.8	 15.3	 0.126	13.648	 4.609
  730.5	 40.9	 49.3	 25.1	 18.7	 19.0	 64.7	 44.8	 15.3	 0.140	13.525	 4.629
  731.3	 40.9	 49.3	 25.1	 18.7	 19.0	 64.8	 44.8	 15.3	 0.138	13.566	 4.629
  732.0	 40.9	 49.3	 24.9	 18.8	 19.0	 64.8	 44.8	 15.3	 0.130	13.463	 4.629
  732.8	 40.9	 49.3	 24.9	 18.8	 19.1	 64.8	 44.9	 15.3	 0.130	13.668	 4.629
  733.5	 41.0	 49.3	 25.1	 18.9	 19.1	 64.8	 44.9	 15.3	 0.135	13.648	 4.629
  734.3	 41.0	 49.3	 25.2	 18.9	 19.1	 64.8	 44.9	 15.3	 0.136	13.627	 4.629
  735.1	 40.9	 49.3	 25.4	 18.9	 19.1	 64.8	 44.9	 15.4	 0.139	13.525	 4.650
  735.8	 41.0	 49.3	 25.5	 18.9	 19.1	 64.8	 44.9	 15.4	 0.138	13.525	 4.629
  736.6	 40.9	 49.3	 25.5	 18.8	 19.1	 64.8	 44.9	 15.4	 0.133	13.607	 4.629
  737.3	 40.9	 49.3	 25.7	 18.8	 19.1	 64.8	 44.9	 15.4	 0.136	13.627	 4.650
  738.1	 40.9	 49.3	 25.9	 18.9	 19.1	 64.8	 44.9	 15.4	 0.131	13.648	 4.650
  738.8	 41.0	 49.3	 26.1	 18.9	 19.1	 64.8	 44.9	 15.4	 0.135	13.545	 4.650
  739.6	 40.9	 49.2	 26.1	 18.9	 19.1	 64.8	 44.9	 15.4	 0.135	13.545	 4.650
  740.3	 40.9	 49.3	 26.3	 19.0	 19.2	 64.8	 44.9	 15.4	 0.136	13.545	 4.650
  741.1	 40.9	 49.3	 26.2	 19.0	 19.2	 64.8	 44.9	 15.4	 0.131	13.627	 4.650
  741.9	 40.9	 49.3	 26.3	 19.0	 19.2	 64.8	 44.9	 15.5	 0.138	13.545	 4.670
  742.6	 40.9	 49.3	 26.4	 19.0	 19.2	 64.9	 44.9	 15.5	 0.134	13.668	 4.670
  743.4	 40.9	 49.3	 26.2	 18.9	 19.2	 64.9	 44.9	 15.5	 0.137	13.566	 4.670
  744.2	 40.9	 49.3	 26.2	 18.9	 19.2	 64.9	 44.9	 15.5	 0.135	13.709	 4.670
  744.9	 40.9	 49.3	 26.0	 18.9	 19.2	 64.9	 44.9	 15.5	 0.131	13.668	 4.670
  745.7	 40.9	 49.3	 25.7	 18.9	 19.3	 64.9	 44.9	 15.5	 0.133	13.566	 4.670
  746.4	 41.0	 49.3	 25.5	 18.9	 19.3	 64.9	 44.9	 15.5	 0.138	13.586	 4.670
  747.2	 41.0	 49.3	 25.5	 18.8	 19.3	 64.9	 44.9	 15.5	 0.139	13.545	 4.690
  748.0	 41.0	 49.3	 25.5	 18.8	 19.3	 64.9	 44.9	 15.6	 0.139	13.688	 4.731
  748.7	 41.0	 49.3	 25.6	 18.8	 19.3	 64.9	 44.9	 15.6	 0.140	13.586	 4.650
  749.5	 41.0	 49.3	 25.4	 18.9	 19.3	 64.9	 44.9	 15.6	 0.138	13.545	 4.690
  750.3	 41.0	 49.4	 25.5	 18.8	 19.3	 64.9	 44.9	 15.6	 0.130	13.607	 4.670
  751.1	 40.9	 49.3	 25.4	 18.8	 19.3	 65.0	 45.0	 15.6	 0.137	13.709	 4.670
  751.8	 41.0	 49.3	 25.6	 18.8	 19.3	 65.0	 44.9	 15.6	 0.134	13.586	 4.690
  752.6	 41.0	 49.3	 25.2	 18.7	 19.3	 64.9	 44.9	 15.6	 0.141	13.545	 4.670
  753.4	 41.0	 49.3	 25.0	 18.8	 19.3	 65.0	 44.9	 15.6	 0.140	13.586	 4.752
  754.2	 41.0	 49.4	 24.8	 18.8	 19.3	 64.9	 45.0	 15.6	 0.138	13.525	 4.670
  755.0	 41.0	 49.3	 24.9	 18.9	 19.3	 65.0	 44.9	 15.6	 0.135	13.545	 4.670
  755.7	 41.0	 49.4	 24.9	 18.9	 19.3	 65.0	 44.9	 15.6	 0.137	13.607	 4.670
  756.5	 41.0	 49.4	 24.9	 18.8	 19.3	 64.9	 44.9	 15.6	 0.140	13.586	 4.670
  757.3	 41.0	 49.4	 24.9	 18.9	 19.3	 65.0	 44.9	 15.6	 0.132	13.545	 4.670
  758.1	 41.0	 49.4	 25.0	 19.0	 19.3	 65.0	 44.9	 15.6	 0.129	13.648	 4.670
  758.8	 41.0	 49.4	 25.0	 19.0	 19.3	 65.0	 44.9	 15.6	 0.129	13.586	 4.690
  759.6	 41.0	 49.4	 25.0	 19.1	 19.3	 65.0	 44.9	 15.6	 0.139	13.545	 4.690
  760.4	 41.0	 49.4	 24.9	 18.9	 19.3	 65.0	 44.9	 15.6	 0.133	13.648	 4.690
  761.2	 41.0	 49.4	 24.8	 18.9	 19.3	 65.0	 44.9	 15.6	 0.133	13.586	 4.690
  762.0	 41.0	 49.4	 24.8	 18.9	 19.3	 65.0	 44.9	 15.6	 0.136	13.709	 4.670
  762.7	 41.0	 49.4	 24.8	 19.0	 19.3	 65.0	 44.9	 15.6	 0.130	13.627	 4.670
  763.5	 41.0	 49.4	 24.7	 18.9	 19.3	 65.0	 44.9	 15.7	 0.139	13.607	 4.690
  764.3	 41.0	 49.4	 24.5	 19.0	 19.3	 65.0	 44.9	 15.7	 0.129	13.627	 4.670
  765.1	 41.0	 49.4	 24.4	 18.9	 19.3	 65.0	 44.9	 15.7	 0.131	13.668	 4.690
  765.9	 41.0	 49.4	 24.4	 18.9	 19.3	 65.0	 44.9	 15.7	 0.142	13.586	 4.690
  766.7	 41.0	 49.4	 24.4	 18.8	 19.3	 65.0	 44.9	 15.7	 0.135	13.709	 4.690
  767.4	 41.0	 49.4	 24.4	 18.9	 19.3	 65.0	 44.9	 15.7	 0.138	13.586	 4.690
  768.2	 41.0	 49.4	 24.2	 18.8	 19.3	 65.0	 45.0	 15.7	 0.135	13.688	 4.690
  769.0	 41.0	 49.4	 24.2	 18.9	 19.3	 65.0	 45.0	 15.7	 0.137	13.566	 4.690
  769.8	 41.0	 49.4	 24.1	 18.8	 19.3	 65.0	 44.9	 15.7	 0.132	13.627	 4.690
  770.6	 41.0	 49.4	 24.1	 18.8	 19.3	 65.0	 44.9	 15.7	 0.135	13.627	 4.690
  771.4	 41.0	 49.4	 24.3	 18.8	 19.3	 65.1	 45.0	 15.7	 0.140	13.607	 4.690
  772.1	 41.0	 49.4	 24.4	 18.8	 19.3	 65.1	 45.0	 15.7	 0.132	13.709	 4.690
  772.9	 41.0	 49.4	 24.5	 18.8	 19.3	 65.1	 45.0	 15.7	 0.139	13.586	 4.690
  773.7	 41.0	 49.4	 24.6	 18.8	 19.3	 65.1	 45.0	 15.7	 0.136	13.729	 4.690
  774.5	 41.0	 49.4	 24.7	 18.8	 19.3	 65.1	 44.9	 15.7	 0.139	13.586	 4.690
  775.3	 41.1	 49.4	 24.6	 18.8	 19.3	 65.1	 45.0	 15.7	 0.132	13.668	 4.690
  776.1	 41.1	 49.5	 24.3	 18.8	 19.2	 65.1	 45.0	 15.7	 0.139	13.586	 4.690
  776.9	 41.0	 49.4	 24.2	 18.8	 19.3	 65.1	 45.0	 15.7	 0.133	13.627	 4.690
  777.6	 41.1	 49.5	 24.2	 18.9	 19.3	 65.2	 44.9	 15.7	 0.140	13.648	 4.690
  778.4	 41.1	 49.5	 24.2	 18.8	 19.3	 65.2	 45.0	 15.8	 0.142	13.607	 4.690
  779.2	 41.1	 49.5	 24.2	 18.7	 19.2	 65.2	 45.0	 15.8	 0.131	13.750	 4.690
  780.0	 41.1	 49.5	 24.3	 18.8	 19.3	 65.2	 45.0	 15.8	 0.138	13.607	 4.690
  780.8	 41.1	 49.5	 24.5	 18.8	 19.2	 65.2	 45.0	 15.8	 0.124	13.709	 4.690
  781.6	 41.1	 49.5	 24.7	 18.8	 19.2	 65.3	 45.0	 15.8	 0.127	13.627	 4.690
  782.4	 41.1	 49.5	 24.6	 18.8	 19.2	 65.3	 45.0	 15.8	 0.140	13.607	 4.690
  783.2	 41.1	 49.5	 24.7	 18.8	 19.2	 65.3	 45.0	 15.8	 0.130	13.729	 4.690
  784.0	 41.1	 49.5	 24.7	 18.7	 19.2	 65.3	 45.0	 15.8	 0.136	13.586	 4.711
  784.8	 41.1	 49.5	 24.3	 18.7	 19.2	 65.3	 45.0	 15.8	 0.131	13.709	 4.690
  785.6	 41.1	 49.5	 24.3	 18.7	 19.2	 65.3	 45.0	 15.8	 0.135	13.607	 4.690
  786.4	 41.1	 49.5	 24.4	 18.9	 19.2	 65.3	 45.1	 15.8	 0.137	13.709	 4.711
  787.2	 41.1	 49.5	 24.4	 18.8	 19.2	 65.3	 45.1	 15.8	 0.133	13.607	 4.731
  788.1	 41.1	 49.5	 24.3	 18.9	 19.2	 65.3	 45.1	 15.8	 0.131	13.586	 4.711
  788.9	 41.1	 49.5	 24.5	 18.9	 19.2	 65.3	 45.1	 15.8	 0.134	13.627	 4.690
  789.7	 41.1	 49.5	 24.7	 19.0	 19.1	 65.3	 45.1	 15.8	 0.136	13.668	 4.690
  790.5	 41.1	 49.5	 24.9	 18.9	 19.1	 65.4	 45.1	 15.8	 0.130	13.566	 4.690
  791.3	 41.1	 49.5	 24.8	 18.9	 19.1	 65.4	 45.1	 15.9	 0.135	13.668	 4.711
  792.1	 41.1	 49.5	 24.5	 18.9	 19.1	 65.4	 45.1	 15.9	 0.134	13.627	 4.711
  792.9	 41.1	 49.5	 24.2	 18.9	 19.1	 65.4	 45.1	 15.9	 0.138	13.709	 4.711
  793.8	 41.1	 49.5	 24.2	 18.8	 19.1	 65.4	 45.1	 15.9	 0.127	13.586	 4.711
  794.6	 41.1	 49.5	 24.5	 18.8	 19.1	 65.4	 45.1	 15.9	 0.138	13.627	 4.711
  795.4	 41.1	 49.5	 24.4	 18.9	 19.1	 65.4	 45.1	 15.9	 0.135	13.668	 4.711
  796.2	 41.1	 49.5	 24.3	 18.8	 19.0	 65.4	 45.1	 15.9	 0.136	13.688	 4.711
  797.0	 41.1	 49.5	 24.5	 18.9	 19.0	 65.4	 45.1	 15.9	 0.133	13.688	 4.711
  797.8	 41.1	 49.5	 24.6	 18.9	 19.0	 65.4	 45.1	 15.9	 0.136	13.586	 4.711
  798.6	 41.1	 49.5	 24.4	 19.0	 19.0	 65.4	 45.1	 15.9	 0.140	13.770	 4.711
  799.4	 41.1	 49.5	 24.5	 18.9	 19.0	 65.4	 45.1	 15.9	 0.134	13.607	 4.711
  800.2	 41.1	 49.5	 24.5	 18.9	 19.0	 65.4	 45.1	 15.9	 0.140	13.627	 4.711
  801.0	 41.1	 49.5	 24.3	 18.9	 19.0	 65.4	 45.1	 15.9	 0.140	13.709	 4.711
  801.8	 41.1	 49.5	 24.2	 18.9	 19.0	 65.4	 45.1	 15.9	 0.131	13.709	 4.731
  802.6	 41.1	 49.5	 24.3	 18.9	 19.0	 65.4	 45.1	 15.9	 0.136	13.607	 4.711
  803.4	 41.1	 49.5	 25.0	 18.9	 18.9	 65.4	 45.1	 15.9	 0.134	13.607	 4.731
